,40362,186427,j,rj19.1007,2453927.955891,-26.89,1.027654,0.153,91621.0,
,40363,186427,j,rj19.1008,2453927.956887,-28.12,1.110239,0.153,91431.0,
,40364,186427,j,rj19.1009,2453927.957859,-24.12,1.163455,0.153,93064.0,
,40365,186427,j,rj23.596,2453982.914433,-22.80,1.247467,0.152,90385.0,
,40366,186427,j,rj23.597,2453982.915382,-24.56,1.166279,0.152,89006.0,
,40367,186427,j,rj23.598,2453982.916447,-21.62,1.223905,0.152,89604.0,
,40368,186427,j,rj23.1044,2453983.800394,-15.57,1.279624,0.152,91455.0,
,40369,186427,j,rj23.1045,2453983.801354,-15.88,1.190212,0.152,89419.0,
,40370,186427,j,rj23.1046,2453983.802303,-13.61,1.131742,0.152,91404.0,
,40371,186427,j,rj26.925,2454085.735069,-13.21,1.353087,0.149,71859.0,
,40372,186427,j,rj26.926,2454085.737106,-15.28,1.25872,0.149,72508.0,
,40373,186427,j,rj26.927,2454085.739005,-15.32,1.295634,0.149,72120.0,
,40374,186427,j,rj43.4166,2454338.971412,20.92,1.338679,0.152,54277.0,
,40375,186427,j,rj55.1831,2454642.005903,-39.93,1.275092,0.153,45125.0,
,40376,186427,j,rj63.63,2454805.685127,-14.91,1.469039,0.152,44820.0,
,40377,186427,j,rj63.363,2454806.685671,-18.96,1.526936,0.153,44872.0,
,40378,186427,j,rj63.662,2454807.686435,-20.73,1.389899,0.153,44817.0,
,40379,186427,j,rj63.978,2454808.709977,-15.54,1.525585,0.153,46139.0,
,40380,186427,j,rj63.1279,2454809.716377,-21.22,1.547049,0.153,44281.0,
,40381,186427,j,rj63.1575,2454810.681586,-15.87,1.470931,0.153,46834.0,
,40382,186427,j,rj67.756,2454930.098414,-8.13,1.461403,0.152,44276.0,
,40383,186427,j,rj68.974,2454957.105766,0.06,1.473167,0.152,45558.0,
,40384,186427,j,rj70.204,2454984.000753,-0.27,1.376957,0.152,46288.0,
,40385,186427,j,rj70.493,2454985.078878,-1.45,1.509647,0.152,45664.0,
,40386,186427,j,rj70.792,2454986.052544,5.68,1.163669,0.152,47434.0,
,40387,186427,j,rj70.1039,2454987.020885,-0.76,1.357616,0.152,47187.0,
,40388,186427,j,rj70.1243,2454988.019991,-0.36,1.357536,0.152,46646.0,
,40389,186427,j,rj70.1452,2454989.034837,-2.92,1.351109,0.152,45490.0,
,40390,186427,j,rj71.32,2454995.124016,-1.86,1.385474,0.152,47237.0,
,40391,186427,j,rj72.134,2455014.87567,6.94,1.204478,0.152,47199.0,
,40392,186427,j,rj72.489,2455016.028322,4.94,1.20555,0.153,47619.0,
,40393,186427,j,rj72.774,2455016.879081,4.98,1.157391,0.153,46519.0,
,40394,186427,j,rj72.1077,2455019.052611,2.11,1.41081,0.153,46924.0,
,40395,186427,j,rj74.125,2455042.040669,4.83,1.494574,0.153,45766.0,
,40396,186427,j,rj74.325,2455042.996093,11.18,1.334252,0.152,47491.0,
,40397,186427,j,rj74.534,2455044.084076,11.10,1.311234,0.152,45498.0,
,40398,186427,j,rj74.708,2455045.050576,6.19,1.357156,0.151,45508.0,
,40399,186427,j,rj74.858,2455045.739042,3.01,1.481471,0.151,46898.0,
,40400,186427,j,rj75.122,2455048.933214,5.73,1.492871,0.152,47134.0,
,40401,186427,j,rj76.308,2455075.04559,11.66,1.404654,0.151,47646.0,
,40402,186427,j,rj76.477,2455075.763789,18.89,1.204258,0.153,50151.0,
,40403,186427,j,rj76.910,2455078.021969,11.87,1.269251,0.153,46946.0,
,40404,186427,j,rj76.1520,2455080.970634,11.19,1.352105,0.153,46429.0,
,40405,186427,j,rj76.1888,2455083.01586,15.38,1.378625,0.152,47932.0,
,40406,186427,j,rj78.709,2455135.841331,16.75,1.411307,0.152,46867.0,
,40407,186427,j,rj80.246,2455170.685173,21.41,1.396877,0.153,44966.0,
,40408,186427,j,rj80.762,2455172.684251,25.80,1.438855,0.153,46932.0,
,40409,186427,j,rj80.1099,2455173.688177,23.47,1.555917,0.152,45184.0,
,40410,186427,j,rj84.322,2455252.171162,41.88,1.26413,0.15,46060.0,
,40411,186427,j,rj85.218,2455256.168492,43.88,1.204026,0.152,49058.0,
,40412,186427,j,rj85.506,2455257.169382,46.18,1.258698,0.151,48055.0,
,40413,186427,j,rj86.270,2455261.165219,46.87,1.175373,0.153,46842.0,
,40414,186427,j,rj89.173,2455312.132469,51.38,1.354884,0.149,45265.0,
,40415,186427,j,rj89.391,2455313.13241,55.29,1.310812,0.152,48128.0,
,40416,186427,j,rj90.300,2455319.089659,43.37,1.49473,0.15,46119.0,
,40417,186427,j,rj90.1060,2455322.061739,40.20,1.30014,0.153,46179.0,
,40418,186427,j,rj91.174,2455343.036532,-8.59,1.354351,0.151,44732.0,
,40419,186427,j,rj91.361,2455344.121904,-13.48,1.435235,0.151,47500.0,
,40420,186427,j,rj91.519,2455344.926467,-19.22,1.421093,0.153,48156.0,
,40421,186427,j,rj92.142,2455350.961132,-28.56,1.26632,0.153,48091.0,
,40422,186427,j,rj95.70,2455400.02852,-52.21,1.16923,0.153,48115.0,
,40423,186427,j,rj95.1128,2455404.95574,-50.32,1.396446,0.152,47251.0,
,40424,186427,j,rj97.1504,2455433.04373,-40.97,1.360168,0.152,47333.0,
,40425,186427,j,rj107.68,2455526.680253,-26.87,1.357664,0.15,46321.0,
,40426,186427,j,rj116.222,2455634.145977,-9.65,1.295678,0.154,47484.0,
,40427,186427,j,rj116.223,2455634.146741,-14.67,1.207695,0.154,48609.0,
,40428,186427,j,rj116.224,2455634.147493,-15.43,1.18018,0.153,47288.0,
,40429,186427,j,rj116.683,2455636.158618,-11.28,1.148714,0.153,47441.0,
,40430,186427,j,rj116.684,2455636.159394,-12.15,1.167701,0.155,48347.0,
,40431,186427,j,rj116.685,2455636.160146,-12.44,1.142273,0.154,46270.0,
,40432,186427,j,rj116.1007,2455637.135616,-8.31,1.264065,0.154,47967.0,
,40433,186427,j,rj116.1008,2455637.136496,-13.04,1.178029,0.155,48711.0,
,40434,186427,j,rj116.1009,2455637.137364,-15.98,1.096999,0.154,48575.0,
,40435,186427,j,rj117.650,2455669.143788,-11.16,1.253047,0.153,46432.0,
,40436,186427,j,rj117.651,2455669.144633,-6.62,1.234188,0.153,47020.0,
,40437,186427,j,rj117.652,2455669.145594,-9.77,1.302801,0.152,44921.0,
,40438,186427,j,rj118.158,2455671.135321,-14.64,1.281378,0.152,46890.0,
,40439,186427,j,rj118.159,2455671.136108,-13.46,1.335936,0.152,46961.0,
,40440,186427,j,rj118.160,2455671.136884,-9.83,1.223998,0.151,45924.0,
,40441,186427,j,rj120.1139,2455708.072196,-7.13,1.364674,0.152,48027.0,
,40442,186427,j,rj120.1140,2455708.073087,-6.74,1.3814,0.152,45943.0,
,40443,186427,j,rj120.1141,2455708.074082,-6.83,1.443405,0.153,46722.0,
,40444,186427,j,rj122.791,2455729.114326,-7.84,1.332811,0.153,46090.0,
,40445,186427,j,rj123.302,2455731.92797,-4.58,1.265587,0.153,46518.0,
,40446,186427,j,rj876.137,2455750.903101,-3.86,1.132977,0.1535,74766.0,
,40447,186427,j,rj876.138,2455750.904964,-3.32,1.140316,0.1537,74710.0,
,40448,186427,j,rj876.139,2455750.906458,-4.23,1.146031,0.1533,73608.0,
,40449,186427,j,rj876.141,2455750.918043,-7.14,1.151094,0.1531,75589.0,
,40450,186427,j,rj876.142,2455750.920011,-5.38,1.114521,0.1537,75515.0,
,40451,186427,j,rj129.61,2455781.729983,1.75,1.304702,0.152,47439.0,
,40452,186427,j,rj129.277,2455782.828192,-2.06,1.411189,0.153,47016.0,
,40453,186427,j,rj130.71,2455785.996404,0.05,1.746565,0.153,24864.0,
,40454,186427,j,rj130.262,2455787.727689,6.92,1.493663,0.152,47408.0,
,40455,186427,j,rj130.461,2455788.726091,4.26,1.289442,0.153,48230.0,
,40456,186427,j,rj130.863,2455790.723623,4.21,1.329978,0.152,46482.0,
,40457,186427,j,rj130.1057,2455791.725102,5.74,1.350294,0.152,47051.0,
,40458,186427,j,rj130.1868,2455795.797032,2.54,1.372904,0.151,44789.0,
,40459,186427,j,rj131.65,2455806.724004,1.01,1.388111,0.153,48229.0,
,40460,186427,j,rj131.264,2455807.71831,2.36,1.362799,0.149,45394.0,
,40461,186427,j,rj131.883,2455810.718469,8.83,1.275994,0.153,48668.0,
,40462,186427,j,rj878.145,2455825.852037,2.53,1.299331,0.1537,75723.0,
,40463,186427,j,rj878.146,2455825.85301,4.97,1.334166,0.1537,74924.0,
,40464,186427,j,rj878.147,2455825.85397,5.06,1.345599,0.1533,74418.0,
,40465,186427,j,rj878.148,2455825.854942,1.15,1.28432,0.1534,75253.0,
,40466,186427,j,rj880.145,2455840.82674,3.82,1.385415,0.1532,75112.0,
,40467,186427,j,rj880.146,2455840.827758,4.71,1.440979,0.1536,73727.0,
,40468,186427,j,rj880.147,2455840.828858,5.98,1.341449,0.1535,74004.0,
,40469,186427,j,rj880.148,2455840.829934,4.85,1.383283,0.1543,75837.0,
,40470,186427,j,rj138.73,2455901.680516,10.87,1.308752,0.152,46938.0,
,40471,186427,j,rj138.531,2455903.679421,16.61,1.475204,0.152,48393.0,
,40472,186427,j,rj146.728,2455995.16299,34.39,1.554675,0.151,45518.0,
,40473,186427,j,rj146.729,2455995.163788,33.94,1.342029,0.151,46665.0,
,40474,186427,j,rj146.730,2455995.164564,29.60,1.38135,0.151,48235.0,
,40475,186427,j,rj148.180,2456019.155912,34.40,1.417485,0.132,45153.0,
,40476,186427,j,rj148.181,2456019.157,40.24,1.400228,0.134,45629.0,
,40477,186427,j,rj148.182,2456019.157914,33.58,1.385763,0.133,42996.0,
,40478,186427,j,rj148.413,2456020.154654,37.95,1.22162,0.151,46412.0,
,40479,186427,j,rj148.414,2456020.155406,37.29,1.200355,0.151,47689.0,
,40480,186427,j,rj148.415,2456020.156147,36.58,1.186496,0.151,46236.0,
,40481,186427,j,rj889.219,2456025.109144,32.75,1.212927,0.1533,74462.0,
,40482,186427,j,rj149.207,2456028.146004,41.60,1.165714,0.152,46973.0,
,40483,186427,j,rj149.208,2456028.146779,36.65,1.193872,0.153,48646.0,
,40484,186427,j,rj149.209,2456028.147531,38.31,1.22167,0.152,47181.0,
,40485,186427,j,rj150.155,2456074.128843,50.15,1.439897,0.126,45794.0,
,40486,186427,j,rj150.156,2456074.12978,49.37,1.404438,0.136,45658.0,
,40487,186427,j,rj150.157,2456074.13066,50.26,1.325398,0.148,46591.0,
,40488,186427,j,rj150.554,2456076.128828,53.42,1.321801,0.15,46620.0,
,40489,186427,j,rj150.555,2456076.129685,55.99,1.276893,0.147,45468.0,
,40490,186427,j,rj150.556,2456076.131236,50.55,1.285299,0.148,45518.0,
,40491,186427,j,rj152.1387,2456105.130007,50.94,1.265295,0.14,45200.0,
,40492,186427,j,rj152.1388,2456105.130898,53.21,1.293787,0.148,45696.0,
,40493,186427,j,rj152.1389,2456105.131778,55.74,1.232104,0.144,45158.0,
,40494,186427,j,rj153.125,2456110.132672,56.46,1.254695,0.152,47885.0,
,40495,186427,j,rj153.126,2456110.133436,58.16,1.224215,0.151,46456.0,
,40496,186427,j,rj153.127,2456110.1342,49.28,1.211956,0.151,47221.0,
,40497,186427,j,rj153.335,2456111.13222,50.36,1.246984,0.149,47984.0,
,40498,186427,j,rj153.336,2456111.133088,53.22,1.368725,0.149,45956.0,
,40499,186427,j,rj153.337,2456111.13391,52.24,1.277835,0.148,47915.0,
,40500,186427,j,rj153.508,2456112.030839,49.41,1.249172,0.154,47357.0,
,40501,186427,j,rj153.509,2456112.031614,51.94,1.285926,0.153,49038.0,
,40502,186427,j,rj153.510,2456112.032378,53.79,1.190842,0.154,47643.0,
,40503,186427,j,rj153.695,2456113.024159,53.75,1.107684,0.153,48536.0,
,40504,186427,j,rj153.696,2456113.024981,52.21,1.227404,0.153,46659.0,
,40505,186427,j,rj153.697,2456113.025745,54.88,1.287659,0.152,47736.0,
,40506,186427,j,rj153.880,2456113.803666,51.69,1.170962,0.153,50336.0,
,40507,186427,j,rj153.881,2456113.804453,49.57,1.070605,0.152,48408.0,
,40508,186427,j,rj153.882,2456113.805333,52.86,1.180255,0.15,50802.0,
,40509,186427,j,rj153.1105,2456114.825088,48.55,1.283367,0.151,47799.0,
,40510,186427,j,rj153.1106,2456114.826153,49.87,1.399874,0.153,48157.0,
,40511,186427,j,rj153.1107,2456114.827148,47.66,1.318222,0.152,47723.0,
,40512,186427,j,rj153.1304,2456116.012913,54.93,1.135574,0.153,47895.0,
,40513,186427,j,rj153.1305,2456116.013607,52.58,1.154948,0.154,48777.0,
,40514,186427,j,rj153.1306,2456116.014325,52.47,1.140711,0.154,48615.0,
,40515,186427,j,rj154.82,2456134.107265,9.56,1.527753,0.153,47925.0,
,40516,186427,j,rj154.83,2456134.108099,9.44,1.250152,0.152,46558.0,
,40517,186427,j,rj154.84,2456134.108909,13.42,1.315505,0.152,48147.0,
,40518,186427,j,rj154.310,2456134.936024,8.75,1.47822,0.153,48571.0,
,40519,186427,j,rj154.311,2456134.936753,10.76,1.401951,0.153,47088.0,
,40520,186427,j,rj154.312,2456134.937471,12.40,1.383367,0.153,48687.0,
,40521,186427,j,rj155.62,2456137.947163,-0.35,1.271936,0.153,50394.0,
,40522,186427,j,rj155.63,2456137.947927,0.61,1.330519,0.153,47172.0,
,40523,186427,j,rj155.64,2456137.948691,1.97,1.231352,0.153,49424.0,
,40524,186427,j,rj155.262,2456138.946616,-5.29,1.174008,0.153,47727.0,
,40525,186427,j,rj155.263,2456138.947368,-2.75,1.191421,0.153,49665.0,
,40526,186427,j,rj155.264,2456138.948109,0.14,1.308295,0.153,47681.0,
,40527,186427,j,rj155.484,2456141.058344,-9.46,1.456153,0.154,47597.0,
,40528,186427,j,rj155.485,2456141.059143,-4.79,1.359994,0.153,47941.0,
,40529,186427,j,rj155.486,2456141.059918,-7.49,1.480815,0.153,46910.0,
,40530,186427,j,rj156.95,2456144.111846,-14.10,1.532841,0.15,48283.0,
,40531,186427,j,rj156.96,2456144.112772,-15.46,1.468797,0.151,48837.0,
,40532,186427,j,rj156.97,2456144.113721,-16.47,1.549907,0.151,48914.0,
,40533,186427,j,rj156.294,2456145.047521,-19.55,1.48639,0.153,48205.0,
,40534,186427,j,rj156.295,2456145.048285,-12.68,1.495325,0.153,48501.0,
,40535,186427,j,rj156.296,2456145.049038,-13.89,1.3585,0.152,49213.0,
,40536,186427,j,rj156.661,2456146.962205,-24.42,1.311979,0.152,48029.0,
,40537,186427,j,rj156.662,2456146.962957,-19.76,1.24741,0.153,47830.0,
,40538,186427,j,rj156.663,2456146.963709,-19.95,1.310445,0.153,47236.0,
,40539,186427,j,rj156.777,2456147.764869,-26.04,1.383476,0.151,47239.0,
,40540,186427,j,rj156.778,2456147.765645,-28.24,1.23197,0.15,47841.0,
,40541,186427,j,rj156.779,2456147.766432,-26.95,1.305808,0.151,47423.0,
,40542,186427,j,rj156.1000,2456148.804536,-30.74,1.406077,0.153,47715.0,
,40543,186427,j,rj156.1001,2456148.805555,-31.88,1.26245,0.154,46585.0,
,40544,186427,j,rj156.1002,2456148.806816,-29.69,1.343669,0.152,46930.0,
,40545,186427,j,rj156.1575,2456152.073568,-27.92,1.462747,0.153,47287.0,
,40546,186427,j,rj156.1576,2456152.074448,-30.23,1.378316,0.151,48968.0,
,40547,186427,j,rj156.1577,2456152.075374,-29.61,1.301603,0.152,49762.0,
,40548,186427,j,rj156.1768,2456153.096936,-34.07,1.511447,0.149,48348.0,
,40549,186427,j,rj156.1769,2456153.098267,-35.45,1.374482,0.148,49501.0,
,40550,186427,j,rj156.1770,2456153.099598,-39.02,1.276567,0.149,47347.0,
,40551,186427,j,rj156.1968,2456154.00204,-39.35,1.403839,0.152,47608.0,
,40552,186427,j,rj156.1969,2456154.004332,-36.93,1.427442,0.151,47806.0,
,40553,186427,j,rj156.1970,2456154.005373,-33.09,1.34331,0.151,49159.0,
,40554,186427,j,rj157.105,2456164.067894,-47.07,1.502856,0.152,48147.0,
,40555,186427,j,rj157.106,2456164.068773,-48.67,1.439517,0.15,47515.0,
,40556,186427,j,rj157.107,2456164.069711,-43.96,1.398607,0.15,48126.0,
,40557,186427,j,rj157.293,2456165.054924,-53.40,1.362742,0.146,49794.0,
,40558,186427,j,rj157.294,2456165.056313,-51.68,1.48597,0.15,50779.0,
,40559,186427,j,rj157.295,2456165.057482,-48.78,1.422275,0.15,49654.0,
,40560,186427,j,rj157.697,2456167.032559,-48.54,1.432114,0.153,49099.0,
,40561,186427,j,rj157.698,2456167.033358,-50.03,1.361543,0.152,48316.0,
,40562,186427,j,rj157.699,2456167.034191,-52.82,1.447104,0.152,48821.0,
,40563,186427,j,rj158.72,2456172.024628,-49.48,1.395224,0.152,47039.0,
,40564,186427,j,rj158.73,2456172.025809,-53.01,1.330434,0.154,47394.0,
,40565,186427,j,rj158.74,2456172.027221,-51.52,1.379581,0.154,46511.0,
,40566,186427,j,rj161.463,2456209.689694,-46.90,1.486463,0.151,47882.0,
,40567,186427,j,rj161.464,2456209.690527,-47.64,1.592427,0.149,44791.0,
,40568,186427,j,rj161.465,2456209.691406,-44.34,1.519346,0.151,46000.0,
,40569,186427,j,rj170.733,2456452.035454,-15.95,1.419086,0.154,46799.0,
,40570,186427,j,rj170.734,2456452.036669,-10.32,1.297586,0.154,46526.0,
,40571,186427,j,rj170.735,2456452.038568,-15.85,1.337824,0.155,46202.0,
,40572,186427,j,rj172.743,2456475.116636,-8.50,1.268812,0.153,49720.0,
,40573,186427,j,rj172.744,2456475.117423,-9.81,1.285759,0.154,48703.0,
,40574,186427,j,rj172.745,2456475.11821,-12.00,1.145986,0.153,49721.0,
,40575,186427,j,rj172.1283,2456477.933712,-7.53,1.200351,0.154,46478.0,
,40576,186427,j,rj172.1284,2456477.934452,-7.18,1.143796,0.154,49521.0,
,40577,186427,j,rj172.1285,2456477.935182,-6.64,1.185906,0.153,48294.0,
,40578,186427,j,rj174.478,2456494.902236,-13.16,1.299858,0.151,45444.0,
,40579,186427,j,rj176.89,2456506.850049,-8.11,1.330707,0.153,48765.0,
,40580,186427,j,rj176.90,2456506.850755,-5.85,1.417455,0.153,50515.0,
,40581,186427,j,rj176.91,2456506.851473,-7.13,1.353167,0.153,49871.0,
,40582,186427,j,rj176.265,2456507.774916,-10.18,1.259897,0.151,45636.0,
,40583,186427,j,rj177.81,2456512.759487,-7.47,1.452669,0.154,47218.0,
,40584,186427,j,rj177.278,2456513.763262,-2.84,1.224159,0.153,47876.0,
,40585,186427,j,rj178.79,2456518.731774,-8.33,1.402864,0.111,43929.0,
,40586,186427,j,rj178.288,2456519.868197,-8.64,1.46618,0.152,47731.0,
,40587,186427,j,rj179.100,2456521.909466,-4.85,1.393167,0.152,49624.0,
,40588,186427,j,rj179.310,2456522.919186,-7.46,1.391319,0.152,49106.0,
,40589,186427,j,rj179.513,2456524.021694,-8.72,1.294447,0.152,48710.0,
,40590,186427,j,rj179.670,2456524.738416,-0.43,1.255852,0.152,50667.0,
,40591,186427,j,rj179.908,2456526.041998,-9.09,1.47155,0.153,50553.0,
,40592,186427,j,rj180.69,2456529.734997,-7.87,1.415424,0.153,48598.0,
,40593,186427,j,rj180.266,2456530.729365,-0.32,1.40853,0.0784,42745.0,
,40594,186427,j,rj180.473,2456531.732089,-0.89,1.395142,0.153,48919.0,
,40595,186427,j,rj180.667,2456532.727254,-5.12,1.415324,0.152,48429.0,
,40596,186427,j,rj180.896,2456533.957984,-4.88,1.323868,0.152,47591.0,
,40597,186427,j,rj187.500,2456710.173986,17.18,1.303607,0.1523,46628.0,
,40598,186427,j,rj187.501,2456710.174819,17.61,1.253497,0.15,47162.0,
,40599,186427,j,rj187.502,2456710.175676,15.11,1.414574,0.1488,47382.0,
,40600,186427,j,rj188.295,2456828.126327,40.47,1.266311,0.1533,46483.0,
,40601,186427,j,rj188.296,2456828.127102,38.02,1.244133,0.1527,49690.0,
,40602,186427,j,rj188.297,2456828.127878,35.51,1.332541,0.1533,46146.0,
,40603,186427,j,rj189.490,2456844.864627,43.47,1.326551,0.1529,47960.0,
,40604,186427,j,rj189.491,2456844.865738,42.32,1.380627,0.1535,47931.0,
,40605,186427,j,rj189.492,2456844.866745,40.30,1.353251,0.1533,47639.0,
,40606,186427,j,rj189.2087,2456853.11867,43.44,1.488917,0.1547,46803.0,
,40607,186427,j,rj194.488,2456908.879674,54.81,1.259543,0.1555,46413.0,
,40608,186427,j,rj194.489,2456908.881294,55.70,1.365082,0.1547,45847.0,
,40609,186427,j,rj194.490,2456908.88362,54.05,1.401137,0.155,45681.0,
,40610,186427,j,rj195.66,2457000.681523,-46.09,1.389213,0.1544,48484.0,
,40611,186427,j,rj195.67,2457000.68224,-49.08,1.295362,0.1546,48139.0,
,40612,186427,j,rj195.68,2457000.683016,-50.16,1.421034,0.1546,48525.0,
,40613,186427,j,rj200.158,2457180.128643,-20.33,1.298966,0.1497,45423.0,
,40614,186427,j,rj200.159,2457180.129407,-18.26,1.200436,0.1507,48136.0,
,40615,186427,j,rj200.160,2457180.130171,-19.92,1.352542,0.1498,44915.0,
,40616,186427,j,rj201.427,2457200.129409,-20.83,1.309367,0.1491,47842.0,
,40617,186427,j,rj201.428,2457200.130208,-20.42,1.220484,0.151,47781.0,
,40618,186427,j,rj201.429,2457200.130995,-19.43,1.089459,0.1511,47272.0,
,40619,186427,j,rj201.1023,2457202.981076,-21.88,1.253323,0.1532,47380.0,
,40620,186427,j,rj201.1024,2457202.98184,-23.57,1.192694,0.153,49738.0,
,40621,186427,j,rj201.1025,2457202.982604,-20.86,1.244317,0.1541,48522.0,
,40622,186427,j,rj202.1102,2457212.132677,-14.31,1.388652,0.1511,45556.0,
,40623,186427,j,rj202.1103,2457212.133545,-13.22,1.389201,0.1515,44628.0,
,40624,186427,j,rj202.1275,2457213.133078,-16.45,1.380964,0.1515,47277.0,
,40625,186427,j,rj202.1276,2457213.133877,-23.27,1.393794,0.1519,47751.0,
,40626,186427,j,rj202.1277,2457213.134664,-24.69,1.371181,0.1516,44703.0,
,40627,186427,j,rj202.1404,2457214.132947,-20.74,1.432086,0.1514,48044.0,
,40628,186427,j,rj202.1405,2457214.133734,-21.12,1.444342,0.1519,48675.0,
,40629,186427,j,rj202.1406,2457214.134498,-22.42,1.447669,0.152,48395.0,
,40630,186427,j,rj204.862,2457233.100341,-21.10,1.317348,0.1524,47782.0,
,40631,186427,j,rj204.863,2457233.101105,-14.66,1.37019,0.1525,47853.0,
,40632,186427,j,rj204.864,2457233.101857,-16.52,1.379214,0.1527,47331.0,
,40633,186427,j,rj218.567,2457355.676329,-0.92,1.375601,0.1467,48492.0,
,40634,186427,j,rj218.568,2457355.677231,-1.33,1.425764,0.1501,48990.0,
,40635,186427,j,rj218.569,2457355.678111,-0.31,1.22595,0.1429,47999.0,
,40636,186427,j,rj219.64,2457378.680668,-1.10,1.452532,0.1441,49986.0,
,40637,186427,j,rj219.65,2457378.681663,-6.60,1.502284,0.1413,51035.0,
,40638,186427,j,rj219.66,2457378.682589,-1.38,1.440988,0.1501,51567.0,
,40639,186427,j,rj229.320,2457557.034905,23.05,1.323303,0.1488,44431.0,
,40640,186427,j,rj229.321,2457557.036363,21.87,1.317324,0.1499,45608.0,
,40641,186427,j,rj229.322,2457557.037544,17.66,1.269243,0.1502,46664.0,
,40642,186427,j,rj242.265,2457672.692356,44.29,1.438034,0.153,49227.0,
,40643,186427,j,rj242.266,2457672.693143,44.65,1.452302,0.1532,49582.0,
,40644,186427,j,rj242.267,2457672.693907,47.46,1.400449,0.1531,47793.0,
,40645,186427,j,rj253.341,2457830.166351,-40.32,1.162127,0.1528,45841.0,
,40646,186427,j,rj261.112,2457940.131329,-26.55,1.159121,0.1501,47917.0,
,40647,186427,j,rj261.113,2457940.132197,-23.06,1.269713,0.1519,48319.0,
,40648,186427,j,rj261.114,2457940.133008,-20.70,1.318648,0.1521,46016.0,
,40649,186427,j,rj261.311,2457941.129394,-23.13,1.314848,0.1517,44864.0,
,40650,186427,j,rj261.312,2457941.130216,-26.13,1.298435,0.1524,47897.0,
,40651,186427,j,rj261.313,2457941.131026,-26.28,1.287924,0.1519,48302.0,
,40652,186427,j,rj276.66,2458091.678737,-6.74,1.422082,0.1536,48946.0,
,40653,186427,j,rj276.67,2458091.67949,-7.17,1.408489,0.1544,47131.0,
,40654,186427,j,rj276.68,2458091.6803,-7.90,1.457544,0.1532,46436.0,
,40655,186427,j,rj290.101,2458263.131825,9.21,1.410708,0.1532,48912.0,
,40656,186427,j,rj290.102,2458263.132624,9.35,1.404041,0.1527,46964.0,
,40657,186427,j,rj290.103,2458263.133411,7.59,1.381393,0.154,47530.0,
,40658,186427,j,rj293.125,2458299.122636,13.12,1.422637,0.1463,46645.0,
,40659,186427,j,rj293.126,2458299.123562,10.33,1.428871,0.1492,46096.0,
,40660,186427,j,rj293.127,2458299.124523,14.24,1.383263,0.1484,48171.0,
,40661,186427,j,rj299.494,2458346.879353,25.49,1.486337,0.1546,46069.0,
,40662,186427,j,rj304.167,2458383.70757,30.16,1.263889,0.1525,48142.0,
,40663,186427,j,rj304.168,2458383.708288,27.66,1.391342,0.1528,49284.0,
,40664,186427,j,rj304.169,2458383.709051,26.98,1.422849,0.153,47740.0,
,40665,186427,j,rj321.82,2458567.147486,-43.77,1.263953,0.1548,48222.0,
,40666,186427,j,rj321.83,2458567.148956,-45.73,1.177763,0.1553,47323.0,
,40667,186427,j,rj321.84,2458567.150299,-42.18,1.178294,0.1543,48075.0,
,40668,186427,j,rj329.517,2458618.129796,-45.20,1.356023,0.1561,49491.0,
,40669,186427,j,rj333.992,2458648.984495,-41.66,1.353564,0.1532,49256.0,
,40670,186427,j,rj333.993,2458648.985247,-41.57,1.248956,0.1545,47388.0,
,40671,186427,j,rj335.78,2458659.127969,-38.30,1.197212,0.154,47594.0,
,40672,186427,j,rj335.79,2458659.128721,-41.00,1.260046,0.1541,48391.0,
,40673,186427,j,rj335.80,2458659.129474,-38.10,1.234935,0.1538,48159.0,
,40674,186427,j,rj336.111,2458666.1238,-40.34,1.289328,0.1532,48312.0,
,40675,186427,j,rj339.291,2458715.040342,-26.50,1.330295,0.1616,56593.0,
,40676,186427,j,rj357.265,2458833.684255,-19.68,1.549814,0.1548,47702.0,
,40677,186427,j,rj365.1287,2458913.171751,-5.64,1.257661,0.1538,47156.0,
,40678,186427,j,rj366.153,2458917.167515,-4.98,1.283438,0.154,47402.0,
,40679,186427,j,rj366.154,2458917.168302,-2.92,1.349742,0.1544,48367.0,
,40680,186427,j,rj366.155,2458917.169123,-3.70,1.300324,0.1538,47580.0,
,40681,186427,apf,raa2.420,2456464.809018,-1.60,1.862996,30075.0,
,40682,186427,apf,raab.75,2456505.90848,7.07,1.972035,29006.0,
,40683,186427,apf,raac.24,2456506.818833,2.24,1.98531,30147.0,
,40684,186427,apf,raad.122,2456515.831461,12.36,2.123314,28984.0,
,40685,186427,apf,raae.122,2456516.874992,6.50,2.453295,28666.0,
,40686,186427,apf,raaf.115,2456517.769714,5.08,2.144215,29016.0,
,40687,186427,apf,raag.118,2456518.797839,11.66,2.281197,31223.0,
,40688,186427,apf,raah.115,2456525.766189,5.41,2.174609,31102.0,
,40689,186427,apf,raai.113,2456526.768742,0.76,2.225074,29494.0,
,40690,186427,apf,raaj.112,2456530.813323,4.50,2.209148,29148.0,
,40691,186427,apf,raak.112,2456534.781148,1.55,2.140852,29937.0,
,40692,186427,apf,raal.114,2456535.778661,7.57,2.185794,30613.0,
,40693,186427,apf,raan.124,2456539.780455,3.76,2.362667,28315.0,
,40694,186427,apf,raao.116,2456540.773521,5.23,2.09128,32350.0,
,40695,186427,apf,raap.163,2456541.830243,1.60,2.243408,28870.0,
,40696,186427,apf,raaq.160,2456542.73317,6.32,2.278921,28686.0,
,40697,186427,apf,raar.112,2456547.774377,10.68,2.436996,34463.0,
,40698,186427,apf,raas.111,2456548.750135,6.71,2.316756,36976.0,
,40699,186427,apf,raau.159,2456563.656095,11.29,2.746038,11038.0,
,40700,186427,apf,raau.180,2456563.744079,10.65,2.805028,10555.0,
,40701,186427,apf,raax.172,2456570.784058,9.92,2.761932,10861.0,
,40702,186427,apf,raax.197,2456570.914819,13.45,2.919492,10507.0,
,40703,186427,apf,raay.165,2456573.717518,11.70,2.820085,10530.0,
,40704,186427,apf,raay.189,2456573.813395,10.50,2.817393,10289.0,
,40705,186427,apf,raaz.181,2456574.884475,4.72,4.133113,6901.0,
,40706,186427,apf,raba.161,2456577.622659,12.78,2.159863,33348.0,
,40707,186427,apf,raba.195,2456577.829227,12.95,2.119383,33988.0,
,40708,186427,apf,rabc.161,2456581.621542,12.96,1.949271,34742.0,
,40709,186427,apf,rabc.184,2456581.725729,12.73,1.9632,34641.0,
,40710,186427,apf,rabc.212,2456581.860574,10.15,2.094369,32643.0,
,40711,186427,apf,rabd.159,2456582.643594,13.17,2.19897,37065.0,
,40712,186427,apf,rabd.194,2456582.769585,15.53,2.137867,33043.0,
,40713,186427,apf,rabd.218,2456582.834132,15.71,2.223013,32566.0,
,40714,186427,apf,rabe.165,2456583.668631,9.23,2.559955,10776.0,
,40715,186427,apf,rabf.166,2456588.639235,12.76,1.826935,36265.0,
,40716,186427,apf,rabf.188,2456588.701802,16.13,2.128739,34543.0,
,40717,186427,apf,rabf.220,2456588.796544,11.73,2.228107,33054.0,
,40718,186427,apf,rabh.125,2456590.687269,18.00,2.694413,10355.0,
,40719,186427,apf,rabi.155,2456591.711378,18.19,2.034454,33773.0,
,40720,186427,apf,rabi.172,2456591.772314,16.04,2.126564,33897.0,
,40721,186427,apf,rabj.168,2456596.626802,14.43,1.944394,34377.0,
,40722,186427,apf,rabk.108,2456597.612822,13.51,1.931063,35910.0,
,40723,186427,apf,rabn.178,2456610.764364,12.49,2.577496,12400.0,
,40724,186427,apf,rabr.159,2456619.646113,16.37,2.275233,21360.0,
,40725,186427,apf,rabr.173,2456619.723298,18.01,2.743871,11963.0,
,40726,186427,apf,rabs.166,2456622.694457,14.89,2.081593,34909.0,
,40727,186427,apf,rabv.163,2456626.657644,16.46,2.038286,34603.0,
,40728,186427,apf,raby.142,2456631.611808,18.83,2.332129,24251.0,
,40729,186427,apf,racd.198,2456647.673668,17.73,2.406933,29980.0,
,40730,186427,apf,racu.189,2456703.085864,24.16,2.200718,31718.0,
,40731,186427,apf,racx.249,2456709.06134,31.21,2.452867,22134.0,
,40732,186427,apf,racz.286,2456713.061843,32.92,3.190727,7472.0,
,40733,186427,apf,racz.287,2456713.06344,32.88,3.291465,7689.0,
,40734,186427,apf,racz.288,2456713.065026,32.01,3.065187,7786.0,
,40735,186427,apf,radb.225,2456725.037853,23.02,2.061265,41206.0,
,40736,186427,apf,radd.210,2456728.977951,28.94,3.281078,7749.0,
,40737,186427,apf,rade.232,2456731.975471,28.52,2.757417,10543.0,
,40738,186427,apf,rade.245,2456732.054199,27.39,2.645596,11606.0,
,40739,186427,apf,radg.217,2456735.968976,30.61,2.86062,9887.0,
,40740,186427,apf,radh.212,2456740.895334,21.18,2.426575,10040.0,
,40741,186427,apf,radh.227,2456741.009955,29.39,2.913657,10228.0,
,40742,186427,apf,radi.212,2456741.885681,32.22,2.886746,10289.0,
,40743,186427,apf,radi.229,2456741.994619,22.90,2.577975,10528.0,
,40744,186427,apf,radl.240,2456754.024156,28.48,2.618105,11314.0,
,40745,186427,apf,radl.241,2456754.027814,36.04,2.775918,11116.0,
,40746,186427,apf,radl.242,2456754.031356,35.37,2.514723,11137.0,
,40747,186427,apf,radn.232,2456757.923679,41.12,2.805012,9917.0,
,40748,186427,apf,radn.233,2456757.926051,40.09,2.573275,10057.0,
,40749,186427,apf,radn.234,2456757.928459,36.32,2.77493,10097.0,
,40750,186427,apf,rado.209,2456758.987842,38.54,3.298075,7965.0,
,40751,186427,apf,radp.238,2456762.036303,33.40,2.11279,23240.0,
,40752,186427,apf,radq.204,2456762.973334,37.29,2.209885,21822.0,
,40753,186427,apf,rads.272,2456766.890702,40.27,2.319429,21954.0,
,40754,186427,apf,radv.228,2456777.942398,38.32,2.42559,22524.0,
,40755,186427,apf,radw.209,2456780.867543,42.52,2.317095,16906.0,
,40756,186427,apf,rady.216,2456784.890829,38.98,2.310887,22527.0,
,40757,186427,apf,rady.227,2456784.970068,37.55,2.220206,22625.0,
,40758,186427,apf,raeb.205,2456792.823059,44.27,2.341282,23130.0,
,40759,186427,apf,raec.189,2456793.847457,40.65,2.344757,21832.0,
,40760,186427,apf,raed.196,2456796.815383,44.10,2.699287,11629.0,
,40761,186427,apf,raee.181,2456800.787509,44.06,2.231726,22864.0,
,40762,186427,apf,raee.208,2456800.929505,50.98,2.741874,10992.0,
,40763,186427,apf,raef.209,2456801.946449,49.52,2.732355,11613.0,
,40764,186427,apf,raeh.219,2456805.936779,43.19,2.568812,12296.0,
,40765,186427,apf,raem.213,2456816.997934,44.39,2.578935,16154.0,
,40766,186427,apf,raeo.197,2456821.926925,44.60,1.818421,32118.0,
,40767,186427,apf,raer.229,2456826.990242,50.00,2.311129,15969.0,
,40768,186427,apf,raer.230,2456826.994224,50.52,2.306014,15611.0,
,40769,186427,apf,raes.213,2456830.920604,44.65,1.916738,31226.0,
,40770,186427,apf,raev.204,2456835.883578,42.44,1.960345,29576.0,
,40771,186427,apf,raey.206,2456841.90086,47.92,2.013033,31118.0,
,40772,186427,apf,rafg.224,2456858.823479,55.00,2.515816,27670.0,
,40773,186427,apf,rafn.175,2456874.830736,63.87,2.30828,27692.0,
,40774,186427,apf,rafq.193,2456880.731414,63.52,3.09727,7556.0,
,40775,186427,apf,rafq.194,2456880.734018,60.48,3.596623,7146.0,
,40776,186427,apf,rafs.209,2456884.813058,64.37,2.55603,15984.0,
,40777,186427,apf,rafz.203,2456895.717515,63.00,2.830698,14972.0,
,40778,186427,apf,ragh.188,2456908.692547,62.33,2.720101,15038.0,
,40779,186427,apf,rail.228,2457121.876002,-22.02,3.016958,5655.0,
,40780,186427,apf,rail.229,2457121.877911,-28.67,3.178937,5384.0,
,40781,186427,apf,rail.230,2457121.879821,-17.33,3.037665,5757.0,
,40782,186427,apf,raim.263,2457124.031829,-21.27,2.74381,9166.0,
,40783,186427,apf,raim.264,2457124.033982,-15.21,2.646604,9259.0,
,40784,186427,apf,raim.265,2457124.036065,-24.52,2.80265,8940.0,
,40785,186427,apf,rain.229,2457124.871819,-17.79,2.947137,7006.0,
,40786,186427,apf,rain.230,2457124.873544,-22.71,3.231261,7056.0,
,40787,186427,apf,rain.231,2457124.875222,-21.04,3.211004,7326.0,
,40788,186427,apf,raio.262,2457125.907198,-14.79,2.74232,7523.0,
,40789,186427,apf,raio.263,2457125.908899,-18.07,2.858381,7373.0,
,40790,186427,apf,raio.264,2457125.910589,-15.96,2.911411,7555.0,
,40791,186427,apf,raiq.243,2457130.85536,-20.37,3.148428,6517.0,
,40792,186427,apf,raiq.244,2457130.857259,-22.53,3.186745,6685.0,
,40793,186427,apf,raiq.245,2457130.859099,-9.69,3.097349,6729.0,
,40794,186427,apf,rair.214,2457132.863052,-14.75,2.276785,17967.0,
,40795,186427,apf,rais.209,2457133.870885,-17.48,3.631357,6080.0,
,40796,186427,apf,rais.210,2457133.874994,-20.15,3.4731,5879.0,
,40797,186427,apf,rais.211,2457133.878964,-17.27,3.433819,6011.0,
,40798,186427,apf,raiv.207,2457138.806244,-18.57,2.792348,10717.0,
,40799,186427,apf,raiw.207,2457140.828776,-12.89,2.98629,7535.0,
,40800,186427,apf,raiw.208,2457140.830489,-16.15,3.203034,7059.0,
,40801,186427,apf,raiw.209,2457140.832237,-13.07,3.183294,7461.0,
,40802,186427,apf,raix.244,2457142.851136,-16.56,3.069389,7094.0,
,40803,186427,apf,raix.245,2457142.852918,-20.40,2.952311,6927.0,
,40804,186427,apf,raix.246,2457142.854689,-16.44,3.154596,7014.0,
,40805,186427,apf,raiy.222,2457143.80684,-20.20,3.30561,6468.0,
,40806,186427,apf,raiy.223,2457143.808715,-19.49,3.026336,6560.0,
,40807,186427,apf,raiy.224,2457143.810555,-12.81,3.276947,6383.0,
,40808,186427,apf,raiz.236,2457145.820913,-17.95,3.160752,7568.0,
,40809,186427,apf,raiz.237,2457145.822498,-12.10,3.2321,7472.0,
,40810,186427,apf,raiz.238,2457145.824072,-13.46,3.037998,7726.0,
,40811,186427,apf,raja.206,2457148.739751,-13.40,2.859274,8991.0,
,40812,186427,apf,raja.233,2457148.842254,-20.00,3.116995,6275.0,
,40813,186427,apf,raja.234,2457148.847116,-20.85,3.388528,6053.0,
,40814,186427,apf,raja.235,2457148.849025,-6.76,3.239175,6314.0,
,40815,186427,apf,rajc.229,2457153.825551,-18.75,3.087566,7479.0,
,40816,186427,apf,rajc.230,2457153.827183,-17.79,3.093897,7648.0,
,40817,186427,apf,rajc.231,2457153.828861,-17.10,3.075074,7211.0,
,40818,186427,apf,raje.210,2457158.914742,-11.44,2.305261,15299.0,
,40819,186427,apf,raje.244,2457159.008276,-13.93,3.002784,7691.0,
,40820,186427,apf,rajj.310,2457168.992157,-14.68,2.273545,16481.0,
,40821,186427,apf,rajj.311,2457168.994125,-12.14,2.263029,16302.0,
,40822,186427,apf,rajj.312,2457168.996081,-10.31,2.453265,16770.0,
,40823,186427,apf,rajk.311,2457170.996796,-9.02,2.675554,10851.0,
,40824,186427,apf,rajk.312,2457170.998521,-11.97,2.72739,10731.0,
,40825,186427,apf,rajk.313,2457171.002988,-13.55,2.729128,10967.0,
,40826,186427,apf,rajp.254,2457181.859808,-17.37,2.697108,7852.0,
,40827,186427,apf,rajp.255,2457181.861417,-13.00,2.940786,7567.0,
,40828,186427,apf,rajp.256,2457181.863026,-11.19,3.061216,7048.0,
,40829,186427,apf,rajp.276,2457181.949915,-13.72,2.95069,7728.0,
,40830,186427,apf,rajp.277,2457181.951582,-9.71,3.062428,8056.0,
,40831,186427,apf,rajp.278,2457181.953237,-11.95,2.98555,7758.0,
,40832,186427,apf,rajs.273,2457187.996162,-13.14,2.769868,8142.0,
,40833,186427,apf,rajs.274,2457187.997713,-10.90,2.638565,8293.0,
,40834,186427,apf,rajx.265,2457195.913629,-8.77,2.404606,12920.0,
,40835,186427,apf,rajx.266,2457195.915261,-12.02,2.375859,13080.0,
,40836,186427,apf,rajx.267,2457195.91694,-13.12,2.290664,13228.0,
,40837,186427,apf,rajy.263,2457196.92633,-7.97,2.453045,12914.0,
,40838,186427,apf,rajy.264,2457196.928089,-15.06,2.39558,13527.0,
,40839,186427,apf,rajy.265,2457196.92986,-11.51,2.36812,13160.0,
,40840,186427,apf,rakb.262,2457204.916469,-13.13,2.648392,14322.0,
,40841,186427,apf,rakb.263,2457204.918483,-16.62,2.419877,13739.0,
,40842,186427,apf,rakb.264,2457204.920531,-16.42,2.312489,13990.0,
,40843,186427,apf,rake.262,2457208.862667,-17.29,3.102672,7230.0,
,40844,186427,apf,rake.263,2457208.867193,-16.02,3.188975,7785.0,
,40845,186427,apf,rake.264,2457208.868918,-19.61,3.101831,7203.0,
,40846,186427,apf,rakk.284,2457220.960645,-12.15,2.978139,9925.0,
,40847,186427,apf,rakk.285,2457220.962473,-10.52,3.002134,9850.0,
,40848,186427,apf,rakk.286,2457220.964279,-14.17,2.696623,9852.0,
,40849,186427,apf,rakl.258,2457221.853367,-8.06,3.040269,8304.0,
,40850,186427,apf,rakl.259,2457221.854836,-8.49,3.044701,8294.0,
,40851,186427,apf,rakl.260,2457221.85633,-8.07,3.046189,8330.0,
,40852,186427,apf,rakn.252,2457224.848143,-8.58,2.639024,14076.0,
,40853,186427,apf,rakn.253,2457224.850214,-7.16,2.575058,13670.0,
,40854,186427,apf,rakn.254,2457224.852298,-5.89,2.985126,13939.0,
,40855,186427,apf,rako.166,2457226.8073,-10.76,2.261898,21693.0,
,40856,186427,apf,rako.167,2457226.812485,-10.63,2.97077,9032.0,
,40857,186427,apf,rako.168,2457226.815078,-9.45,3.149946,9291.0,
,40858,186427,apf,rako.169,2457226.817392,-6.60,3.114474,8561.0,
,40859,186427,apf,rakp.242,2457227.828712,-7.18,2.600887,13467.0,
,40860,186427,apf,rakp.243,2457227.830645,-8.43,2.501173,13733.0,
,40861,186427,apf,rakp.244,2457227.832613,-6.43,2.434432,13557.0,
,40862,186427,apf,rakq.244,2457229.819996,-3.50,2.568885,14205.0,
,40863,186427,apf,rakq.245,2457229.822056,-5.64,2.599574,14051.0,
,40864,186427,apf,rakq.246,2457229.824117,-7.31,2.561347,14012.0,
,40865,186427,apf,rakr.230,2457232.792525,-9.26,2.819333,7576.0,
,40866,186427,apf,rakr.231,2457232.794181,-2.78,3.129953,7511.0,
,40867,186427,apf,rakr.232,2457232.795847,-1.99,2.934612,7433.0,
,40868,186427,apf,raks.245,2457233.826481,-6.11,3.289681,7636.0,
,40869,186427,apf,raks.246,2457233.828055,-4.82,3.249854,7643.0,
,40870,186427,apf,raks.247,2457233.829653,-9.07,3.19753,7470.0,
,40871,186427,apf,rakt.216,2457235.725906,-4.44,2.67696,13824.0,
,40872,186427,apf,rakt.217,2457235.728117,-6.30,2.957991,14018.0,
,40873,186427,apf,rakt.218,2457235.73035,0.30,2.784336,13832.0,
,40874,186427,apf,raku.226,2457238.763518,0.12,3.429407,8360.0,
,40875,186427,apf,raku.227,2457238.765034,-0.77,3.221994,8069.0,
,40876,186427,apf,raku.228,2457238.766585,-0.39,3.116686,8084.0,
,40877,186427,apf,rakw.212,2457243.966063,-7.70,3.125344,8573.0,
,40878,186427,apf,rakw.213,2457243.968053,-2.45,3.332536,8795.0,
,40879,186427,apf,rakw.214,2457243.970021,-3.98,3.196224,8958.0,
,40880,186427,apf,rakx.265,2457245.888902,-4.00,2.481423,16849.0,
,40881,186427,apf,rald.216,2457258.718028,-4.46,2.641525,18013.0,
,40882,186427,apf,rald.226,2457258.744081,-1.06,3.222885,7741.0,
,40883,186427,apf,rald.227,2457258.745655,-3.59,3.299212,7824.0,
,40884,186427,apf,rald.228,2457258.747171,0.05,3.417827,6733.0,
,40885,186427,apf,ralf.195,2457262.75139,-5.32,3.324249,7877.0,
,40886,186427,apf,ralf.196,2457262.753127,-6.01,3.355498,7669.0,
,40887,186427,apf,ralf.197,2457262.754874,-2.40,3.568273,7894.0,
,40888,186427,apf,ralq.222,2457286.733267,4.26,3.331277,7013.0,
,40889,186427,apf,ralq.223,2457286.73498,3.65,3.124314,7229.0,
,40890,186427,apf,ralq.224,2457286.73667,4.16,3.569817,7144.0,
,40891,186427,apf,rals.207,2457292.72282,-0.08,3.045589,8558.0,
,40892,186427,apf,rals.208,2457292.724278,5.43,3.230517,8211.0,
,40893,186427,apf,rals.209,2457292.725725,5.26,3.058901,8469.0,
,40894,186427,apf,rama.198,2457312.715459,3.75,2.963903,10831.0,
,40895,186427,apf,rama.199,2457312.717461,5.53,2.887878,10509.0,
,40896,186427,apf,rama.200,2457312.719522,3.77,3.206388,11333.0,
,40897,186427,apf,rami.219,2457332.666218,3.39,3.31639,6307.0,
,40898,186427,apf,rami.220,2457332.66785,10.11,3.127465,6379.0,
,40899,186427,apf,rami.221,2457332.669493,-1.53,3.18483,6575.0,
,40900,186427,apf,ramm.206,2457340.667812,14.20,2.952401,11311.0,
,40901,186427,apf,ramm.207,2457340.669478,4.01,2.847754,11149.0,
,40902,186427,apf,ramm.208,2457340.671168,9.60,2.891522,11237.0,
,40903,186427,apf,raop.225,2457465.886221,20.59,3.229992,5679.0,
,40904,186427,apf,raop.226,2457465.887841,15.27,3.233062,5822.0,
,40905,186427,apf,raop.227,2457465.88945,14.32,3.564522,5737.0,
,40906,186427,apf,raoq.238,2457466.91895,10.31,2.973341,6495.0,
,40907,186427,apf,raoq.239,2457466.920501,13.62,3.106676,6426.0,
,40908,186427,apf,raoq.240,2457466.922064,10.44,3.142605,6019.0,
,40909,186427,apf,raph.225,2457496.832733,24.86,3.672762,4928.0,
,40910,186427,apf,raph.226,2457496.834585,23.83,3.50063,5109.0,
,40911,186427,apf,raph.227,2457496.836344,24.77,3.681489,4553.0,
,40912,186427,apf,rapl.204,2457507.798024,31.63,3.986873,3941.0,
,40913,186427,apf,rapl.205,2457507.800153,19.26,4.510007,4081.0,
,40914,186427,apf,rapl.206,2457507.802156,20.20,4.060446,4362.0,
,40915,186427,apf,raqk.231,2457558.968824,28.62,1.927544,30606.0,
,40916,186427,apf,raql.228,2457560.944688,29.49,2.147603,18005.0,
,40917,186427,apf,raqn.218,2457564.899305,33.05,2.100864,17847.0,
,40918,186427,apf,raqp.219,2457567.871149,30.59,2.072136,18779.0,
,40919,186427,apf,raqv.242,2457576.863743,33.07,2.342785,17154.0,
,40920,186427,apf,raqw.248,2457578.87171,32.95,2.15839,30394.0,
,40921,186427,apf,raqx.252,2457579.847423,33.39,2.366323,16559.0,
,40922,186427,apf,raqy.247,2457581.82842,29.72,2.335366,19109.0,
,40923,186427,apf,raqz.129,2457582.844027,37.76,2.42632,16862.0,
,40924,186427,apf,rara.240,2457584.843007,35.85,2.330512,17627.0,
,40925,186427,apf,rarb.246,2457586.822101,32.92,2.015559,29358.0,
,40926,186427,apf,rarc.238,2457587.826861,33.62,2.26795,30928.0,
,40927,186427,apf,rard.237,2457588.819607,39.27,2.437399,18147.0,
,40928,186427,apf,rare.240,2457591.819924,35.60,2.531837,18007.0,
,40929,186427,apf,rarf.208,2457593.808489,38.63,2.380555,16049.0,
,40930,186427,apf,rari.229,2457599.825041,37.32,2.433191,30873.0,
,40931,186427,apf,rarl.232,2457603.808529,46.18,2.271609,17076.0,
,40932,186427,apf,rarn.235,2457607.78644,45.99,2.557208,16871.0,
,40933,186427,apf,raro.230,2457608.775668,43.56,2.34213,17376.0,
,40934,186427,apf,rarq.199,2457611.792931,41.67,2.452247,16518.0,
,40935,186427,apf,ratc.190,2457687.635494,64.59,2.499773,19349.0,
,40936,186427,apf,ratc.197,2457687.699346,64.21,4.507392,3567.0,
,40937,186427,apf,rati.202,2457698.646158,65.61,2.2771,21639.0,
,40938,186427,apf,ratl.197,2457701.654386,62.33,2.377023,21637.0,
,40939,186427,apf,ratm.211,2457702.659281,64.93,2.228761,31745.0,
,40940,186427,apf,ratn.191,2457703.625694,68.92,2.936311,9714.0,
,40941,186427,apf,ratp.202,2457707.603146,68.15,2.062348,34069.0,
,40942,186427,apf,ratr.199,2457711.580101,60.88,2.312015,19786.0,
,40943,186427,apf,ratr.218,2457711.651673,61.82,2.339411,19301.0,
,40944,186427,apf,ratu.217,2457717.628861,56.87,2.862408,7796.0,
,40945,186427,apf,ratx.226,2457722.712912,49.84,2.494128,15731.0,
,40946,186427,apf,raua.188,2457727.625619,44.02,2.62044,13165.0,
,40947,186427,apf,raul.223,2457751.667504,-20.57,2.399416,15582.0,
,40948,186427,apf,ravc.280,2457784.04224,-36.13,2.946726,10045.0,
,40949,186427,apf,ravt.267,2457815.067821,-35.13,2.439756,20662.0,
,40950,186427,apf,ravy.263,2457821.98073,-34.42,2.794578,14106.0,
,40951,186427,apf,ravz.260,2457823.967637,-36.65,2.438824,17209.0,
,40952,186427,apf,rawa.245,2457824.923047,-40.57,2.464971,16058.0,
,40953,186427,apf,rawb.247,2457826.915502,-44.96,2.354936,17236.0,
,40954,186427,apf,rawn.201,2457848.850345,-24.90,2.885883,12829.0,
,40955,186427,apf,rawt.220,2457858.791877,-30.54,3.370118,7672.0,
,40956,186427,apf,rawy.199,2457866.769875,-30.57,3.046038,8460.0,
,40957,186427,apf,rawy.204,2457866.803487,-24.36,2.736485,9977.0,
,40958,186427,apf,raxb.207,2457871.754716,-26.54,3.155793,9625.0,
,40959,186427,apf,raxe.205,2457875.741448,-27.40,3.077364,10129.0,
,40960,186427,apf,raxf.218,2457877.789944,-24.31,2.222213,18359.0,
,40961,186427,apf,raxh.199,2457881.732938,-31.70,3.114823,9346.0,
,40962,186427,apf,raxi.203,2457882.763367,-27.32,2.472426,13931.0,
,40963,186427,apf,raxq.242,2457897.93413,-32.15,3.389782,5059.0,
,40964,186427,apf,raxt.237,2457903.812706,-18.27,2.526909,14921.0,
,40965,186427,apf,raxt.273,2457903.934585,-22.04,2.270033,18526.0,
,40966,186427,apf,rayc.229,2457917.814961,-20.48,2.140298,33647.0,
,40967,186427,apf,raye.203,2457919.983994,-24.02,2.148137,20383.0,
,40968,186427,apf,rayf.231,2457921.924038,-22.22,1.849345,33706.0,
,40969,186427,apf,rayi.235,2457927.795077,-19.37,2.2401,19359.0,
,40970,186427,apf,rayj.241,2457930.878628,-24.39,2.005944,19264.0,
,40971,186427,apf,rayk.240,2457931.900505,-19.32,2.035295,20023.0,
,40972,186427,apf,rayl.244,2457933.893922,-22.67,1.702029,33391.0,
,40973,186427,apf,raym.243,2457937.87583,-20.44,2.031181,31840.0,
,40974,186427,apf,rayn.235,2457940.939193,-14.84,2.441112,19506.0,
,40975,186427,apf,raza.165,2457961.78265,-14.03,2.420103,18956.0,
,40976,186427,apf,razd.238,2457964.780316,-13.66,2.568385,19150.0,
,40977,186427,apf,razd.252,2457964.810756,-14.47,2.50295,18730.0,
,40978,186427,apf,razd.254,2457964.817573,-15.44,2.408577,18086.0,
,40979,186427,apf,razd.256,2457964.82365,-13.91,2.458001,24751.0,
,40980,186427,apf,raze.215,2457966.823422,-12.31,2.321567,31604.0,
,40981,186427,apf,razl.251,2457982.031424,-9.06,2.672381,16857.0,
,40982,186427,apf,razo.243,2457988.03344,-16.52,2.901529,17062.0,
,40983,186427,apf,razq.265,2457991.830395,-7.11,2.379502,17979.0,
,40984,186427,apf,razr.258,2457992.844669,-11.91,2.617314,18608.0,
,40985,186427,apf,razt.219,2457996.703754,-11.21,2.371463,25459.0,
,40986,186427,apf,rbab.216,2458010.719471,-7.76,2.332709,19278.0,
,40987,186427,apf,rbac.214,2458011.707462,-9.22,2.609756,17990.0,
,40988,186427,apf,rbad.304,2458012.686194,-10.28,2.483483,18216.0,
,40989,186427,apf,rbaj.205,2458025.7021,-4.43,2.280617,30931.0,
,40990,186427,apf,rbao.189,2458039.648509,-3.04,2.454608,15336.0,
,40991,186427,apf,rbaq.208,2458041.662556,-10.51,2.317374,16950.0,
,40992,186427,apf,rbar.217,2458042.704156,-3.15,2.302003,18010.0,
,40993,186427,apf,rbbo.215,2458088.617265,5.06,2.463609,17928.0,
,40994,186427,apf,rbbs.217,2458094.654045,2.72,2.409629,16805.0,
,40995,186427,apf,rbcc.266,2458115.653322,3.22,2.533658,13681.0,
,40996,186427,apf,rbcr.279,2458157.056581,12.21,2.67059,15915.0,
,40997,186427,apf,rbcw.243,2458166.971741,8.53,2.948157,12855.0,
,40998,186427,apf,rbdl.200,2458196.860235,4.39,2.695044,10882.0,
,40999,186427,apf,rbds.221,2458210.840892,4.76,2.99653,10321.0,
,41000,186427,apf,rbec.209,2458233.811265,16.31,2.950995,9537.0,
,41001,186427,apf,rbef.198,2458240.792969,17.95,2.757441,10591.0,
,41002,186427,apf,rbeg.184,2458241.773407,16.93,2.643326,12284.0,
,41003,186427,apf,rbeh.209,2458244.80556,19.78,3.179656,7414.0,
,41004,186427,apf,rbej.207,2458247.774516,14.01,2.761636,11434.0,
,41005,186427,apf,rbek.193,2458248.781507,18.99,2.877515,11270.0,
,41006,186427,apf,rbeq.236,2458261.940095,22.35,2.000623,31726.0,
,41007,186427,apf,rbet.241,2458267.990448,23.64,2.420766,18927.0,
,41008,186427,apf,rbev.214,2458270.857405,20.44,2.326386,16802.0,
,41009,186427,apf,rbew.226,2458273.968582,23.50,1.966784,31280.0,
,41010,186427,apf,rbez.242,2458280.916737,19.90,1.966639,19580.0,
,41011,186427,apf,rbfa.209,2458283.925403,21.24,1.910582,30256.0,
,41012,186427,apf,rbfb.251,2458285.938262,15.99,1.737614,29971.0,
,41013,186427,apf,rbff.224,2458291.806133,15.78,2.160755,17132.0,
,41014,186427,apf,rbfk.254,2458304.943357,22.71,2.09192,29575.0,
,41015,186427,apf,rbfq.240,2458314.861298,18.37,2.481648,19304.0,
,41016,186427,apf,rbfr.228,2458318.814923,23.50,2.541883,17535.0,
,41017,186427,apf,rbft.178,2458320.818794,25.24,2.297796,30494.0,
,41018,186427,apf,rbfu.235,2458321.80332,26.33,2.301327,30490.0,
,41019,186427,apf,rbfv.207,2458323.818657,24.73,2.782933,19368.0,
,41020,186427,apf,rbfw.310,2458326.753504,30.69,2.420869,16463.0,
,41021,186427,apf,rbfw.347,2458326.883343,27.77,2.567229,17340.0,
,41022,186427,apf,rbga.211,2458332.761667,40.90,2.72266,17337.0,
,41023,186427,apf,rbga.211,2458332.761667,40.90,2.72266,17337.0,
,41024,186427,apf,rbgh.207,2458342.738892,29.39,2.317521,27160.0,
,41025,186427,apf,rbgj.191,2458348.712926,28.87,2.322766,30068.0,
,41026,186427,apf,rbgl.204,2458352.725966,34.01,2.354489,26474.0,
,41027,186427,apf,rbgp.207,2458359.691994,30.64,2.391894,17363.0,
,41028,186427,apf,rbgr.211,2458368.738533,30.93,2.231139,28965.0,
,41029,186427,apf,rbgs.275,2458369.945668,30.27,2.622674,15822.0,
,41030,186427,apf,rbgt.207,2458372.659134,36.43,2.473255,17088.0,
,41031,186427,apf,rbgw.200,2458376.703763,33.16,2.450874,26937.0,
,41032,186427,apf,rbgy.223,2458379.70609,34.79,2.21091,27660.0,
,41033,186427,apf,rbgz.193,2458381.695865,32.97,2.461553,17576.0,
,41034,186427,apf,rbha.205,2458385.707086,35.99,2.229433,26500.0,
,41035,186427,apf,rbhb.200,2458387.668175,41.52,2.471175,15450.0,
,41036,186427,apf,rbhc.202,2458389.69837,37.56,2.147278,29134.0,
,41037,186427,apf,rbhj.197,2458398.680715,44.27,2.49381,16323.0,
,41038,186427,apf,rbhk.206,2458399.67497,46.04,2.48179,18334.0,
,41039,186427,apf,rbhm.200,2458405.698774,49.78,2.616282,17170.0,
,41040,186427,apf,rbhp.191,2458414.638526,47.36,2.397363,16748.0,
,41041,186427,apf,rbhr.201,2458418.670002,45.26,2.33454,24944.0,
,41042,186427,apf,rbhv.195,2458427.620239,42.25,2.690486,13540.0,
,41043,186427,apf,rbhw.207,2458428.650875,47.67,2.449831,16255.0,
,41044,186427,apf,rbkx.244,2458586.942326,-38.93,2.482032,15702.0,
,41045,186427,apf,rbkx.245,2458586.945022,-41.47,2.24217,16181.0,
,41046,186427,apf,rbkx.246,2458586.947719,-42.07,2.250932,15982.0,
,41047,186427,apf,rbky.240,2458587.928189,-41.59,2.391604,14863.0,
,41048,186427,apf,rbky.240,2458587.928189,-41.59,2.391604,14863.0,
,41049,186427,apf,rbky.241,2458587.930944,-44.10,2.426686,15427.0,
,41050,186427,apf,rbky.241,2458587.930944,-44.10,2.426686,15427.0,
,41051,186427,apf,rbky.242,2458587.933698,-43.82,2.321303,15333.0,
,41052,186427,apf,rbky.242,2458587.933698,-43.82,2.321303,15333.0,
,41053,186427,apf,rbld.255,2458601.986015,-38.45,3.149577,8245.0,
,41054,186427,apf,rbld.255,2458601.986015,-38.45,3.149577,8245.0,
,41055,186427,apf,rbld.256,2458601.987612,-36.30,2.965257,8375.0,
,41056,186427,apf,rbld.256,2458601.987612,-36.30,2.965257,8375.0,
,41057,186427,apf,rbld.257,2458601.989186,-36.50,3.083361,8345.0,
,41058,186427,apf,rbld.257,2458601.989186,-36.50,3.083361,8345.0,
,41059,186427,apf,rble.257,2458605.965813,-38.88,3.260922,5130.0,
,41060,186427,apf,rble.257,2458605.965813,-38.88,3.260922,5130.0,
,41061,186427,apf,rble.258,2458605.967087,-42.93,3.674433,5078.0,
,41062,186427,apf,rble.258,2458605.967087,-42.93,3.674433,5078.0,
,41063,186427,apf,rble.259,2458605.96836,-51.51,3.489053,5002.0,
,41064,186427,apf,rble.259,2458605.96836,-51.51,3.489053,5002.0,
,41065,186427,apf,rblf.243,2458606.987538,-43.72,3.119727,7687.0,
,41066,186427,apf,rblf.243,2458606.987538,-43.72,3.119727,7687.0,
,41067,186427,apf,rblf.244,2458606.990385,-41.53,2.863188,7622.0,
,41068,186427,apf,rblf.244,2458606.990385,-41.53,2.863188,7622.0,
,41069,186427,apf,rblf.245,2458606.992816,-43.36,3.204915,7513.0,
,41070,186427,apf,rblf.245,2458606.992816,-43.36,3.204915,7513.0,
,41071,186427,apf,rblg.250,2458607.991079,-34.33,3.286065,7731.0,
,41072,186427,apf,rblg.251,2458607.995836,-29.01,2.92905,7702.0,
,41073,186427,apf,rblg.252,2458608.000952,-35.34,3.001984,7550.0,
,41074,186427,apf,rblh.256,2458611.963565,-30.34,3.635148,5297.0,
,41075,186427,apf,rblh.257,2458611.964861,-36.96,3.536969,4873.0,
,41076,186427,apf,rblh.258,2458611.966158,-35.28,3.715737,4999.0,
,41077,186427,apf,rblj.241,2458617.941537,-32.48,2.884009,8081.0,
,41078,186427,apf,rblj.242,2458617.9431,-35.33,2.893791,8171.0,
,41079,186427,apf,rblj.243,2458617.944639,-36.67,3.03691,8086.0,
,41080,186427,apf,rbll.235,2458621.966317,-34.52,2.508911,14191.0,
,41081,186427,apf,rbll.236,2458621.969407,-35.96,2.33205,13801.0,
,41082,186427,apf,rbll.237,2458621.972625,-35.87,2.393428,12766.0,
,41083,186427,apf,rblq.202,2458631.923436,-30.97,3.549815,4842.0,
,41084,186427,apf,rblq.203,2458631.924825,-37.84,3.791381,4743.0,
,41085,186427,apf,rblq.204,2458631.926237,-28.02,3.541554,4725.0,
,41086,186427,apf,rblt.217,2458637.874939,-32.11,2.205979,15485.0,
,41087,186427,apf,rblt.218,2458637.881062,-29.91,2.418253,16901.0,
,41088,186427,apf,rblt.219,2458637.88649,-25.92,2.584009,14241.0,
,41089,186427,apf,rblv.204,2458641.796638,-28.91,4.100194,3553.0,
,41090,186427,apf,rblv.205,2458641.798339,-27.18,4.025337,3798.0,
,41091,186427,apf,rblv.206,2458641.800122,-25.57,4.474143,3012.0,
,41092,186427,apf,rblx.206,2458647.818187,-33.36,3.669235,5353.0,
,41093,186427,apf,rblx.207,2458647.819449,-32.80,3.644369,5324.0,
,41094,186427,apf,rblx.208,2458647.820722,-33.34,3.435475,5180.0,
,41095,186427,apf,rblz.187,2458648.72157,-36.74,4.663784,3060.0,
,41096,186427,apf,rblz.188,2458648.723422,-32.92,4.155231,3782.0,
,41097,186427,apf,rblz.189,2458648.7251,-29.65,3.927074,3673.0,
,41098,186427,apf,rbmc.190,2458651.73859,-32.19,3.880725,4513.0,
,41099,186427,apf,rbmc.191,2458651.740072,-38.86,3.906402,4430.0,
,41100,186427,apf,rbmc.192,2458651.741542,-26.34,3.751926,4330.0,
,41101,186427,apf,rbmd.196,2458655.757348,-25.99,3.401575,4915.0,
,41102,186427,apf,rbmd.197,2458655.758702,-32.69,3.678802,4756.0,
,41103,186427,apf,rbmd.198,2458655.760102,-39.99,3.731841,4715.0,
,41104,186427,apf,rbmh.186,2458660.725811,-36.35,3.549851,4424.0,
,41105,186427,apf,rbmh.187,2458660.727327,-32.10,3.761466,4135.0,
,41106,186427,apf,rbmh.188,2458660.728878,-30.73,3.811516,4168.0,
,41107,186427,apf,rbmi.222,2458662.842229,-28.19,3.783885,4259.0,
,41108,186427,apf,rbmi.223,2458662.850354,-30.66,3.64762,5093.0,
,41109,186427,apf,rbmi.224,2458662.852461,-34.82,3.366071,4774.0,
,41110,186427,apf,rbmj.189,2458665.726892,-28.01,3.771746,4202.0,
,41111,186427,apf,rbmj.190,2458665.728351,-31.29,3.537713,4271.0,
,41112,186427,apf,rbmj.191,2458665.729879,-28.09,3.731211,4266.0,
,41113,186427,apf,rbmk.218,2458667.858411,-25.62,3.86918,4033.0,
,41114,186427,apf,rbmk.219,2458667.8601,-29.44,4.320357,3087.0,
,41115,186427,apf,rbmk.220,2458667.861732,-25.71,3.314102,4855.0,
,41116,186427,apf,rbml.203,2458669.858385,-28.97,2.006265,28056.0,
,41117,186427,apf,rbml.204,2458669.862482,-29.63,1.972773,28294.0,
,41118,186427,apf,rbml.205,2458669.866278,-25.89,2.06341,28311.0,
,41119,186427,apf,rbmn.288,2458675.847312,-30.21,2.216075,30417.0,
,41120,186427,apf,rbmn.289,2458675.851999,-27.42,2.15694,31258.0,
,41121,186427,apf,rbmn.290,2458675.856675,-30.07,2.245499,30632.0,
,41122,186427,apf,rbmo.227,2458676.829482,-31.54,2.432558,17005.0,
,41123,186427,apf,rbmo.228,2458676.832688,-32.14,2.53444,16987.0,
,41124,186427,apf,rbmo.229,2458676.836033,-28.39,2.668739,17018.0,
,41125,186427,apf,rbmp.115,2458677.830426,-33.83,2.434978,17559.0,
,41126,186427,apf,rbmp.116,2458677.833493,-33.13,2.395561,17681.0,
,41127,186427,apf,rbmp.117,2458677.836549,-33.45,2.258863,17805.0,
,41128,186427,apf,rbmr.275,2458681.80732,-30.18,2.517254,15774.0,
,41129,186427,apf,rbmr.276,2458681.81129,-25.94,2.589739,14043.0,
,41130,186427,apf,rbmr.277,2458681.815029,-29.27,2.42576,15831.0,
,41131,186427,apf,rbms.204,2458682.725355,-30.30,2.475775,16819.0,
,41132,186427,apf,rbms.205,2458682.728619,-28.02,2.518059,16776.0,
,41133,186427,apf,rbms.206,2458682.731848,-32.25,2.71552,16546.0,
,41134,186427,apf,rbmt.212,2458686.783757,-27.12,2.301343,31201.0,
,41135,186427,apf,rbmt.213,2458686.789324,-23.31,2.159899,31915.0,
,41136,186427,apf,rbmt.214,2458686.794359,-26.32,2.206612,28848.0,
,41137,186427,apf,rbmu.222,2458688.78502,-29.93,2.742621,16592.0,
,41138,186427,apf,rbmu.223,2458688.788214,-27.46,2.65879,16535.0,
,41139,186427,apf,rbmu.224,2458688.791374,-25.13,2.423653,17252.0,
,41140,186427,apf,rbmv.244,2458690.814591,-23.50,2.500409,26889.0,
,41141,186427,apf,rbmv.245,2458690.818573,-24.30,2.466088,27074.0,
,41142,186427,apf,rbmv.246,2458690.822589,-21.25,2.425295,25450.0,
,41143,186427,apf,rbmw.215,2458694.803124,-21.27,2.142935,29754.0,
,41144,186427,apf,rbmw.216,2458694.807627,-23.04,2.097212,29862.0,
,41145,186427,apf,rbmw.217,2458694.812419,-18.96,2.317064,30834.0,
,41146,186427,apf,rbmx.198,2458695.72753,-22.23,2.124303,30052.0,
,41147,186427,apf,rbmx.199,2458695.732854,-21.77,2.177207,27872.0,
,41148,186427,apf,rbmx.200,2458695.738352,-22.98,2.176115,27657.0,
,41149,186427,lick,rh17.40,2446957.926,30.70,16.100302,51656.0,
,41150,186427,lick,rh21.15,2447046.7669,31.99,9.566019,33409.0,
,41151,186427,lick,rh21.16,2447046.7756,17.40,8.660751,32600.0,
,41152,186427,lick,rh79.20,2447846.675,26.00,8.771482,49266.0,
,41153,186427,lick,rh93.29,2448019.9472,75.53,17.065615,17207.0,
,41154,186427,lick,rh93.30,2448019.9591,73.34,17.292368,17003.0,
,41155,186427,lick,rh94.38,2448113.8226,68.60,10.399173,41092.0,
,41156,186427,lick,ra11.23,2448438.863,-1.32,13.495431,11539.0,
,41157,186427,lick,ra11.24,2448438.8802,13.90,12.698761,10605.0,
,41158,186427,lick,ra41.25,2448846.8365,55.99,24.169006,3509.0,
,41159,186427,lick,ra41.26,2448846.8801,63.61,9.424367,36568.0,
,41160,186427,lick,ra50.22,2448906.7,65.14,10.009022,36624.0,
,41161,186427,lick,ra66.21,2449124.9643,-0.07,14.704511,10285.0,
,41162,186427,lick,ra66.22,2449124.9856,-11.91,13.056986,10139.0,
,41163,186427,lick,ra66.23,2449125.007,-42.18,13.813222,9026.0,
,41164,186427,lick,ra68.39,2449172.8728,1.96,8.680025,83319.0,
,41165,186427,lick,ra68.40,2449172.884,8.75,9.564965,85230.0,
,41166,186427,lick,ra68.45,2449172.928,-8.98,8.256053,88176.0,
,41167,186427,lick,ra68.46,2449172.9392,-2.04,8.040906,79089.0,
,41168,186427,lick,ra71.37,2449200.8761,-20.44,8.952774,72514.0,
,41169,186427,lick,ra93.19,2449588.7313,31.41,11.0609,21467.0,
,41170,186427,lick,ra93.20,2449588.7531,47.88,10.718777,21332.0,
,41171,186427,lick,ra95.20,2449601.7568,29.06,9.512768,19847.0,
,41172,186427,lick,ra95.21,2449601.7785,28.65,10.288051,20006.0,
,41173,186427,lick,rb01.21,2449623.7261,46.46,9.221352,72418.0,
,41174,186427,lick,rb17.63,2449858.972,-22.97,9.570641,4417.0,
,41175,186427,lick,rb17.64,2449858.995117,-28.53,8.305609,4386.0,
,41176,186427,lick,rb20.24,2449892.941406,7.07,9.366734,4737.0,
,41177,186427,lick,rb20.25,2449892.963867,-3.56,9.489797,4857.0,
,41178,186427,lick,rb20.26,2449892.987305,-7.34,8.91485,4712.0,
,41179,186427,lick,rb21.85,2449914.966797,-2.48,3.837591,36420.0,
,41180,186427,lick,rb34.53,2450069.577148,-6.28,9.789517,4202.0,
,41181,186427,lick,rb35.45,2450072.574219,0.25,5.209438,17938.0,
,41182,186427,lick,rb35.101,2450073.59082,-4.63,4.798324,16979.0,
,41183,186427,lick,rb35.102,2450073.606445,-6.83,5.976791,11504.0,
,41184,186427,lick,rb37.147,2450089.59375,0.74,5.195368,14163.0,
,41185,186427,lick,rb42.144,2450182.003906,10.44,3.948361,28663.0,
,41186,186427,lick,rb44.96,2450202.004883,15.64,8.495093,4389.0,
,41187,186427,lick,rb44.163,2450203.952148,8.32,9.012945,4320.0,
,41188,186427,lick,rb44.164,2450203.975586,19.28,8.548045,4390.0,
,41189,186427,lick,rb45.54,2450215.920898,13.28,7.866315,4611.0,
,41190,186427,lick,rb45.55,2450215.943359,30.38,7.622866,4572.0,
,41191,186427,lick,rb46.165,2450235.988281,21.03,8.139727,4281.0,
,41192,186427,lick,rb47.22,2450262.90332,18.87,3.921418,58638.0,
,41193,186427,lick,rb48.18,2450298.77832,40.70,5.296436,14419.0,
,41194,186427,lick,rb48.19,2450298.793945,36.24,4.613331,16505.0,
,41195,186427,lick,rb48.66,2450299.900391,34.69,4.630491,21856.0,
,41196,186427,lick,rb48.71,2450299.982422,31.63,4.246363,26407.0,
,41197,186427,lick,rb48.94,2450300.722656,29.21,3.884754,34605.0,
,41198,186427,lick,rb48.95,2450300.737305,25.54,4.189508,35493.0,
,41199,186427,lick,rb48.108,2450300.936523,28.26,3.85783,44092.0,
,41200,186427,lick,rb49.12,2450304.668945,39.13,4.460104,21860.0,
,41201,186427,lick,rb49.13,2450304.68457,35.97,4.073124,27283.0,
,41202,186427,lick,rb49.29,2450304.943359,38.74,4.310406,24290.0,
,41203,186427,lick,rb49.30,2450304.958984,38.68,4.26512,26859.0,
,41204,186427,lick,rb50.63,2450326.763672,27.60,4.594208,31959.0,
,41205,186427,lick,rb50.64,2450326.779297,17.80,4.05121,35239.0,
,41206,186427,lick,rb53.10,2450441.582031,41.11,7.712475,6975.0,
,41207,186427,lick,rb53.11,2450441.59668,56.75,6.558221,10126.0,
,41208,186427,lick,rb54.85,2450504.078125,69.38,10.0815,4179.0,
,41209,186427,lick,rb54.134,2450505.06543,76.27,5.625585,13093.0,
,41210,186427,lick,rb55.17,2450536.989258,40.71,10.232229,3332.0,
,41211,186427,lick,rb55.18,2450537.013672,39.02,8.94294,3862.0,
,41212,186427,lick,rb55.19,2450537.036133,39.56,8.63616,4127.0,
,41213,186427,lick,rb55.51,2450537.987305,25.42,9.339063,3243.0,
,41214,186427,lick,rb55.52,2450538.009766,36.93,8.675665,3921.0,
,41215,186427,lick,rb56.22,2450550.957031,-10.02,9.303836,3443.0,
,41216,186427,lick,rb56.23,2450550.979492,21.29,8.520186,3819.0,
,41217,186427,lick,rb56.24,2450551.016602,1.96,9.010698,4037.0,
,41218,186427,lick,rb56.25,2450551.02832,5.19,7.900003,4145.0,
,41219,186427,lick,rb57.14,2450562.995117,-25.77,11.419813,3087.0,
,41220,186427,lick,rb57.15,2450563.019531,-20.46,9.658537,3842.0,
,41221,186427,lick,rb57.44,2450563.942383,-33.73,9.499009,3590.0,
,41222,186427,lick,rb57.45,2450563.964844,-47.73,9.044617,3890.0,
,41223,186427,lick,rb57.46,2450563.990234,-14.25,8.197022,4432.0,
,41224,186427,lick,rb57.47,2450564.011719,-21.35,9.31492,4162.0,
,41225,186427,lick,rb58.19,2450578.942383,-22.63,8.330288,4282.0,
,41226,186427,lick,rb58.20,2450578.964844,-25.14,8.169213,4077.0,
,41227,186427,lick,rb58.21,2450578.987305,-39.75,8.104539,4748.0,
,41228,186427,lick,rb58.49,2450579.899414,-34.36,9.981525,3702.0,
,41229,186427,lick,rb58.50,2450579.919922,-39.44,8.337265,4158.0,
,41230,186427,lick,rb58.51,2450579.942383,-27.44,8.848176,4164.0,
,41231,186427,lick,rb59.34,2450610.993164,-41.65,7.275872,5471.0,
,41232,186427,lick,rb59.58,2450611.981445,-43.56,9.309716,4014.0,
,41233,186427,lick,rb60.35,2450640.919922,-19.79,4.098391,23555.0,
,41234,186427,lick,rb61.31,2450645.96582,-19.68,4.716038,18433.0,
,41235,186427,lick,rb62.36,2450655.941406,-22.49,6.39082,10493.0,
,41236,186427,lick,rb63.31,2450681.93457,-14.87,5.621493,12403.0,
,41237,186427,lick,rb64.14,2450767.620117,-23.53,6.967604,9016.0,
,41238,186427,lick,rb64.15,2450767.630859,-11.93,8.402297,5778.0,
,41239,186427,lick,rb69.14,2450976.941406,9.03,8.767948,8539.0,
,41240,186427,lick,rb69.15,2450976.955078,10.53,10.197443,5964.0,
,41241,186427,lick,rb69.88,2450978.949219,17.72,8.3781,8276.0,
,41242,186427,lick,rb69.89,2450978.963867,21.24,9.569494,8032.0,
,41243,186427,lick,rb72.120,2451026.8125,18.68,5.844722,26829.0,
,41244,186427,lick,rb73.19,2451044.84375,20.09,7.233738,13479.0,
,41245,186427,lick,rb73.187,2451048.811523,14.61,7.909976,11546.0,
,41246,186427,lick,rb77.16,2451100.722656,26.75,7.340389,4668.0,
,41247,186427,lick,rb87.252,2451306.003906,62.76,6.110373,25225.0,
,41248,186427,lick,rb88.21,2451337.954102,34.03,9.298355,7957.0,
,41249,186427,lick,rb89.17,2451351.890625,-13.77,10.027767,7071.0,
,41250,186427,lick,rb89.18,2451351.916016,-4.06,9.030412,6941.0,
,41251,186427,lick,rb89.49,2451352.858398,-15.51,7.177854,11449.0,
,41252,186427,lick,rb89.50,2451352.880859,-12.31,7.766275,11496.0,
,41253,186427,lick,rb90.23,2451362.902344,-28.39,6.525819,18776.0,
,41254,186427,lick,rb90.65,2451363.93457,-28.46,5.548681,27297.0,
,41255,186427,lick,rb90.112,2451364.883789,-25.37,5.450439,41411.0,
,41256,186427,lick,rb91.54,2451378.855469,-23.77,7.206824,12503.0,
,41257,186427,lick,rb91.55,2451378.878906,-32.72,7.095555,12300.0,
,41258,186427,lick,rb92.14,2451386.795898,-29.84,7.231114,13670.0,
,41259,186427,lick,rb92.15,2451386.816406,-33.16,8.004852,11355.0,
,41260,186427,lick,rb92.187,2451391.84668,-38.70,8.159672,9840.0,
,41261,186427,lick,rb92.188,2451391.869141,-28.19,7.96464,9777.0,
,41262,186427,lick,rb93.72,2451403.779297,-25.39,7.717712,11147.0,
,41263,186427,lick,rb93.73,2451403.800781,-17.90,7.350494,11861.0,
,41264,186427,lick,rb94.13,2451416.685547,-32.02,5.05224,49170.0,
,41265,186427,lick,rb97.66,2451445.666016,-27.13,6.655962,18637.0,
,41266,186427,lick,rd10.62,2451700.891602,2.01,9.411868,10800.0,
,41267,186427,lick,rd10.64,2451700.936523,3.85,8.687524,11646.0,
,41268,186427,lick,rd12.23,2451750.788086,18.42,5.774612,30521.0,
,41269,186427,lick,rd16.138,2451805.708008,18.64,6.385403,18953.0,
,41270,186427,lick,rd17.70,2451814.6875,11.48,7.629087,12569.0,
,41271,186427,lick,rd17.71,2451814.709961,7.34,8.478746,12181.0,
,41272,186427,lick,rd18.13,2451822.680664,12.26,7.037876,15985.0,
,41273,186427,lick,rd18.14,2451822.708984,18.34,7.258456,14415.0,
,41274,186427,lick,rd49.71,2452076.876953,56.75,5.959158,31225.0,
,41275,186427,lick,rd50.18,2452085.908203,67.60,8.073101,12299.0,
,41276,186427,lick,rd50.19,2452085.936523,53.67,7.125001,11505.0,
,41277,186427,lick,rd57.69,2452141.84082,21.13,6.418918,15596.0,
,41278,186427,lick,rd57.70,2452141.871094,4.65,7.15091,14960.0,
,41279,186427,lick,rd58.50,2452144.788086,-6.17,7.294532,12388.0,
,41280,186427,lick,rd58.51,2452144.818359,-2.35,7.527655,12278.0,
,41281,186427,lick,rd58.84,2452145.753906,6.75,8.682652,8273.0,
,41282,186427,lick,rd58.85,2452145.786133,2.31,10.513861,6043.0,
,41283,186427,lick,rd58.123,2452146.759766,-3.82,8.458212,10099.0,
,41284,186427,lick,rd58.124,2452146.789062,-5.03,8.223191,9659.0,
,41285,186427,lick,rd58.162,2452147.734375,-4.98,8.42191,11265.0,
,41286,186427,lick,rd58.163,2452147.763672,-16.40,8.776896,9751.0,
,41287,186427,lick,rd59.19,2452157.709961,-27.07,5.803411,30355.0,
,41288,186427,lick,rd59.139,2452159.69043,-37.25,5.643278,26299.0,
,41289,186427,lick,rd59.214,2452160.71875,-39.77,5.65364,28966.0,
,41290,186427,lick,rd60.53,2452168.700195,-35.93,7.312978,14015.0,
,41291,186427,lick,rd60.54,2452168.729492,-34.37,8.331231,10758.0,
,41292,186427,lick,rd61.90,2452182.683594,-34.72,7.922237,13864.0,
,41293,186427,lick,rd61.91,2452182.71582,-32.50,7.539217,14903.0,
,41294,186427,lick,rf01.135,2452428.964844,-13.63,5.255828,22508.0,
,41295,186427,lick,rf05.22,2452470.80957,12.44,4.374994,25700.0,
,41296,186427,lick,rf05.23,2452470.820312,6.02,4.106033,34252.0,
,41297,186427,lick,rf15.16,2452534.667969,-7.86,5.466926,41640.0,
,41298,186427,lick,rf37.36,2452831.916016,59.15,4.302079,42809.0,
,41299,186427,lick,rf42.18,2452893.727539,61.95,5.150573,20764.0,
,41300,186427,lick,rf64.48,2453108.026367,-19.36,4.623301,22402.0,
,41301,186427,lick,rf70.199,2453157.958008,-18.07,4.354196,35054.0,
,41302,186427,lick,rf76.45,2453210.905273,-5.09,4.447261,42418.0,
,41303,186427,lick,rf76.118,2453211.855469,-4.14,4.423355,38026.0,
,41304,186427,lick,rf76.201,2453212.84375,-7.45,4.271445,37175.0,
,41305,186427,lick,rf90.99,2453281.630859,-10.18,5.242205,17545.0,
,41306,186427,lick,rf90.166,2453282.626953,-7.52,5.24286,23403.0,
,41307,186427,lick,rg19.28,2453543.918345,29.06,4.714317,31680.0,
,41308,186427,lick,rg19.74,2453544.886146,34.37,4.686102,30146.0,
,41309,186427,lick,rg22.18,2453567.851574,36.87,4.333862,37658.0,
,41310,186427,lick,rg22.68,2453568.89103,40.48,4.434559,41686.0,
,41311,186427,lick,rg46.353,2453868.885914,-27.03,5.001718,31829.0,
,41312,186427,lick,rg46.566,2453869.965856,-32.28,4.585821,26716.0,
,41313,186427,lick,rg53.75,2453923.867951,-21.82,8.083728,5550.0,
,41314,186427,lick,rg53.76,2453923.887743,-8.82,5.833471,6838.0,
,41315,186427,lick,rg53.77,2453923.90647,-40.05,6.40629,7256.0,
,41316,186427,lick,rg53.78,2453923.925579,-26.20,6.694611,6640.0,
,41317,186427,lick,rg53.359,2453925.857766,-8.60,6.63225,6742.0,
,41318,186427,lick,rg53.360,2453925.877431,-9.99,7.736794,6279.0,
,41319,186427,lick,rg53.361,2453925.897292,-19.00,6.972326,6599.0,
,41320,186427,lick,rg53.362,2453925.916262,-6.18,6.882812,6811.0,
,41321,186427,lick,rg60.60,2453987.761019,-23.23,4.721974,21230.0,
,41322,186427,lick,rg60.238,2453988.769583,-23.31,5.256119,27827.0,
,41323,186427,lick,rg60.396,2453989.803704,-27.00,4.629708,30025.0,
,41324,186427,lick,rg83.62,2454253.9786,14.48,4.874769,22908.0,
,41325,186427,lick,rg83.204,2454254.909572,19.41,4.56148,31165.0,
,41326,186427,lick,rg88.54,2454310.86267,35.97,4.41041,25814.0,
,41327,186427,lick,rg92.68,2454373.708079,20.05,5.172734,18352.0,
,41328,186427,lick,rg92.209,2454374.695718,26.18,6.010998,11492.0,
,41329,186427,lick,rg94.107,2454382.694201,30.84,8.212319,4794.0,
,41330,186427,lick,ri16.104,2454574.996053,-32.96,3.878365,42266.0,
,41331,186427,lick,ri28.171,2454623.913692,-41.88,5.76625,14478.0,
,41332,186427,lick,ri28.172,2454623.920926,-42.91,4.747242,20194.0,
,41333,186427,lick,ri29.21,2454640.89772,-26.11,4.607347,29125.0,
,41334,186427,lick,ri30.201,2454649.940984,-26.32,4.326385,33114.0,
,41335,186427,lick,ri30.341,2454650.889676,-23.62,4.155456,31654.0,
,41336,186427,lick,ri31.32,2454661.911262,-23.00,4.870863,28880.0,
,41337,186427,lick,ri31.33,2454661.920382,-31.53,4.684776,29437.0,
,41338,186427,lick,ri31.34,2454661.930683,-25.15,4.775884,30981.0,
,41339,186427,lick,ri31.35,2454661.941505,-23.08,4.367818,32545.0,
,41340,186427,lick,ri34.269,2454723.817164,-21.28,4.809168,23375.0,
,41341,186427,lick,ri34.270,2454723.823426,-23.94,4.55551,25804.0,
,41342,186427,lick,ri49.250,2455048.839931,27.88,6.934607,28977.0,
,41343,186427,lick,ri50.56,2455053.828958,21.19,7.987612,11754.0,
,41344,186427,lick,ri50.57,2455053.835301,38.03,7.944759,11683.0,
,41345,186427,lick,ri50.58,2455053.841007,24.09,7.69957,11147.0,
,41346,186427,lick,ri50.59,2455053.846331,24.37,7.207685,11168.0,
,41347,186427,lick,ri50.60,2455053.851528,26.53,7.876996,10892.0,