6959.7372,-40.70,14.00,
11607.9163,-17.77,4.51,
12722.8295,-20.88,3.13,24
7194.9122,-33.96,7.49,
11626.7707,-34.76,6.65,
12737.7703,-10.01,2.47,24
7223.7982,-18.31,6.14,
11627.7539,-29.07,5.87,
12793.7298,1.53,2.41,24
7964.8927,20.40,8.19,
11628.7275,-34.86,5.71,
12794.7134,-5.06,2.20,24
8017.7302,-8.18,10.57,
11629.8320,-32.06,4.48,
12834.6981,21.08,2.83,24
8374.7707,-20.25,9.37,
11700.6937,-2.83,4.80,
12991.0537,57.90,3.94,24
8647.8971,62.95,11.41,
11861.0498,36.20,5.53,
12992.0732,55.57,4.69,24
8648.9100,51.93,11.02,
11874.0684,39.39,5.34,
13009.0525,53.57,2.70,24
8670.8777,74.56,11.45,
11881.0443,32.79,4.41,
13009.9546,51.65,2.88,24
8745.6907,71.89,8.76,
11895.0663,33.89,4.28,
13018.9971,55.32,4.48,24
8992.0612,23.42,11.21,
11906.0148,34.69,3.91,
13020.9531,39.96,5.42,24
9067.7708,4.86,7.00,
11907.0112,37.74,4.24,
13022.0027,46.17,5.15,24
9096.7339,-6.19,6.79,
11909.0420,39.07,3.76,
13044.9198,58.89,3.33,24
9122.6909,-27.90,7.91,
11910.9537,36.96,4.13,
13068.8447,54.81,5.38,24
9172.6855,-18.68,10.55,
11914.0674,34.35,5.17,
13069.8323,48.36,3.34,24
9349.9122,-32.93,9.52,
11915.0473,41.14,3.72,
13072.8875,45.63,2.93,24
9374.9638,-29.14,8.67,
11916.0335,40.99,3.47,
13078.8069,52.75,3.30,24
9411.8387,-16.88,12.81,
11939.9703,42.47,4.72,
13079.8275,52.69,3.18,24
9481.7197,-33.01,13.40,
11946.9598,42.21,4.19,
13080.7919,52.88,3.27,24
9767.9184,64.68,5.34,
11969.9024,48.36,4.29,
13081.8171,48.72,2.99,24
9768.9072,62.32,4.79,
11971.8934,52.56,4.80,
13100.8148,53.34,3.83,24
9802.7911,63.99,3.61,
11998.7785,49.07,3.81,
13107.7773,35.01,4.43,24
10058.0797,32.21,3.18,
11999.8203,48.13,3.98,
13119.7426,50.57,4.24,24
10068.9773,36.13,4.01,
12000.8587,50.97,4.16,
13120.6914,42.03,2.83,24
10072.0117,38.76,4.10,
12028.7386,60.65,4.39,
13131.6826,51.29,4.13,24
10088.9932,23.38,3.54,
12033.7461,49.37,4.93,
13132.7334,38.98,5.04,24
10089.9473,26.18,3.19,
12040.7593,47.52,3.54,
13147.6943,44.95,4.94,24
10091.9004,18.37,4.23,
12041.7192,49.30,3.37,
13155.7006,38.98,2.92,24
10120.9179,17.53,3.91,
12042.6957,45.95,3.88,
13156.7062,40.23,2.77,24
10124.9042,23.41,3.69,
12071.7291,53.86,9.39,
13157.6869,43.30,2.98,24
10125.8234,18.49,3.61,
12073.7217,44.45,4.61,
13339.0682,9.72,3.31,24
10127.8979,13.98,3.77,
12101.6865,59.74,6.62,
13363.0139,2.22,4.52,24
10144.8770,13.75,4.67,
12103.6875,41.81,5.71,
13363.9655,-9.51,4.21,24
10150.7964,12.07,3.89,
12104.6855,47.90,5.78,
13383.9778,-11.43,9.04,24
10172.8289,4.69,4.13,
12105.6836,41.69,5.71,
13385.0057,-23.57,4.17,24
10173.7627,9.36,5.29,
12216.0355,27.62,4.56,
13385.9946,-25.20,3.94,24
10181.7425,-2.47,3.18,
12222.0432,28.69,4.35,
13388.0012,-19.02,10.53,24
10187.7390,7.94,4.22,
12278.0718,-6.78,4.79,
13389.9276,-32.39,4.48,24
10199.7291,5.49,3.62,
12279.0680,-2.81,4.54,
13390.9468,-18.25,4.75,24
10203.7330,1.63,4.23,
12283.0395,2.35,7.53,
13391.9987,-30.29,4.56,24
10214.7308,-2.09,3.54,
12286.0614,-4.09,3.53,
13392.9238,-31.99,4.95,24
10422.0176,-32.32,4.05,
12288.0176,-3.07,4.86,
13402.9585,-13.79,4.74,24
10438.0010,-23.92,4.30,
12306.9303,-20.54,6.38,
13403.9527,-23.51,4.68,24
10442.0273,-26.34,3.84,
12314.9275,-15.06,3.57,
13404.9472,-24.04,5.42,24
10502.8535,-15.99,3.86,
12315.9273,-12.71,2.72,
13436.7878,-24.91,5.44,24
10504.8594,-19.78,4.24,
12316.9996,-0.12,6.13,
13437.8865,-40.32,5.46,24
10536.8441,-3.96,4.58,
12348.8617,-22.34,4.03,
13438.8413,-31.99,3.91,24
10537.8426,-6.81,3.81,
12375.7996,-26.80,3.35,
13439.8543,-36.26,4.13,24
10563.6734,-0.73,3.76,
12376.7234,-28.65,3.71,
13440.7724,-32.85,5.39,24
10579.6952,11.11,3.55,
12380.7568,-28.60,3.90,
13441.8656,-34.10,5.38,24
10610.7188,12.05,3.34,
12388.7530,-34.84,3.12,
13460.8047,-39.69,4.47,24
10793.9570,58.79,3.97,
12389.7036,-43.22,3.76,
13475.7043,-39.74,4.67,24
10795.0391,62.55,4.07,
12577.0504,-37.38,3.58,
13476.7068,-39.51,4.68,24
10978.6848,55.48,4.51,
12599.0475,-33.96,2.53,
13477.7253,-38.11,4.41,24
11131.0654,37.48,6.35,
12609.0665,-38.85,3.56,
13478.7598,-43.63,4.14,24
11175.0273,21.32,7.24,
12631.9926,-26.01,3.61,
13479.7748,-47.47,4.21,24
11242.8418,1.34,4.82,
12657.0184,-41.11,2.29,
13511.7132,-53.62,4.11,24
11303.7119,-25.20,4.20,
12687.8597,-26.21,3.48,
13512.6881,-40.62,4.35,24
11508.0703,-36.52,8.34,
12688.9015,-34.23,5.04,
13744.0283,-38.93,4.31,24
11536.0640,-43.83,4.75,
12705.8382,-25.21,2.74,
13744.9815,-40.34,4.30,24
13753.0361,-53.52,2.95,
14135.8630,24.39,2.32,
14598.7489,-40.52,3.10,24
13755.8982,-41.94,5.04,
14165.8471,30.47,3.34,
14622.7505,-41.29,2.42,24
13773.8466,-51.29,4.91,
14196.8162,35.39,3.14,
14623.7115,-34.55,2.52,24
13866.7278,-21.49,4.38,
14219.7662,24.68,3.08,
14784.0515,-31.13,5.10,24
13867.7226,-27.25,4.67,
14220.7881,33.23,3.26,
14785.0826,-34.05,4.85,24
13868.7523,-25.55,4.56,
14253.6937,27.72,2.73,
14845.0201,-30.72,1.74,24
13869.7295,-13.48,4.15,
14254.7002,24.49,2.65,
14847.9355,-26.93,3.42,24
14074.0693,34.48,3.23,
14427.0782,-6.25,4.40,
14848.9727,-30.86,2.74,24
14099.0854,40.26,3.15,
14450.0617,-10.65,3.41,
14849.9710,-27.88,3.09,24
14100.0667,32.10,3.21,
14462.0257,-16.81,2.42,
14850.9698,-31.85,3.06,24
14102.0466,36.94,3.38,
14547.9127,-27.51,3.24,
14863.9813,-27.92,4.26,24
14104.0288,36.91,4.44,
14574.8034,-52.51,1.79,
14864.9193,-29.72,5.10,24
14133.9656,32.61,4.66,
14578.8416,-41.13,2.11,
14865.9624,-19.55,5.54,24
14134.9264,25.80,2.71,24,