53037.367523,162.58,9.31,59.79,25.13
53039.337060,248.83,10.61,81.11,32.98
53039.350613,239.24,11.03,57.66,29.48
53341.515486,58.00,7.32,38.91,12.23
53759.367361,76.58,6.54,40.39,18.48
53773.326875,97.62,6.06,39.61,22.59
53801.268322,14.42,6.09,47.88,19.55
54127.490388,32.19,7.26,70.01,24.44
54138.338883,–37.01,8.54,61.44,20.41
54138.450851,–34.41,8.24,86.82,22.30
54158.399971,–72.73,7.45,38.77,26.63
54174.364925,–89.03,5.57,41.44,17.05
54191.197078,–83.65,6.55,55.70,16.84
54194.174068,–96.84,6.35,39.17,20.00
54208.265365,–99.68,7.78,55.13,22.80
54209.261464,–6.83,6.99,46.65,26.47
54212.253084,–135.25,6.87,45.89,24.86
54224.223663,21.94,5.59,64.43,18.52
54242.173779,55.84,6.93,–40.03,21.22
54264.123675,95.88,7.55,31.74,20.84
54462.444896,53.61,7.03,30.05,23.78
54498.347031,49.62,7.49,–7.74,25.73
54498.467564,32.75,7.85,36.94,26.35
54560.185220,25.32,7.53,18.94,24.50
54604.187876,–83.64,7.62,–12.55,21.49
54811.497899,358.20,7.39,14.09,26.62
54839.418223,236.66,6.98,–0.96,13.58
54866.333733,253.73,7.64,85.91,28.11
55171.502292,–65.61,6.18,–3.30,22.57
55208.423212,–64.20,8.23,–7.78,38.24
55232.342153,–2.61,5.44,45.44,17.90
55260.257106,99.62,7.65,45.93,22.58
55554.472876,–148.97,7.14,–43.34,29.10
55581.385388,–123.10,6.05,3.91,21.40
55585.369132,–95.27,5.93,–46.36,20.95
55615.289612,–215.92,7.42,45.46,17.89
55645.354259,–189.93,6.51,28.50,21.04
55673.272147,–150.91,6.20,50.51,17.87
55688.233883,29.30,6.69,41.05,20.16
55723.130874,72.67,7.03,40.59,19.77
55954.374120,58.71,6.46,31.59,22.22
56001.366777,–38.82,5.36,23.81,14.44
56015.332512,–127.79,7.08,41.77,20.97
56034.152297,24.60,6.97,57.35,16.39
56045.120087,3.30,6.22,66.61,16.64
56417.215810,124.19,6.47,90.08,21.60
56277.252412,50843.70,1.93,140.84
56294.229018,50764.00,1.13,176.94
56321.169034,50960.10,1.03,190.92
56410.961652,50842.90,1.27,148.93
56430.957199,50743.80,1.39,155.83
56469.901805,50709.30,1.51,162.17
56647.240508,50625.20,2.99,133.03
56685.171295,50797.30,2.06,136.22
56740.042885,50712.70,2.97,163.36
56770.012446,50852.50,1.91,157.46
56770.060731,50853.50,1.51,154.18
56794.960756,50830.40,2.34,169.21
56836.901346,50663.00,3.12,173.94
57035.183363,50596.80,2.35,183.76
57066.205983,50515.60,6.44,132.81
57135.084365,50639.10,1.40,182.09
57167.950415,50805.00,1.37,161.54
57195.899321,50808.10,1.49,151.10

