2452489.2149,-1.3703,4.9135,nan,nan,nan,nan,nan,nan,nan,HIDESS,
2452509.1015,-2.8091,4.4091,nan,nan,nan,nan,nan,nan,nan,HIDESS,
2452541.1795,12.1983,4.3043,nan,nan,nan,nan,nan,nan,nan,HIDESS,
2452570.0815,-2.4904,4.1969,nan,nan,nan,nan,nan,nan,nan,HIDESS,
2452652.9006,-20.7752,4.0410,nan,nan,nan,nan,nan,nan,nan,HIDESS,
2452857.1815,36.3955,4.7445,nan,nan,nan,nan,nan,nan,nan,HIDESS,
2452896.1046,-9.4962,5.0493,nan,nan,nan,nan,nan,nan,nan,HIDESS,
2452923.1678,16.3182,4.8403,nan,nan,nan,nan,nan,nan,nan,HIDESS,
2452991.0013,-8.9109,9.2479,nan,nan,nan,nan,nan,nan,nan,HIDESS,
2452991.9637,-5.1375,4.5200,nan,nan,nan,nan,nan,nan,nan,HIDESS,
2452994.9096,6.1314,4.9282,nan,nan,nan,nan,nan,nan,nan,HIDESS,
2453023.9250,-11.3916,4.5126,nan,nan,nan,nan,nan,nan,nan,HIDESS,
2453201.2001,2.1421,5.4624,nan,nan,nan,nan,nan,nan,nan,HIDESS,
2453201.2125,0.0995,5.6918,nan,nan,nan,nan,nan,nan,nan,HIDESS,
2453404.9067,-46.6686,5.4273,nan,nan,nan,nan,nan,nan,nan,HIDESS,
2453612.1677,51.5999,4.4286,nan,nan,nan,nan,nan,nan,nan,HIDESS,
2453962.3208,-27.9738,5.0360,nan,nan,nan,nan,nan,nan,nan,HIDESS,
2454091.9392,36.5211,3.6094,nan,nan,nan,nan,nan,nan,nan,HIDESS,
2454340.1656,30.2601,5.0044,nan,nan,nan,nan,nan,nan,nan,HIDESS,
2454675.3080,5.5708,3.7868,9.4375,241.9054,6.9121,0.1647,0.0215,1.0000,485.0006,HIDESS,
2454763.9834,13.9165,4.6407,9.4791,174.9920,9.3360,0.1238,0.0234,1.0000,302.6593,HIDESS,
2455135.1395,-25.5141,4.7211,9.4917,238.3355,15.5610,0.2289,0.1089,1.0000,237.6096,HIDESS,
2455187.9568,27.1800,4.2206,9.4666,229.8557,8.2355,0.1053,0.0283,1.0000,385.1008,HIDESS,
2455401.3072,82.1223,4.2425,9.3985,221.7615,5.2494,0.1563,0.0145,1.0000,593.7445,HIDESS,
2455477.1368,47.8308,4.2447,9.4373,226.1152,6.1539,0.1514,0.0195,1.0000,527.5036,HIDESS,
2455882.0251,43.2606,3.5014,9.4615,217.0687,5.8012,0.1471,0.0180,1.0000,525.4791,HIDESS,
2456508.2529,75.0166,5.8774,9.4486,200.7823,11.1758,0.1117,0.0284,1.0000,256.7563,HIDESS,
2456516.2765,50.5729,5.3934,9.8200,154.7810,14.1917,nan,nan,nan,230.6615,HIDESF1,
2456517.2700,42.1629,4.2681,9.8065,144.7473,8.9634,nan,nan,nan,335.7566,HIDESF1,
2456534.0951,31.0436,4.6029,9.8215,158.9390,8.2875,nan,nan,nan,378.9051,HIDESF1,
2456553.0906,1.1383,4.3883,9.7604,147.4346,13.0757,nan,nan,nan,275.3977,HIDESF1,
2456554.0340,-13.2568,4.2113,9.7811,168.1113,10.6826,nan,nan,nan,319.3736,HIDESF1,
2456576.0342,-37.8289,4.1777,9.3940,201.4186,6.2138,0.1500,0.0167,1.0000,483.3460,HIDESS,
2456578.1396,-42.5370,4.3099,9.4252,206.9844,8.1696,0.1188,0.0209,1.0000,375.9327,HIDESS,
2456579.0437,-40.7720,4.3906,9.4017,206.0317,7.1440,0.1271,0.0159,1.0000,437.4122,HIDESS,
2456595.1430,-58.1088,4.7251,9.8473,165.9832,12.8533,nan,nan,nan,279.0715,HIDESF1,
2456596.0115,-43.7493,4.6137,9.8285,172.7423,11.7037,nan,nan,nan,230.2339,HIDESF1,
2456604.9934,-30.3655,4.2195,9.8106,156.5783,10.2114,nan,nan,nan,273.4810,HIDESF1,
2456605.9870,-53.3905,3.1640,9.7842,160.4229,5.4837,nan,nan,nan,519.8652,HIDESF1,
2456607.9789,-31.8372,3.7276,9.8539,167.8423,9.5977,nan,nan,nan,302.6701,HIDESF1,
2456617.9908,-4.9974,3.8831,9.4241,226.3715,9.7786,0.1510,0.0397,1.0000,332.1566,HIDESS,
2456619.0644,-14.3367,4.0095,9.4386,220.4714,10.2908,0.1236,0.0407,1.0000,325.1863,HIDESS,
2456625.9016,-14.6009,3.3471,9.8607,159.3663,7.9796,nan,nan,nan,393.2855,HIDESF1,
2456628.0486,-20.8472,3.1073,9.8575,146.8747,7.3127,nan,nan,nan,411.6780,HIDESF1,
2456638.9356,-5.3887,3.0849,9.8718,166.5670,6.3150,nan,nan,nan,550.1052,HIDESF1,
2456651.8681,3.9940,5.1553,nan,nan,nan,nan,nan,nan,216.9762,HIDESF1,
2456666.9086,-35.3198,3.8900,9.5379,181.4014,9.5098,0.1153,0.0250,1.0000,331.4431,HIDESS,
2456678.9038,-41.4861,4.0815,9.9266,180.6175,11.8074,nan,nan,nan,285.5496,HIDESF1,
2456863.2123,13.9869,3.5935,9.7964,149.5765,4.8282,nan,nan,nan,551.5411,HIDESF1,
2456864.2232,10.2151,4.8543,9.7978,170.8981,9.9804,nan,nan,nan,363.1073,HIDESF1,
2456908.0636,0.6263,3.7416,9.7925,165.5561,5.1352,nan,nan,nan,562.4942,HIDESF1,
2456935.1185,-2.0262,6.5698,9.8997,137.6790,10.0794,nan,nan,nan,190.9909,HIDESF1,
2456947.0492,32.3790,3.8079,9.7861,152.3303,6.5900,nan,nan,nan,464.2239,HIDESF1,
2456948.0417,27.1295,3.7555,9.8205,141.0079,6.4065,nan,nan,nan,444.2529,HIDESF1,
2456965.0829,50.6096,2.8843,9.8627,163.6218,4.9192,nan,nan,nan,636.7500,HIDESF1,
2456965.0866,49.3058,3.5754,9.8638,145.8661,7.0696,nan,nan,nan,377.6524,HIDESF1,
2456990.9239,47.8726,3.9749,9.8252,155.3460,11.0996,nan,nan,nan,306.4035,HIDESF1,
2457000.9244,31.5221,3.2491,9.8175,151.5188,7.1946,nan,nan,nan,432.7309,HIDESF1,
2457003.9150,42.6767,3.5988,9.8402,155.7402,7.0039,nan,nan,nan,404.5019,HIDESF1,
2457005.9337,47.1547,3.3754,9.8290,164.2554,7.7752,nan,nan,nan,453.7508,HIDESF1,
2457025.9700,50.1260,2.7542,9.8264,149.8612,7.3573,nan,nan,nan,442.4400,HIDESF1,
2457234.2608,-42.7159,3.8499,9.3697,195.5880,5.5739,0.1422,0.0147,1.0000,473.7195,HIDESS,
2457237.1888,-53.3644,3.5363,9.8133,153.2986,5.1683,nan,nan,nan,521.8932,HIDESF1,
2457262.1230,-50.6156,3.8947,9.7894,181.9669,6.1763,nan,nan,nan,451.1724,HIDESF1,
2457305.1268,-40.5900,4.0384,9.8473,145.4057,7.8877,nan,nan,nan,339.0526,HIDESF1,
2457307.0926,-64.2604,4.0050,9.8130,161.3389,8.0291,nan,nan,nan,363.4083,HIDESF1,
2457321.9554,-57.8818,4.5169,9.7962,152.3977,11.4764,nan,nan,nan,259.0715,HIDESF1,
2457329.0249,-22.8316,4.4876,9.4433,192.5953,6.6449,0.1434,0.0176,1.0000,420.8522,HIDESS,
2457331.0564,-23.4898,2.7447,9.7998,151.8767,6.3394,nan,nan,nan,552.4149,HIDESF1,
2457368.0051,0.7159,2.8618,9.8223,160.5245,5.5700,nan,nan,nan,568.3449,HIDESF1,
2457391.9183,1.4712,3.4041,9.8390,166.7487,9.5940,nan,nan,nan,334.1856,HIDESF1,
2457401.8885,-16.5768,3.5140,9.8305,165.5965,7.0964,nan,nan,nan,456.9910,HIDESF1,
2457402.8923,-15.2908,4.2665,9.8541,187.6180,16.8933,nan,nan,nan,257.5734,HIDESF1,
2457591.2314,1.1366,4.2320,9.8343,169.3034,6.7818,nan,nan,nan,431.4539,HIDESF1,
2457592.1522,6.3667,4.1408,9.7812,156.5201,5.4256,nan,nan,nan,497.1584,HIDESF1,
2457593.2123,-4.9732,4.0154,9.8159,156.2923,7.8031,nan,nan,nan,395.4539,HIDESF1,
2457626.1148,25.5103,4.6994,9.7849,170.8881,8.5021,nan,nan,nan,400.0697,HIDESF1,
2457676.0998,14.5769,3.2513,9.8009,159.9974,5.1774,nan,nan,nan,574.4149,HIDESF1,
2457721.9563,-16.1839,3.3563,9.8172,169.5355,9.6593,nan,nan,nan,351.2358,HIDESF1,
2457741.9234,-1.8191,4.2655,9.7968,193.7478,15.0273,nan,nan,nan,263.9030,HIDESF1,
2457756.9569,19.0114,3.8458,9.8189,173.6570,11.4548,nan,nan,nan,239.0684,HIDESF1,
2457908.2770,8.6401,4.3067,9.7992,161.8844,10.0647,nan,nan,nan,310.0044,HIDESF1,
2457923.2290,-3.9283,3.6305,9.8070,187.2285,8.0503,nan,nan,nan,508.5103,HIDESF1,
2457950.1525,-27.1737,5.7789,9.8368,157.3878,17.1323,nan,nan,nan,224.2463,HIDESF1,
2457984.1377,-50.0149,4.8513,9.7848,155.3646,10.5516,nan,nan,nan,314.6315,HIDESF1,
2458022.1604,24.0052,3.9454,9.8165,153.0048,10.1697,nan,nan,nan,359.7417,HIDESF1,
2458082.9873,49.1178,6.6298,9.8162,134.5215,15.5896,nan,nan,nan,161.6405,HIDESF1,
2458085.0359,31.7652,3.6393,9.7850,173.8092,11.1600,nan,nan,nan,320.7011,HIDESF1,
2458093.9090,50.1886,3.6404,9.7898,149.9326,7.5010,nan,nan,nan,341.4879,HIDESF1,
