2457752.40306,-89.838,1.708
2457755.38261,-92.659,2.843
2457761.47313,-94.068,2.634
2457788.49993,-43.478,3.605
2457815.46609,-14.095,2.016
2457823.56615,-7.170,1.898
2457833.40010,0.359,2.916
2457848.36227,16.307,1.964
2457852.39121,20.234,2.965
2457856.41314,21.715,2.348
2457866.35684,26.876,2.727
2457875.38818,36.220,3.002
2457876.37181,37.065,1.930
2457880.37549,41.920,2.742
2457882.35894,41.849,2.815
2457884.45591,37.326,5.755
2457886.38837,34.452,4.424
2457888.38030,43.224,1.946
2457890.42001,41.621,2.468
2457892.37058,45.822,2.685
2457894.40148,46.980,2.008
2457896.38966,44.106,2.257
2457898.35693,47.885,2.258
2457905.40209,52.389,2.835
2457914.38462,48.854,4.748
2458025.69475,-6.880,2.250
2458031.70440,1.055,2.444
2458053.66205,17.402,1.916
2458073.72185,31.345,1.814
2458078.71290,33.301,1.941
2458084.69243,38.516,2.310
2458088.68639,39.595,7.594
2458091.67119,42.767,1.880
2458093.64456,43.326,1.797
2458095.67284,43.159,1.506
2458097.66056,47.174,2.657
2458105.61591,49.795,1.953
2458109.63050,46.552,2.078
2458111.74693,49.166,3.157
2458117.59944,43.811,1.926
2458118.60030,43.790,2.867
2458120.53235,42.752,2.578
2458121.53065,41.705,1.951
2458122.62307,42.165,2.116
2458123.60016,43.534,2.006
2458127.71874,41.066,6.906
2458130.63962,28.070,3.729
2458131.58525,25.942,2.153
2458132.72650,29.829,3.852
2458135.57749,19.800,2.456
2458136.48720,15.878,2.080
2458138.52345,12.110,2.723
2458139.52973,6.807,1.908
2458140.49414,2.283,1.722
2458141.53974,-2.975,1.694
2458142.61890,-5.366,2.069
2458143.41112,-16.625,2.106
2458149.53603,-40.484,3.199
2458164.38871,-91.564,2.873
2458166.47462,-90.353,1.954
2458167.47407,-94.140,2.646
2458169.59236,-89.870,2.215
2458170.67582,-86.664,2.675
2458171.45499,-84.995,4.384
2458172.45148,-84.296,3.297
2458174.44459,-69.341,7.116
2458175.43926,-82.043,2.280
2458182.43647,-65.373,4.813
2458186.57773,-56.912,5.344
2458200.37692,-34.720,2.824
2458205.37061,-26.658,2.206
2458206.36760,-28.928,2.768
2458207.35690,-27.600,2.876
2458209.38615,-25.144,2.228
2458211.39118,-21.098,3.210
2458212.37033,-19.987,3.332
2458213.39355,-16.842,2.645
2458215.36100,-14.779,2.203
2458216.34017,-8.658,5.582
2458217.33781,-12.199,6.114
2458218.33599,-11.794,6.808
2458225.38799,-5.114,2.062
2458229.43463,-3.762,3.961
2458236.45155,8.198,3.216
2458237.35076,5.611,5.391
2458243.37491,20.016,7.519
2458245.43872,15.766,2.571
2458246.44629,15.070,2.244
2458249.49160,16.909,3.019
2458251.36808,17.934,5.651
2458260.40670,30.172,2.670
2458261.38434,29.325,1.897
2458262.38014,37.333,6.639
2458263.41435,32.293,4.255
2458264.40512,34.691,2.455
2458265.42250,37.183,2.422
2458266.40621,37.975,3.297
2458270.36666,38.565,2.373
2458271.38935,39.585,2.360
2458277.39038,41.301,2.782
2458359.67847,-61.867,2.757
2458360.68884,-62.647,6.323
2458361.67255,-79.242,2.174
2458362.67945,-80.229,2.209
2458365.66642,-82.459,3.623
2458366.68771,-84.261,1.904
2458367.68229,-82.065,2.293
2458370.69203,-84.038,2.300
2458371.69954,-85.415,2.084
2458375.70165,-76.328,4.319
2458381.69776,-66.941,1.907
2458382.68500,-66.239,1.597
2458385.69581,-56.166,1.724
2458390.69382,-50.168,2.083
2458393.65881,-46.697,2.175
2458398.69837,-43.628,2.273
2458405.67252,-28.010,3.959
2458413.67975,-12.173,2.068
2458424.71113,3.002,2.905
2458426.68607,5.045,2.002
2458429.69051,10.362,2.415
2458431.73049,13.107,11.561
2458433.72023,8.430,2.038
2458449.64374,30.812,4.301
2458458.63305,36.609,1.845
2458474.63199,45.880,1.789
2458485.60806,49.461,2.053
2458492.57230,53.802,2.084
2458499.57137,63.090,2.455
2458510.64660,72.978,2.491
2458518.61846,71.258,3.517
2458524.60678,65.634,2.789
2458529.44890,64.815,2.028
2458534.49788,59.737,2.130
2458539.51526,52.522,1.674
2458544.60237,31.647,2.877
2458553.50286,-5.386,2.064
2458558.37150,-34.710,2.241
2458560.36604,-47.812,3.604
2458564.57768,-67.722,4.345
2458568.54786,-70.976,4.025
2458570.53143,-66.540,4.022
2458576.59001,-72.242,3.034
2458587.38455,-51.418,2.825
2458616.41732,1.050,2.524
2457752.40244,-84.177,6.110
2457755.38269,-96.972,6.224
2457761.47294,-97.095,6.037
2457788.49882,-55.159,9.118
2457815.46603,-11.274,6.220
2457823.56598,-16.769,6.741
2457833.40043,0.050,7.803
2457848.36220,9.772,6.257
2457852.39119,38.630,9.538
2457856.41301,10.636,5.192
2457866.35710,23.328,6.928
2457875.38859,34.072,6.745
2457876.37159,33.031,5.995
2457880.37466,36.067,6.721
2457882.35993,40.058,6.729
2457884.45566,33.141,18.475
2457886.38863,59.700,17.320
2457888.38112,54.394,5.860
2457890.41954,59.971,15.396
2457892.37036,43.535,8.709
2457894.40039,53.972,6.965
2457896.39061,47.369,7.241
2457898.35674,46.685,10.019
2457905.40238,61.268,10.862
2457914.38501,53.301,12.756
2458031.70303,16.923,7.404
2458053.66211,32.356,7.233
2458073.72184,25.671,8.057
2458078.71305,39.569,4.746
2458084.69213,35.389,5.736
2458088.68649,43.308,17.034
2458091.67087,39.828,6.554
2458093.64476,48.525,5.218
2458095.67244,40.940,5.156
2458097.66051,48.420,7.138
2458105.61575,39.209,4.926
2458108.63400,51.732,6.144
2458109.63047,73.853,12.584
2458111.74635,39.844,9.674
2458117.59933,40.372,5.427
2458118.60029,38.084,6.680
2458119.67179,44.518,6.736
2458120.53203,49.721,6.759
2458121.53055,40.667,4.894
2458122.62303,40.945,4.901
2458127.71784,14.505,20.013
2458130.63898,7.006,10.763
2458131.58482,39.059,4.966
2458132.72282,42.917,11.961
2458135.57673,22.135,5.250
2458136.48699,23.516,4.605
2458138.52356,15.962,7.784
2458139.52963,8.351,4.185
2458140.49433,8.261,6.141
2458141.53978,2.945,5.134
2458142.61907,-10.622,6.428
2458143.41084,-12.707,5.385
2458149.53601,-41.579,5.880
2458164.38863,-92.632,7.956
2458166.47488,-93.186,6.812
2458167.47387,-95.744,7.390
2458169.59212,-93.885,8.752
2458170.67557,-75.449,8.735
2458171.45480,-86.066,10.539
2458172.45141,-66.775,15.963
2458174.44479,-93.061,16.537
2458175.43965,-97.141,5.759
2458182.43665,-72.108,14.509
2458186.57618,-54.780,14.198
2458199.38006,-60.343,9.534
2458200.37680,-56.903,6.070
2458205.37058,-19.674,5.780
2458206.36750,-24.353,6.969
2458207.35678,-35.284,7.321
2458209.38621,-38.943,5.312
2458211.39132,-34.860,9.297
2458212.37040,-27.692,7.122
2458213.39381,-24.586,8.957
2458215.36086,-20.701,5.335
2458216.34000,-23.413,13.173
2458225.38834,-0.089,10.721
2458229.43461,-16.314,9.749
2458236.45139,4.440,8.759
2458237.35065,-7.297,16.192
2458243.37488,7.120,13.396
2458245.43861,14.895,7.824
2458246.44582,14.186,8.108
2458249.49231,26.882,7.483
2458251.36795,2.139,10.473
2458260.40669,22.486,6.709
2458261.38424,26.964,6.138
2458263.41444,16.655,13.371
2458264.40489,32.818,6.672
2458265.42204,35.064,9.871
2458266.40602,31.300,8.934
2458270.36650,38.230,8.183
2458271.38892,48.827,9.468
2458277.39021,34.354,9.002
2458359.67760,-85.534,8.836
2458360.68802,-91.958,21.675
2458361.67231,-75.500,6.481
2458362.67960,-90.806,6.799
2458365.66589,-91.339,8.876
2458366.68739,-86.728,8.070
2458367.68214,-77.825,7.570
2458368.64520,-113.765,16.985
2458370.69111,-90.807,9.302
2458371.69863,-79.877,6.931
2458375.70125,-87.819,6.693
2458379.69391,-63.481,5.477
2458380.69643,-44.183,9.567
2458381.69782,-60.107,5.535
2458382.68515,-61.635,5.533
2458385.69554,-52.614,6.193
2458390.69294,-49.069,4.262
2458393.65893,-40.723,6.368
2458398.69841,-18.422,14.328
2458405.67290,-6.998,12.560
2458413.67993,-4.979,6.481
2458424.71092,3.525,9.738
2458426.68633,8.880,7.772
2458429.69071,15.824,8.763
2458431.72994,18.530,21.589
2458433.71998,16.339,7.097
2458474.63165,54.200,6.802
2458485.60781,53.833,6.415
2458492.57260,54.728,5.641
2458499.57117,62.261,5.725
2458510.64644,71.859,6.998
2458518.61839,73.241,11.501
2458524.60679,65.909,5.949
2458529.44886,73.490,4.328
2458534.49791,58.066,5.229
2458539.51506,50.283,5.538
2458544.60243,41.361,8.456
2458553.50306,-5.539,5.602
2458558.37143,-3.663,11.187
2458560.36608,-50.320,7.148
2458568.54790,-92.048,13.367
2458570.53366,-80.552,10.882
2458576.59002,-71.481,8.697
2458587.38677,-58.616,6.272
2458616.41711,-13.115,6.213