54396.706036,13.59614,0.00134,3.35441,13.46537,-16.61000,0.94071,0.05333
54397.781533,13.59639,0.00135,3.35775,13.56172,-9.54700,0.94202,0.05302
54398.695400,13.59508,0.00176,3.35078,13.53711,-17.41900,0.96591,0.05326
54399.583478,13.59125,0.00160,3.35057,13.43478,-6.81600,0.84540,0.05318
54400.615060,13.59404,0.00178,3.34159,13.45599,-12.88400,0.90862,0.05344
54400.819836,13.59635,0.00210,3.35177,13.31886,-14.07400,0.95901,0.05329
54402.681054,13.59657,0.00146,3.35578,13.70179,-8.18600,0.87283,0.05305
54403.675525,13.59650,0.00123,3.35096,13.66022,-9.63700,0.90260,0.05309
55463.837566,13.59838,0.00172,3.35700,13.25050,-17.06400,1.04321,0.05465
55465.874088,13.59653,0.00234,3.34506,13.16562,-7.80700,0.91799,0.05445
55577.552114,13.60058,0.00134,3.34789,13.35279,-13.86800,0.97692,0.05313
55579.581782,13.60073,0.00155,3.34387,13.25734,-14.98500,0.89117,0.05306
55580.587109,13.60173,0.00184,3.33436,13.18216,-10.28500,0.91336,0.05308
55583.526836,13.59976,0.00144,3.35161,13.28745,-10.43500,0.94103,0.05363
55585.537572,13.60033,0.00168,3.34494,13.40263,-12.01500,0.98060,0.05281
55586.527265,13.59596,0.00164,3.34740,13.19095,-13.19900,1.03679,0.05251
55587.524342,13.60089,0.00284,3.34129,13.13059,-2.92000,1.09265,0.05264
55889.636369,13.59785,0.00172,3.33717,13.40663,-19.49400,0.91264,0.05448
56237.611076,13.60069,0.00203,3.34103,13.11140,1.70900,1.06400,0.05479
56255.585618,13.59593,0.00163,3.34440,13.26795,-17.90400,0.90603,0.05445
56285.584393,13.59913,0.00160,3.35720,13.15232,-14.79600,0.88034,0.05396
56304.623043,13.59674,0.00175,3.33418,13.23627,-4.19700,0.86622,0.05383
56509.904138,13.59978,0.00208,3.36974,13.17619,-1.30200,0.95357,0.05428
56510.902530,13.60185,0.00191,3.36890,13.33130,-11.70200,0.98885,0.05440
56514.903036,13.59438,0.00213,3.37009,13.25634,-17.38700,0.90003,0.05508
56515.864675,13.59545,0.00157,3.35629,13.34831,-11.04300,0.97035,0.05473
56516.932027,13.60164,0.00246,3.35920,13.23328,-8.69200,0.88516,0.05456
56518.904008,13.59608,0.00197,3.36052,13.33960,-16.62600,0.90217,0.05505
56519.878411,13.59264,0.00145,3.35914,13.39045,-7.39300,0.84260,0.05467
56520.844456,13.59543,0.00206,3.34764,13.40402,-5.72900,0.90343,0.05451
56521.880494,13.59497,0.00189,3.36013,13.37710,-5.69600,0.91711,0.05399
56523.872284,13.59993,0.00210,3.35285,13.48317,-8.62500,0.91189,0.05426
56524.833222,13.59475,0.00167,3.34643,13.40957,-11.75800,0.81014,0.05419
56525.833178,13.59567,0.00179,3.35012,13.37366,-5.80200,0.86719,0.05438
56530.894893,13.59721,0.00258,3.35678,13.31493,-6.55100,0.62715,0.05502
56531.776178,13.59203,0.00216,3.34475,13.25105,-10.61900,0.77320,0.05477
56532.746473,13.60133,0.00246,3.33048,13.25151,2.41100,0.59093,0.05431
56532.861608,13.60245,0.00239,3.35024,13.34839,-9.00600,0.69872,0.05474
56534.756799,13.60047,0.00240,3.34890,13.39694,-13.56200,0.83002,0.05451
56534.895882,13.60216,0.00156,3.36834,13.59934,-9.99800,0.82805,0.05478
56536.759053,13.59496,0.00192,3.35056,13.32355,-15.90900,0.83666,0.05457
56536.819705,13.59593,0.00450,3.36516,13.26975,-37.53300,0.73041,0.05465
56537.753615,13.59795,0.00222,3.34719,13.26488,-9.68600,0.73181,0.05474
56537.910627,13.59547,0.00190,3.34726,13.39337,-9.74700,0.79346,0.05462
56538.800136,13.59573,0.00230,3.34523,13.32618,-18.82500,0.71612,0.05468
56564.807535,13.60127,0.00176,3.36573,13.33620,-7.97700,0.96767,0.05388
56568.789558,13.60092,0.00221,3.34630,13.25064,-10.06900,0.80642,0.05369
56569.762689,13.60258,0.00193,3.35098,13.24308,-12.49200,0.75308,0.05392
56576.742456,13.59996,0.00164,3.35228,13.46891,-8.18200,0.86235,0.05378
56583.733688,13.60194,0.00153,3.36412,13.40071,-8.76100,0.86312,0.05434
56586.681427,13.60087,0.00180,3.35304,13.29600,-11.94000,0.88140,0.05461
56590.712809,13.59742,0.00218,3.35655,13.33438,-7.28300,0.87488,0.05462
56591.705931,13.59757,0.00242,3.36698,13.19955,-14.68800,0.68016,0.05457
56592.688300,13.60016,0.00169,3.35104,13.24054,-23.21400,0.85770,0.05468
56593.702924,13.60219,0.00169,3.35882,13.39924,-10.13900,0.97983,0.05510
56594.585928,13.60713,0.00232,3.35817,13.12117,-14.11600,0.87429,0.05450
56599.660938,13.60405,0.00231,3.36132,13.29721,-5.68900,0.79001,0.05444
56600.636339,13.60485,0.00225,3.36415,13.15658,-8.64600,0.88781,0.05417
56601.684283,13.60088,0.00152,3.37446,13.32202,-17.50800,0.98138,0.05438
56602.666683,13.59524,0.00183,3.36256,13.33914,-12.31800,0.91074,0.05482
56603.747517,13.59784,0.00165,3.34900,13.27602,-8.43200,1.02521,0.05465
56604.633309,13.60027,0.00174,3.35197,13.23647,-15.58300,0.94345,0.05394
56610.652082,13.59881,0.00230,3.36290,13.33974,-16.68400,0.95143,0.05349
56612.608512,13.60196,0.00204,3.35558,13.14563,-11.49600,0.81723,0.05319
56614.569439,13.60108,0.00190,3.34075,13.19132,-13.13100,0.83782,0.05333
56616.670354,13.60130,0.00163,3.34856,13.26269,-18.76900,0.88723,0.05331
56619.596705,13.59426,0.00251,3.36542,13.35203,-25.06000,0.58304,0.05328
56622.642703,13.60049,0.00180,3.35582,13.44265,-13.47500,0.91147,0.05384
56623.670455,13.59846,0.00174,3.35424,13.30237,-13.50100,0.89734,0.05433
56624.669203,13.59789,0.00159,3.37057,13.43783,-8.43000,0.83262,0.05394
56625.727611,13.59582,0.00175,3.34020,13.23279,-13.87500,0.80004,0.05359
56626.671291,13.59758,0.00179,3.35228,13.32172,-18.83800,0.79012,0.05422
56627.680694,13.59732,0.00158,3.35017,13.36101,-20.40800,0.88258,0.05417
56628.661349,13.60277,0.00343,3.34891,13.16246,0.30700,0.72993,0.05372
56629.702623,13.60034,0.00211,3.35180,13.27514,-10.80800,0.81146,0.05438
56630.635744,13.60075,0.00239,3.36774,13.33310,-5.39000,0.85869,0.05421
56632.599453,13.59953,0.00181,3.35079,13.30917,-24.09100,0.94877,0.05394
56677.577795,13.60200,0.00206,3.35544,13.30769,-11.57500,0.96870,0.05322
56678.541285,13.59772,0.00197,3.35753,13.34667,-8.36600,1.05591,0.05347
56814.930748,13.60061,0.00298,3.35791,13.18471,-25.39900,0.72350,0.05538
56815.929855,13.59863,0.00252,3.34379,13.21359,-8.00600,0.77898,0.05477
56817.924473,13.59621,0.00260,3.34730,13.13517,4.32200,0.79434,0.05498
56824.943215,13.59538,0.00205,3.34246,13.15784,-21.71300,0.81050,0.05421
56826.953102,13.60491,0.00195,3.34567,12.89205,-20.22300,0.76136,0.05359
56827.945124,13.60032,0.00219,3.35574,13.09369,-14.01500,0.75502,0.05423
56828.953374,13.60680,0.00215,3.34510,12.94325,-10.50700,0.62083,0.05384
56838.931070,13.59950,0.00200,3.36076,13.10607,-19.10500,0.96543,0.05406
56839.924059,13.60332,0.00318,3.34831,13.00040,1.45100,0.63773,0.05436
56840.924120,13.59765,0.00276,3.36374,13.11286,-20.14200,0.85377,0.05434
56841.923070,13.59892,0.00256,3.34584,13.05790,-17.02300,0.78629,0.05416
56858.926050,13.59495,0.00168,3.34875,13.32961,-10.40200,0.79011,0.05457
56862.916777,13.60073,0.00197,3.34532,13.32598,-7.45100,0.77904,0.05479
56863.925602,13.59727,0.00220,3.34959,13.25051,-18.79000,0.68462,0.05498
56871.873011,13.59718,0.00211,3.35209,13.29239,-10.12700,0.79041,0.05421
56872.895827,13.60134,0.00241,3.36758,13.25786,-19.92400,0.74436,0.05461
56873.918585,13.59768,0.00369,3.34955,13.20321,2.20800,0.54650,0.05484
56874.914258,13.59749,0.00220,3.35747,13.29366,-2.30400,0.80458,0.05492
56920.855587,13.60022,0.00224,3.36390,13.23916,-11.66300,0.92315,0.05390
56921.822521,13.60122,0.00170,3.35931,13.29958,-18.82800,0.92555,0.05413
56922.831215,13.60485,0.00180,3.35492,13.32503,-15.54900,0.93628,0.05375
56923.889018,13.60045,0.00314,3.35785,13.12486,-16.37100,0.79852,0.05351
56924.816816,13.59378,0.00167,3.37286,13.41404,-13.54300,0.90286,0.05396
56925.783814,13.59760,0.00173,3.35673,13.33992,-8.63500,0.90032,0.05384
56926.782931,13.59751,0.00232,3.37004,13.32315,-14.07600,0.81767,0.05375
56927.759163,13.60114,0.00189,3.36259,13.22574,-6.61400,0.89326,0.05411
56928.743357,13.60152,0.00159,3.35201,13.22369,-10.70900,0.91943,0.05422
56929.713846,13.59828,0.00211,3.34470,13.13957,-8.53000,0.85622,0.05410
56931.803538,13.59921,0.00163,3.36410,13.26887,-16.62100,0.92559,0.05441
56932.801581,13.59845,0.00189,3.37338,13.21400,-10.49300,0.91977,0.05369
56948.858596,13.59238,0.00172,3.33358,13.23405,-15.49000,0.86050,0.05470
56951.689543,13.59649,0.00182,3.35502,13.35604,-8.37600,0.83554,0.05437
56989.581458,13.59690,0.00194,3.34790,13.34840,-10.61400,0.94289,0.05416
56990.648986,13.59585,0.00187,3.37350,13.41220,-11.07500,0.90680,0.05445
56992.571667,13.59697,0.00176,3.35805,13.28010,-11.79900,0.87009,0.05416
56992.699714,13.59697,0.00194,3.35498,13.18169,-19.21400,0.87696,0.05457
56993.603765,13.60024,0.00186,3.37146,13.35763,-12.37600,0.84628,0.05446
56994.577938,13.59871,0.00210,3.36050,13.38463,-12.02200,0.86180,0.05436
56996.746809,13.59795,0.00208,3.33857,13.08755,-18.77300,0.81647,0.05471
56997.630082,13.59573,0.00197,3.36212,13.30026,-17.89200,0.83561,0.05453
56997.743894,13.59632,0.00223,3.34635,13.13081,-15.16400,0.70666,0.05441
56998.612607,13.59749,0.00160,3.35813,13.39541,-3.20300,0.89622,0.05467
56998.727726,13.59763,0.00215,3.33984,13.15415,-10.34200,0.71759,0.05443
56999.590548,13.59904,0.00148,3.35834,13.39013,-10.43900,0.86654,0.05437
56999.691408,13.60006,0.00218,3.34688,13.19096,-13.43500,0.82198,0.05483
57000.624733,13.59798,0.00180,3.35532,13.26103,-21.57400,0.86571,0.05509
57002.600134,13.59399,0.00175,3.35963,13.30760,-14.83400,0.88429,0.05442
57002.725622,13.59403,0.00186,3.35006,13.20158,-13.93800,0.86299,0.05426
57003.592537,13.59658,0.00165,3.37124,13.41869,-11.20200,0.92886,0.05436
57003.741542,13.59792,0.00182,3.34774,13.08552,-25.21500,0.77343,0.05441
57008.593347,13.59829,0.00203,3.36301,13.38047,2.93000,0.85301,0.05403
57009.590606,13.59517,0.00171,3.37979,13.50938,-17.60300,0.93733,0.05387
57018.590364,13.60278,0.00171,3.37837,13.27469,-2.01900,1.00588,0.05335
57019.578810,13.60469,0.00189,3.37391,13.18844,-3.66200,0.97577,0.05381
57020.582798,13.60028,0.00164,3.37259,13.29449,-12.53700,0.97766,0.05410
57021.591889,13.59090,0.00373,3.32291,12.78210,-11.03100,1.03731,0.05484
57022.614220,13.59623,0.00166,3.35418,13.21407,-12.69400,1.00566,0.05361
57044.550952,13.59706,0.00153,3.36711,13.28446,-15.80700,0.99978,0.05477
57045.549162,13.59507,0.00166,3.35588,13.23429,-7.13200,0.91933,0.05502
57046.554652,13.59548,0.00187,3.34107,13.15156,-2.81900,0.89711,0.05508
57047.569887,13.60157,0.00168,3.35764,13.23505,-8.67300,0.89177,0.05408
57048.548319,13.60142,0.00157,3.35951,13.28153,-8.77500,1.00030,0.05420
57049.529101,13.59764,0.00150,3.37323,13.35810,-13.89900,0.93609,0.05490
57050.546027,13.59415,0.00167,3.36208,13.22924,-14.20600,0.92692,0.05421
57051.545060,13.59532,0.00209,3.36858,13.25684,-0.12100,0.92287,0.05396
57052.551385,13.59477,0.00165,3.36786,13.36550,-8.02200,0.95279,0.05419
57053.548499,13.60393,0.00198,3.36492,13.33053,-6.70300,0.77403,0.05439
57054.538773,13.59766,0.00171,3.37347,13.32750,-10.44900,0.87384,0.05433
57055.538746,13.59712,0.00176,3.36113,13.25527,-11.96000,0.87020,0.05383
57056.540513,13.59660,0.00185,3.36280,13.24985,-10.88700,0.94694,0.05374
57057.534272,13.59622,0.00190,3.36615,13.24590,-10.45400,0.84554,0.05410
57058.545935,13.60277,0.00172,3.35166,13.22015,-11.76700,0.85241,0.05419
57061.537194,13.60135,0.00301,3.36111,13.12634,-14.76200,0.95794,0.05270
57062.534138,13.59869,0.00162,3.34155,13.11857,-15.24800,0.95880,0.05439
57064.539394,13.60048,0.00228,3.34619,13.03379,-2.65100,0.76377,0.05367
57065.532395,13.60120,0.00213,3.33874,13.12294,-14.90000,0.83799,0.05335
57066.529979,13.60299,0.00299,3.35416,13.04852,-13.60000,0.63750,0.05369
57248.913436,13.59953,0.00599,3.42099,13.28269,32.04900,0.34144,0.05396
57249.881901,13.59667,0.00183,3.39164,13.20601,-7.67400,0.80189,0.05425
57251.900642,13.59395,0.00335,3.40118,13.20227,-2.82900,0.57011,0.05441
57252.899165,13.59431,0.00171,3.39151,13.16291,0.50400,0.84095,0.05450
57253.923291,13.59465,0.00152,3.38929,13.21238,1.80100,0.86602,0.05417
57255.843118,13.59570,0.00236,3.42720,13.34035,0.40200,0.75318,0.05373
57256.808083,13.59577,0.00241,3.40688,13.25737,-10.34300,0.80660,0.05386
57257.843294,13.59706,0.00127,3.39323,13.20139,-0.31700,0.94394,0.05512
57258.811082,13.58263,0.00167,3.41246,13.33552,-7.59100,0.84434,0.05462
57260.838593,13.59636,0.00226,3.40873,13.34329,-3.93500,0.80614,0.05437
57263.826312,13.60248,0.00194,3.40278,13.37434,-8.95000,0.92533,0.05426
57264.840822,13.60245,0.00138,3.39402,13.25265,-3.28400,0.87470,0.05423
57265.829183,13.60303,0.00241,3.40305,13.40610,-9.67400,0.81586,0.05452
57269.835246,13.59949,0.00177,3.39712,13.28066,-2.78400,0.89602,0.05436
57270.897448,13.59730,0.00149,3.38652,13.15002,3.01700,0.89227,0.05444
57273.820018,13.59352,0.00182,3.40733,13.26877,1.71600,0.76721,0.05428
57274.829134,13.60102,0.00151,3.39878,13.20592,4.82800,0.86925,0.05451
57276.776977,13.60480,0.00265,3.39867,13.27314,8.64900,0.76571,0.05378
57277.807167,13.60106,0.00184,3.39619,13.31228,1.64500,0.87513,0.05396
57278.843490,13.59658,0.00177,3.39789,13.33575,-1.01400,0.78305,0.05399
57291.849971,13.60073,0.00165,3.38654,13.20899,-6.33700,0.87905,0.05437
57292.851251,13.59815,0.00154,3.39029,13.19300,6.23800,0.81225,0.05472
57293.702352,13.59587,0.00198,3.39639,13.25714,-0.93600,0.79322,0.05533
57293.849809,13.59829,0.00156,3.38711,13.05976,-3.96900,0.77868,0.05456
57306.677126,13.59781,0.00178,3.40989,13.42505,4.93200,0.87638,0.05419
57306.844106,13.59900,0.00173,3.39117,13.20205,1.45300,0.92928,0.05446
57307.674587,13.59869,0.00145,3.39457,13.34392,-3.35300,0.90137,0.05391
57307.836139,13.59266,0.00603,3.38783,13.16774,99.00000,99.00000,0.05344
57308.747244,13.59566,0.00228,3.40634,13.30861,-10.78500,0.96410,0.05496
57311.706421,13.60054,0.00182,3.40188,13.35921,-4.51400,0.92338,0.05451
57311.865483,13.60088,0.00153,3.37142,13.11247,0.22900,0.81339,0.05432
57312.612196,13.59665,0.00155,3.40356,13.42444,-2.64400,0.95504,0.05439
57312.833689,13.59624,0.00174,3.38019,13.22558,0.30500,0.91122,0.05436
57318.607733,13.59942,0.00175,3.39599,13.34035,-3.50100,0.93871,0.05477
57318.817847,13.59755,0.00151,3.38780,13.17087,-6.42600,0.91751,0.05448
57319.727316,13.59413,0.00297,3.41124,13.37541,4.55200,0.74901,0.05437
57319.810394,13.58975,0.00290,3.40478,13.19515,-12.58000,0.76969,0.05414
57321.614538,13.59868,0.00166,3.40100,13.26734,5.52100,0.83963,0.05418
57324.626352,13.59948,0.00164,3.40719,13.31540,-1.43000,0.90288,0.05454
57324.853234,13.59528,0.00218,3.37680,12.94524,-0.08700,0.69849,0.05471
57325.602745,13.60049,0.00139,3.40115,13.29440,0.93500,0.87488,0.05415
57325.812706,13.60015,0.00147,3.36939,12.95619,-3.60000,0.86889,0.05427
57328.664922,13.60144,0.00284,3.41158,13.20892,8.73500,0.79694,0.05431