6376.7107491,-20.39022,0.00443
6408.6293273,-20.50192,0.00553
6435.4660908,-20.54913,0.00603
6483.4657740,-20.29799,0.00763
6485.4975940,-20.26363,0.00376
6486.4599860,-20.55820,0.00376
6506.4943363,-20.33670,0.00453
6702.6987335,-20.17508,0.00533
6821.6773089,-20.21916,0.00860
7113.6100500,-20.14767,0.00556
7116.5880007,-20.50877,0.00391
4602.8561005,-0.192411,0.003652,HAT-P-14
4603.1007295,-0.202612,0.003640,HAT-P-14
4603.8610655,-0.147392,0.003743,HAT-P-14
4604.0935885,-0.0086262,0.004031,HAT-P-14
4633.9913898,0.206287,0.003961,HAT-P-14
4634.9324898,-0.098086,0.003846,HAT-P-14
4635.9785308,-0.195404,0.003504,HAT-P-14
4637.9617838,0.211793,0.003870,HAT-P-14
4639.0123048,0.102313,0.004050,HAT-P-14
4641.9846079,0.116474,0.004265,HAT-P-14
4777.7092850,0.151247,0.004325,HAT-P-14
4955.0832342,-0.207078,0.003181,HAT-P-14
5017.0135572,0.142729,0.004081,HAT-P-14
5106.7730284,-0.014418,0.004846,HAT-P-14
5850.7349403,0.207271,0.005354,HAT-P-14
6147.7597801,0.038003,0.005468,HAT-P-14
5024.5363,-20.6620,0.0071,-0.0031,FIES,
5025.5236,-20.4951,0.0104,0.0030,FIES,
5026.4324,-20.2582,0.0105,-0.0155,FIES,
5026.6481,-20.2427,0.0145,0.0010,FIES,
5040.5041,-20.1997,0.0179,-0.0326,FIES,
5041.5629,-20.3024,0.0178,-0.0260,FIES,
5085.3553,-20.5455,0.0072,0.0119,FIES,
5086.3534,-20.2943,0.0150,-0.0064,FIES,
5087.3509,-20.2642,0.0126,-0.0072,FIES,
5096.4062,-20.2160,0.0147,0.0046,FIES,
5098.3406,-20.6554,0.0073,-0.0336,FIES,
5099.3361,-20.5338,0.0088,-0.0087,FIES,
5100.3558,-20.2565,0.0127,-0.0021,FIES,
5101.3677,-20.2778,0.0121,-0.0029,FIES,
5119.3355,-20.2386,0.0150,-0.0014,FIES,
5291.6152,-20.3542,0.0094,-0.0026,FIES,
5291.6300,-20.3725,0.0080,0.0090,FIES,
5291.6449,-20.3932,0.0075,0.0016,FIES,
5291.6597,-20.3904,0.0095,-0.0074,FIES,
5291.6746,-20.3904,0.0063,-0.0294,FIES,
5291.6895,-20.3837,0.0079,-0.0231,FIES,
5291.7043,-20.4016,0.0086,-0.0029,FIES,
5291.7192,-20.3857,0.0063,-0.0054,FIES,
5291.7340,-20.3984,0.0065,0.0062,FIES,
5068.3272,-20.1678,0.0146,0.0236,SOPHIE,
5071.4331,-20.5014,0.0123,0.0540,SOPHIE,
5072.3251,-20.2567,0.0126,-0.0163,SOPHIE,
5073.3273,-20.1498,0.0166,-0.0242,SOPHIE,
5074.4166,-20.4524,0.0133,0.0372,SOPHIE,
5075.4225,-20.6275,0.0132,0.0031,SOPHIE,
5076.3691,-20.4281,0.0192,-0.0165,SOPHIE,
5079.3532,-20.5479,0.0144,0.0437,SOPHIE,
5080.3964,-20.5847,0.0162,0.0308,SOPHIE,
4602.85803,-0.19302,0.00363,-5.39,6.36,0.469,
4603.10266,-0.20831,0.00297,-0.62,5.69,0.471,
4603.86301,-0.16307,0.00339,-0.31,5.59,0.464,
4604.09553,-0.09563,0.00335,-8.06,6.65,0.461,
4633.99341,0.19789,0.00359,6.31,3.95,0.461,
4634.93450,-0.10457,0.00308,6.21,4.03,0.463,
4635.98053,-0.20708,0.00348,2.08,4.76,0.463,
4637.96376,0.20073,0.00310,1.88,4.99,0.464,
4639.01426,0.09031,0.00334,6.15,3.97,0.470,
4641.98653,0.10138,0.00420,1.57,4.96,0.459,
4777.70610,0.12449,0.00394,-0.40,5.36,0.459,
4955.08247,-0.21327,0.00365,-1.55,5.37,0.463,
5017.01279,0.12695,0.00344,10.95,3.44,0.468,
5106.77226,-0.02759,0.00434,-18.36,8.23,0.456,