3747.60878,-22510,680
3752.60888,-22900,530
3898.95199,-21100,640
3989.86141,-23280,670
4016.62714,-23670,550
4042.68540,-22080,480
4075.65687,-22390,490
4104.59826,-22200,570
6174.5579581,-22306.48,5.50
6484.6106387,-22480.46,7.40
6531.6757285,-22248.87,5.72
6543.4172141,-22384.70,7.47
6618.4773243,-22293.97,5.47
6620.3228585,-22389.38,5.25
6653.3729256,-22554.77,6.02
6861.6532980,-22335.34,5.57
6878.6240306,-22445.47,5.69
7037.3340328,-22436.48,8.06
7270.6037766,-22274.22,5.00
7291.3696438,-22280.87,5.63
5072.45560,-22546.3,18.4
5080.52188,-22286.4,18.5
5088.49962,-22344.5,18.9
5395.55227,-22484.0,20.8
5396.52298,-22227.5,17.8
5397.39997,-22355.3,18.5
5397.40930,-22390.4,18.0
5397.41822,-22371.8,18.6
5397.43378,-22294.4,17.6
5397.44022,-22271.4,17.5
5397.44685,-22263.4,17.5
5397.45327,-22288.7,18.3
5397.46034,-22298.9,17.8
5397.46719,-22286.9,17.2
5397.47357,-22316.9,17.3
5397.47896,-22286.4,17.1
5397.48420,-22313.5,17.1
5397.48938,-22357.0,17.5
5397.49458,-22338.2,17.4
5397.50028,-22374.1,17.3
5397.51130,-22415.6,17.5
5397.51675,-22409.0,17.5
5397.52222,-22474.0,17.7
5397.52780,-22452.7,17.8
5397.53327,-22453.9,17.6
5397.53856,-22447.5,17.8
5397.54369,-22495.9,17.6
5397.54868,-22466.2,17.7
5397.55407,-22457.5,17.5
5397.55914,-22463.9,17.6
5397.56427,-22435.9,18.0
5397.56930,-22434.5,18.1
5397.57425,-22398.8,18.1
5397.57918,-22394.6,18.4
5397.58403,-22393.2,18.5
5397.58884,-22396.1,18.3
5397.59440,-22397.3,18.6
5397.59935,-22398.9,18.5
5397.60439,-22419.4,18.4
5397.60947,-22403.7,18.4
5398.53561,-22518.2,15.5
4336.8311637,-190.140,3.938,HAT-P-8
4337.7936526,7.912,4.126,HAT-P-8
4337.9113606,32.280,4.066,HAT-P-8
4338.8051456,90.888,3.582,HAT-P-8
4338.9110016,73.151,3.821,HAT-P-8
4339.7895085,-190.059,3.834,HAT-P-8
4343.8626104,-19.007,3.925,HAT-P-8
4344.9940104,88.126,4.316,HAT-P-8
4396.8065322,121.584,4.757,HAT-P-8
4427.8043213,118.349,4.870,HAT-P-8
4808.7946118,108.567,4.501,HAT-P-8
5015.0697444,120.510,4.625,HAT-P-8
5376.0916535,-82.503,5.004,HAT-P-8
6113.1157856,60.924,5.949,HAT-P-8
6115.1172307,-186.704,6.667,HAT-P-8
6533.0415049,-134.347,7.061,HAT-P-8