2457067.62167,-25.89,22.00,95.00,19.00,0.897403,HARPS,
2457068.65140,-102.89,33.00,97.00,30.00,0.122352,HARPS,
2457069.66662,-76.89,23.00,-2.00,21.00,0.344129,HARPS,
2457070.67868,-22.89,20.00,7.00,17.00,0.565219,HARPS,
2457071.64200,75.11,17.00,9.00,14.00,0.775658,HARPS,
2457072.64113,13.11,26.00,9.00,21.00,0.993922,HARPS,
2457083.02827,16.80,17.10,0.263031,CYCLOPS
2457083.04429,-140.40,16.80,0.266531,CYCLOPS
2457083.06038,-134.10,39.50,0.270045,CYCLOPS
2457118.58681,-8.89,22.00,-7.00,19.00,0.030919,HARPS,
2457119.52550,3.11,25.00,-51.00,21.00,0.235980,HARPS,
2457120.57144,10.11,33.00,146.00,26.00,0.464468,HARPS,
2457329.85316,-106.89,35.00,37.00,26.00,0.182802,HARPS,
2457331.84959,72.11,21.00,-49.00,17.00,0.618930,HARPS,
2457331.86410,82.11,21.00,-28.00,17.00,0.622100,HARPS,
2457332.83972,73.11,21.00,9.00,19.00,0.835227,HARPS,
2457466.55350,29.11,32.00,16.00,21.00,0.045477,HARPS,
2457467.54434,-33.89,18.00,-1.00,11.00,0.261930,HARPS,
2457468.55331,2.11,18.00,-25.00,11.00,0.482342,HARPS,
2457495.58378,-40.89,20.00,24.00,14.00,0.387245,HARPS