2454337.1168571,-163.584,2.272,HAT-P-15
2454339.1436171,-78.681,2.792,HAT-P-15
2454344.0609080,82.385,2.531,HAT-P-15
2454370.9755028,-228.870,2.736,HAT-P-15
2454371.9731998,-28.489,2.403,HAT-P-15
2454372.0991138,-27.248,2.068,HAT-P-15
2454372.9688478,111.205,2.125,HAT-P-15
2454373.1149478,122.500,2.058,HAT-P-15
2454397.9120427,122.971,2.874,HAT-P-15
2454399.0267177,46.529,24543.356,HAT-P-15
2454427.9782118,165.842,2.826,HAT-P-15
2454428.9079798,171.003,24543.504,HAT-P-15
2454455.9311279,-139.125,24543.045,HAT-P-15
2454460.8664518,165.822,24543.477,HAT-P-15
2454548.7719364,165.741,2.566,HAT-P-15
2454728.0327902,-172.441,2.466,HAT-P-15
2454778.9289353,61.563,2.671,HAT-P-15
2454809.8648489,156.837,24543.032,HAT-P-15
2454810.8424759,120.643,24543.454,HAT-P-15
2455109.1340293,-189.311,2.747,HAT-P-15
2455192.9477659,-22.647,2.181,HAT-P-15
2455193.9111860,-80.670,2.577,HAT-P-15
2455437.1090934,55.387,2.381,HAT-P-15
2455842.9716895,92.770,6.103,HAT-P-15
2455880.8957340,-144.066,2.793,HAT-P-15
2455901.9543089,-171.534,2.628,HAT-P-15
2455931.8954977,-43.155,2.713,HAT-P-15
2456195.0731610,-176.821,2.304,HAT-P-15
2456196.0937940,-115.464,2.330,HAT-P-15
2454337.11515,-169.94,2.28,245436.70,6.25,0.1660,-4.941
2454339.14209,-85.37,2.75,-14.98,9.46,0.1690,-4.923
2454344.05984,77.73,2.40,26.77,6.66,0.1650,-4.947
2454345.13121,-3.91,2.35,25.23,7.10,0.1640,-4.953
2454370.97691,-234.64,2.76,-114.84,15.74,0.1750,-4.890
2454371.97469,-34.16,2.29,-4.51,8.90,0.1690,-4.923
2454372.10061,-32.06,2.10,-57.00,12.36,0.1670,-4.935
2454372.97042,105.93,2.15,2.03,8.37,0.1730,-4.901
2454373.11653,118.15,2.03,7.31,8.35,0.1650,-4.947
2454397.91546,115.53,2.75,-15.73,10.65,0.1660,-4.941
2454399.03020,40.572454,3.37,-102.32,19.47,0.1750,-4.890
2454427.98281,159.16,2.68,8.79,9.32,0.1620,-4.965
2454428.91259,167.012454,3.46,-17.89,12.52,0.1660,-4.941
2454455.93552,-147.172454,3.07,29.07,6.58,0.1710,-4.912
2454460.87067,160.042454,3.45,26.32,6.95,0.1550,-5.012
2454548.76912,159.50,2.44,245430.05,6.95,0.1720,-4.906
2454728.03347,-179.29,2.33,22.53,7.25,0.1670,-4.935
2454778.93314,55.05,2.66,27.48,7.17,0.1660,-4.941
2454809.86948,151.702454,3.05,26.90,6.85,0.1640,-4.953
2454810.84709,116.502454,3.53,28.02,7.00,0.1600,-4.978
2455109.13606,-192.39,2.72,-83.90,14.61,0.1590,-4.985
2455192.94775,-32.84,2.99,27.35,6.82,0.1510,-5.041
2455192.95593,-23.64,2.92,27.56,6.57,0.1540,-5.019
2455193.91529,-87.16,2.42,245433.33,6.45,0.1670,-4.935