7109.90663,-115.04,11.00,16.0,18.0,0.307,Coralie
7118.90238,150.99,7.00,1.0,28.0,0.835,HARPS
7119.85968,-166.01,9.00,-22.0,38.0,0.211,HARPS
7120.89565,120.99,6.00,-2.0,24.0,0.617,HARPS
7150.22296,-94.90,12.00,0.120,CYCLOPS2
7150.23892,-138.80,12.40,0.126,CYCLOPS2
7150.25487,-101.70,12.60,0.133,CYCLOPS2
7151.26648,56.90,11.80,0.529,CYCLOPS2
7151.28183,62.40,14.80,0.535,CYCLOPS2
7151.29714,54.70,12.20,0.541,CYCLOPS2
7152.18422,87.60,10.40,0.889,CYCLOPS2
7152.19954,81.50,8.60,0.895,CYCLOPS2
7152.21486,75.50,7.40,0.901,CYCLOPS2
7156.17139,-38.60,19.80,0.453,CYCLOPS2
7156.18735,-57.70,17.20,0.459,CYCLOPS2
7166.75718,119.88,10.00,13.0,14.0,0.605,FEROS
7179.83946,219.96,13.00,5.0,22.0,0.736,Coralie
7180.77062,-154.04,14.00,53.0,24.0,0.102,Coralie
7181.85831,17.96,14.00,41.0,22.0,0.528,Coralie
7182.81335,123.96,13.00,34.0,22.0,0.903,Coralie
7187.78052,160.88,10.00,4.0,12.0,0.851,FEROS
7187.79155,132.88,10.00,12.0,11.0,0.855,FEROS
7212.69884,59.88,12.00,-63.0,17.0,0.625,FEROS