6326.58810,42.15,24.93,-18.2,15.9,0.716,TRES
6549.78555,-57.10,47.30,24.4,31.6,0.266,TRES
6551.82293,23.30,36.39,44.7,35.9,0.691,TRES
6558.92278,-32.08,34.84,-51.5,28.6,0.172,TRES
6573.89597,-44.23,19.98,15.3,10.0,0.295,TRES
6574.90009,-41.76,24.66,4.4,14.1,0.504,TRES
6575.79583,38.08,23.17,-16.4,15.2,0.691,TRES
6576.77948,9.39,24.46,-1.6,17.9,0.896,TRES
6577.80537,-33.50,24.93,-3.6,31.4,0.110,TRES
6578.74876,-61.26,18.25,-7.1,14.2,0.307,TRES
6580.72123,66.89,18.25,5.2,14.7,0.718,TRES
6581.79896,32.21,21.62,13.8,14.6,0.943,TRES
6582.85746,-63.67,21.79,-9.5,11.2,0.164,TRES
6593.49292,-16.13,32.40,-82.7,64.8,0.382,Sophie
6595.51401,32.07,27.10,-54.7,54.1,0.803,Sophie
6596.66289,-15.03,22.50,28.5,45.0,0.043,Sophie
6597.40379,-27.23,22.30,-23.5,44.6,0.197,Sophie
6599.55850,35.07,14.40,-74.3,28.8,0.647,Sophie
6600.53433,45.07,26.20,-38.2,52.3,0.850,Sophie
6601.63510,-28.93,22.50,15.5,45.0,0.080,Sophie
6602.40299,-67.13,15.10,-10.2,30.2,0.240,Sophie
6637.75333,29.51,3.22,6.3,3.2,0.121,0.613,HIRES
6638.81890,33.03,4.25,0.3,2.8,0.123,0.835,HIRES
7353.80988,36.33,4.11,-8.1,5.4,0.124,0.954,HIRES
7354.79800,-40.93,3.99,8.4,4.5,0.124,0.160,HIRES
7355.79193,-21.46,3.78,-0.8,3.7,0.123,0.367,HIRES
7355.89024,-7.1,4.1,0.122,0.387,HIRES
7378.72938,-26.21,4.10,-0.3,3.6,0.126,0.151,HIRES
7401.88232,22.14,4.50,10.4,4.5,0.121,0.980,HIRES
7412.79458,-58.33,4.40,-9.1,3.5,0.128,0.255,HIRES