2456939.87473,237.04,112.00,-404.00,21.00,0.373429,Coralie
2456969.82238,107.04,117.00,-399.00,22.00,0.514626,Coralie
2456971.81055,-693.96,146.00,-617.00,35.00,0.988716,Coralie
2457080.00880,666.54,118.60,0.789235,CYCLOPS
2457080.07261,431.24,223.90,0.804450,CYCLOPS
2457080.08861,1289.54,31.60,0.808265,CYCLOPS
2457082.92936,-171.56,90.80,0.485659,CYCLOPS
2457082.94532,26.94,59.80,0.489464,CYCLOPS
2457082.96128,157.44,74.90,0.493270,CYCLOPS
2457109.59087,-68.96,166.00,-654.00,32.00,0.843255,Coralie
2457150.86119,1139.44,111.50,0.684409,CYCLOPS
2457150.87728,985.24,87.40,0.688246,CYCLOPS
2457282.89965,-1104.96,117.00,-296.00,29.00,0.169766,Coralie
2457312.79578,-656.96,107.00,-166.00,26.00,0.298676,Coralie
2457318.75358,336.04,120.00,239.00,26.00,0.719348,Coralie
2457329.76516,-584.98,83.00,-121.00,49.00,0.345125,HARPS,
2457331.78101,744.02,52.00,-238.00,26.00,0.825817,HARPS,
2457332.79161,-1197.98,57.00,-72.00,31.00,0.066801,HARPS,
2457408.60163,-1167.96,82.00,-44.00,22.00,0.144152,Coralie
2457409.56696,367.04,93.00,-679.00,25.00,0.374341,Coralie
2457410.69245,1233.04,79.00,-307.00,21.00,0.642719,Coralie
2457411.56574,912.04,137.00,-10178.00,26.00,0.850960,Coralie
2457467.50487,-918.98,69.00,-134.00,24.00,0.189981,HARPS,
2457468.49670,426.02,81.00,11.00,28.00,0.426488,HARPS,