6056.30075,8.46,27.71,0.758,CYCLOPS
6058.30697,75.46,29.67,0.370,CYCLOPS
6059.22652,-123.54,54.50,0.651,CYCLOPS
6078.90739,45.39,48.00,71.0,21.0,0.657,FEROS
6081.81053,-12.56,33.00,-18.0,26.0,0.542,Coralie
6081.83445,8.39,27.00,0.0,13.0,0.550,FEROS
6082.82285,-4.56,59.00,-119.0,32.0,0.851,Coralie
6083.81288,34.44,45.00,-49.0,29.0,0.154,Coralie
6084.81066,92.44,61.00,43.0,32.0,0.458,Coralie
6084.87827,-31.61,25.00,12.0,12.0,0.479,FEROS
6085.80613,65.44,41.00,-37.0,29.0,0.762,Coralie
6086.82607,-3.61,27.00,28.0,13.0,0.073,FEROS
6115.62169,5.39,30.00,-22.0,14.0,0.861,FEROS
6117.82431,-42.61,26.00,21.0,13.0,0.533,FEROS
6119.61318,-313.61,44.00,-2.0,19.0,0.079,FEROS
6121.77062,35.39,31.00,33.0,14.0,0.737,FEROS
6146.62531,103.39,55.00,18.0,24.0,0.322,FEROS
6160.69397,-123.56,39.00,-275.0,29.0,0.615,Coralie
6161.71214,-10.56,68.00,25.0,37.0,0.926,Coralie
6162.70203,62.44,60.00,-500.0,37.0,0.228,Coralie
6164.76605,-13.56,86.00,40.0,37.0,0.858,Coralie
6208.66128,-36.61,34.00,15.0,16.0,0.253,FEROS
6209.66229,-22.61,40.00,18.0,18.0,0.559,FEROS
6211.55179,-77.61,27.00,-3.0,13.0,0.135,FEROS
6213.54483,-7.61,29.00,4.0,14.0,0.744,FEROS
6213.64302,44.39,34.00,40.0,16.0,0.774,FEROS
6397.87976,-22.61,28.00,7.0,13.0,0.997,FEROS
6399.86160,24.39,27.00,3.0,13.0,0.602,FEROS
6401.83768,-55.61,27.00,14.0,13.0,0.205,FEROS
6406.87322,24.39,29.00,15.0,14.0,0.741,FEROS
6409.79398,128.39,44.00,79.0,19.0,0.633,FEROS
6411.80155,-44.61,36.00,47.0,16.0,0.245,FEROS
6432.89623,-304.0,145.6,0.683,PFS
6432.91032,577.6,215.4,0.687,PFS
6434.90185,16.04,9.81,2.4,52.5,0.295,PFS
6434.91627,34.83,9.46,24.1,30.3,0.299,PFS
6435.91123,-1.1,81.6,0.603,PFS
6435.92819,-65.9,137.7,0.608,PFS
6436.91820,7.04,8.47,0.0,26.9,0.910,PFS
6436.93252,24.47,8.23,-52.9,30.4,0.914,PFS
6437.91553,-30.33,8.49,-54.6,26.6,0.214,PFS
6437.93011,-53.53,8.03,0.0,18.7,0.219,PFS
6438.90740,0.0,148.7,0.517,PFS
6488.85671,-4.61,31.00,37.0,14.0,0.760,FEROS
6490.87482,-28.61,32.00,16.0,15.0,0.376,FEROS
6540.64554,-79.61,46.00,-34.0,20.0,0.564,FEROS
6547.63673,-16.61,33.00,-31.0,15.0,0.698,FEROS