6991.98631,-26.96,45.68,0.227,TRES
7061.78904,85.42,58.94,0.713,TRES
7064.81417,132.13,59.20,0.731,TRES
7079.67198,54.56,57.38,0.730,TRES
7110.88787,-60.24,49.59,0.233,TRES
7112.39413,74.38,17.40,4.6,31.3,0.740,Sophie
7136.46148,84.58,12.70,0.8,22.9,0.838,Sophie
7146.66832,-108.08,42.72,0.272,TRES
7167.68267,-22.39,54.73,0.343,TRES
7168.70209,116.29,42.72,0.686,TRES
7180.66291,190.92,75.28,0.710,TRES
7191.40443,-132.24,20.50,-42.1,36.9,0.324,Sophie
7195.40734,71.00,16.30,61.3,29.3,0.671,Sophie
7331.65788,-22.35,16.10,30.7,29.0,0.515,Sophie
7333.68313,-89.69,13.40,33.6,24.1,0.196,Sophie
7334.67374,9.77,10.60,17.4,19.1,0.529,Sophie
7335.68108,94.91,11.70,57.0,21.1,0.868,Sophie
7379.14314,-17.16,4.52,5.2,5.5,0.492,HIRES
7400.62823,92.74,13.00,48.4,23.4,0.721,Sophie
7402.71917,-53.77,17.00,-29.5,30.6,0.424,Sophie
7403.52312,91.28,18.30,-6.8,32.9,0.695,Sophie
7404.61059,-18.72,17.00,-3.1,30.6,0.061,Sophie
7405.56638,-60.84,14.00,25.1,25.2,0.382,Sophie
7412.16895,51.53,3.81,4.8,8.7,0.604,HIRES
7413.08806,61.91,3.34,-3.3,4.6,0.913,HIRES
7413.94835,-67.66,2.93,5.4,3.0,0.202,HIRES
7415.04674,37.83,3.20,-14.4,5.7,0.572,HIRES
7422.94521,2.3,2.2,0.230,HIRES