6623.81875,-29.87,28.00,0.546,FEROS
6631.84997,1.13,42.00,0.182,FEROS
6633.85574,58.13,30.00,0.590,FEROS
6636.81310,-91.87,28.00,0.193,FEROS
7031.75483,97.13,28.00,13.0,11.0,0.647,FEROS
7033.86582,74.13,29.00,0.077,FEROS
7035.79862,-65.87,31.00,0.471,FEROS
7037.76878,15.13,28.00,39.0,11.0,0.872,FEROS
7049.76507,-134.87,34.00,0.316,FEROS
7053.85331,-115.87,33.00,27.0,13.0,0.149,FEROS
7054.78891,22.13,30.00,43.0,12.0,0.339,FEROS
7055.81883,18.13,30.00,-192.0,12.0,0.549,FEROS
7056.86865,152.13,33.00,-76.0,13.0,0.763,FEROS
7057.69446,56.13,26.00,-25.0,11.0,0.931,FEROS
7068.71825,-318.73,72.00,0.177,HARPS
7068.79614,-185.73,36.00,0.193,HARPS
7069.75756,-169.73,57.00,0.389,HARPS
7070.72460,132.27,55.00,0.586,HARPS
7071.74086,38.27,26.00,0.793,HARPS
7072.69550,14.27,34.00,-93.0,21.0,0.987,HARPS
7118.63520,3.27,42.00,0.346,HARPS
7119.57896,-129.87,30.00,0.538,FEROS
7119.64702,26.27,44.00,-24.0,29.0,0.552,HARPS
7120.61192,143.27,42.00,0.748,HARPS
7495.64165,-76.73,33.00,-192.0,18.0,0.146,HARPS
7498.62713,1.27,48.00,0.754,HARPS
7707.85988,126.47,86.20,91.0,39.0,0.377,HARPS
7708.79213,107.37,42.90,148.0,20.0,0.567,HARPS
7733.74974,144.13,35.70,82.0,13.0,0.652,FEROS
7804.60594,12.83,36.60,65.0,14.0,0.086,FEROS