2455017.0936186,-512.623,2.587,HAT-P-16
2455019.0948975,200.404,3.048,HAT-P-16
2455107.0972228,466.620,2.821,HAT-P-16
2455108.9803558,-471.115,2.773,HAT-P-16
2455112.1243177,-86.335,3.345,HAT-P-16
2455135.0225803,522.124,2.601,HAT-P-16
2455437.0783924,113.934,3.023,HAT-P-16
2455557.9161644,-137.268,3.278,HAT-P-16
2456113.1179230,-132.219,3.198,HAT-P-16
2456134.1304862,424.400,3.232,HAT-P-16
2455048.64476,-137.7,4.6,16.2,11.9,FIES,h,
2455049.70638,-339.5,10.5,-4.8,16.5,FIES,h,
2455050.68239,-911.9,6.1,-21.3,12.5,FIES,h,
2455051.73142,60.3,5.8,3.5,11.1,FIES,h,
2455052.68956,-579.8,4.4,-6.0,9.9,FIES,h,
2455053.71751,-674.7,11.3,8.8,20.5,FIES,h,
2455054.71713,66.2,5.7,3.6,9.2,FIES,h,
2455107.58955,0.7,5.2,6.0,7.6,FIES,m,
2455108.62791,-965.2,5.3,-4.6,7.2,FIES,m,
2455109.56094,-310.4,7.0,0.9,12.5,FIES,m,
2455110.54715,-128.9,7.5,-12.1,6.4,FIES,m,
2455111.56509,-989.4,4.1,2.5,5.0,FIES,m,
2455112.60304,-53.7,5.5,0.3,8.4,FIES,m,
2455113.50725,-294.7,4.7,14.9,6.4,FIES,m,
2455114.53303,-924.1,4.5,-1.5,7.7,FIES,m,
2455116.52227,-558.0,5.3,-1.3,8.0,FIES,m,
2455122.51752,-941.1,7.5,-0.6,10.2,FIES,m,
2455123.46870,-262.4,4.7,1.5,8.4,FIES,m,
2455124.48749,-161.9,7.9,0.9,12.0,FIES,m,
2455125.44928,1008.8,5.9,-8.1,9.0,FIES,m,
2455126.47958,-29.8,5.2,1.3,8.2,FIES,m,
2455017.09285,-531.7,2.3,-3.1,4.3,HIRES,
2455019.09413,179.5,2.6,-18.1,5.8,HIRES,
2455107.09645,445.3,2.4,-2.9,3.9,HIRES,
2455108.97959,-497.6,2.6,33.5,1.7,HIRES,
2455112.12355,-109.3,2.8,6.7,2.1,HIRES,
2455135.02181,510.9,2.5,-5.8,4.6,HIRES,
2456528.6530336,-15990.47,2.66
2456565.7271963,-16801.93,2.41
2456607.5054253,-16934.99,2.80
2456622.4199210,-16396.48,2.64
2456653.4733104,-15999.38,3.04
2456698.3350811,-16127.99,6.09
2457209.6987298,-16737.20,3.78
2457272.7617448,-16022.50,4.13