2455374.1214559,-264.456,14.031,HAT-P-34
2455374.8687699,-152.107,13.610,HAT-P-34
2455375.9527999,204.999,12.197,HAT-P-34
2455378.1289930,-343.708,14.791,HAT-P-34
2455379.0753510,-316.633,14.358,HAT-P-34
2455380.1342121,-217.072,15.771,HAT-P-34
2455381.1120171,72.307,16.821,HAT-P-34
2455400.8549064,-210.616,16.906,HAT-P-34
2455403.8264345,451.809,15.298,HAT-P-34
2455404.8397885,-67.201,14.766,HAT-P-34
2455415.0458949,229.800,14.358,HAT-P-34
2455464.8556046,-143.568,14.461,HAT-P-34
2455465.9495057,-273.844,14.267,HAT-P-34
2455467.7207457,-32.820,14.424,HAT-P-34
2455808.0320776,-35.891,3.886,HAT-P-34
2456110.9448336,-143.781,15.510,HAT-P-34
2456111.1171436,-39.666,18.883,HAT-P-34
2456154.0122021,-154.327,14.865,HAT-P-34
2455339.92722,-158.62,50.92,0.188,Subaru
2455339.93516,-201.37,57.36,0.190,Subaru
2455339.94290,-204.06,44.53,0.191,Subaru
2455341.11630,-246.80,47.11,0.406,Subaru
2455341.12058,-204.87,47.32,0.407,Subaru
2455341.12485,-193.24,43.00,0.408,Subaru
2455374.12069,-196.46,11.37,-2.85,6.57,0.176,0.459,Keck
2455374.86800,-80.49,11.89,-25.52,9.34,0.176,0.596,Keck
2455375.95203,285.94,10.24,-15.73,4.46,0.178,0.795,Keck
2455378.12823,-265.18,12.71,-13.52,7.86,0.174,0.194,Keck
2455379.07458,-226.26,12.73,-10.85,3.72,0.176,0.368,Keck
2455379.56536,-162.68,61.60,0.458,FIES
2455380.13344,-135.85,13.51,60.87,20.44,0.180,0.562,Keck
2455380.49378,3.45,58.70,0.628,FIES
2455381.11125,110.87,14.71,-9.04,12.64,0.175,0.741,Keck
2455381.55600,269.57,46.50,0.823,FIES
2455383.47949,-108.72,56.00,0.176,FIES
2455384.48968,-173.76,50.60,0.361,FIES
2455400.85414,-141.78,15.43,27.38,7.53,0.167,0.362,Keck
2455403.82567,497.16,15.18,38.35,6.14,0.173,0.907,Keck
2455404.83902,4.37,14.05,0.79,7.25,0.174,0.093,Keck
2455415.04513,310.06,14.03,2.76,8.29,0.168,0.965,Keck
2455423.66787,-115.78,78.50,0.546,FIES
2455424.64318,41.31,139.40,0.725,FIES
2455425.57489,474.54,48.70,0.896,FIES
2455426.64513,-154.35,57.60,0.092,FIES
2455464.85484,-99.38,15.03,-11.41,11.10,0.164,0.100,Keck
2455465.94874,-249.34,13.70,-19.33,6.92,0.163,0.300,Keck
2455467.71998,0.98,13.61,-12.70,8.00,0.164,0.625,Keck