2454396.8272772,-6.387,1.604,HAT-P-17
2454427.7815123,-11.808,1.559,HAT-P-17
2454430.8485952,-98.940,1.877,HAT-P-17
2454454.7162454,8.636,2.622,HAT-P-17
2454455.7078194,13.783,1.905,HAT-P-17
2454456.6990463,13.095,2.008,HAT-P-17
2454457.6957933,2.081,1.813,HAT-P-17
2454603.0436842,-18.185,1.910,HAT-P-17
2454638.0067500,-106.275,1.763,HAT-P-17
2454640.0961020,-12.141,1.774,HAT-P-17
2454641.0375250,-3.975,2.181,HAT-P-17
2454674.8982071,-16.067,2.039,HAT-P-17
2454722.8155791,-20.566,1.870,HAT-P-17
2454726.7839590,-18.948,1.596,HAT-P-17
2454727.8630910,-39.590,2.051,HAT-P-17
2454777.8697211,-12.540,1.800,HAT-P-17
2454778.8150111,-22.016,2.127,HAT-P-17
2454805.7312485,-21.601,1.564,HAT-P-17
2454808.7757514,-17.673,1.563,HAT-P-17
2454955.0708839,-34.832,1.648,HAT-P-17
2454985.0906463,-24.626,1.883,HAT-P-17
2454989.0505532,-129.358,2.000,HAT-P-17
2455043.0224274,-24.722,1.891,HAT-P-17
2455106.9686559,5.652,2.675,HAT-P-17
2455192.7287874,-20.199,1.795,HAT-P-17
2455198.7036934,1.422,1.744,HAT-P-17
2455290.1389736,-46.840,2.154,HAT-P-17
2455319.0882785,-82.770,1.781,HAT-P-17
2455321.1235265,-46.679,1.518,HAT-P-17
2455351.9739225,-49.944,1.656,HAT-P-17
2455406.9802564,27.531,1.707,HAT-P-17
2455428.9651236,25.350,2.165,HAT-P-17
2455455.8828169,-13.823,1.666,HAT-P-17
2455486.8976921,-11.239,1.826,HAT-P-17
2455521.8092364,30.100,1.889,HAT-P-17
2455542.7471936,31.822,1.524,HAT-P-17
2455770.0071953,48.552,2.340,HAT-P-17
2455797.0910928,13.946,1.441,HAT-P-17
2455811.0407321,48.499,1.733,HAT-P-17
2455841.8781048,54.588,1.858,HAT-P-17
2455881.8063747,52.900,1.585,HAT-P-17
2455902.7490392,59.359,2.118,HAT-P-17
2455944.7113311,58.200,2.200,HAT-P-17
2456112.0275239,53.139,1.666,HAT-P-17
2456164.0843844,49.650,1.493,HAT-P-17
2456265.8153481,69.055,1.775,HAT-P-17
2456533.0344559,71.745,1.320,HAT-P-17
2454396.82931,18.12,1.57,10.31,4.38,0.0048,0.00002
2454397.79661,-9.05,1.67,2.84,5.15,0.0048,0.00002
2454427.78145,13.53,1.42,2.49,5.17,0.0047,0.00003
2454427.78895,-2.14,5.34,0.0047,0.00002
2454429.81978,-46.01,1.58,-3.08,5.46,0.0047,0.00003
2454430.84830,-74.24,1.78,-1.88,5.52,0.0046,0.00003
2454454.71418,32.95,2.55,-12.71,6.37,0.0048,0.00004
2454455.70568,38.55,1.74,0.09,5.13,0.0047,0.00002
2454456.69684,37.13,1.84,4.61,4.86,0.0048,0.00003
2454457.69351,25.00,1.70,-3.52,5.47,0.0048,0.00002
2454603.04188,6.48,1.66,3.60,4.80,0.0047,0.00002
2454604.01999,-10.27,1.67,-2.39,5.19,0.0048,0.00002
2454638.00747,-80.28,1.63,6.54,4.54,0.0049,0.00002
2454640.09696,13.57,1.68,2.73,5.17,0.0048,0.00002
2454641.03845,21.59,2.09,9.89,4.28,0.0049,0.00002
2454674.90104,7.95,1.96,-15.07,6.42,0.0049,0.00002
2454722.81909,5.29,1.75,9.33,4.88,0.0048,0.00002
2454726.78740,6.67,1.54,-8.43,5.62,0.0047,0.00001
2454727.86651,-14.01,1.91,-5.89,5.34,0.0044,0.00002
2454777.87074,11.41,1.63,8.04,4.51,0.0048,0.00002
2454778.81597,2.54,1.98,3.34,4.82,0.0049,0.00003
2454805.73023,3.33,1.53,9.31,4.65,0.0045,0.00002
2454808.77451,6.58,1.43,-3.86,5.37,0.0047,0.00002
2454955.07012,-8.12,1.43,5.73,4.54,0.0048,0.00002
2454956.08553,-35.16,1.47,1.12,5.07,0.0049,0.00002
2454957.07704,-67.96,1.93,-6.36,5.74,0.0048,0.00002
2454985.08988,0.22,1.74,1.03,5.04,0.0048,0.00002
2454989.04979,-103.01,1.91,-0.24,5.13,0.0047,0.00002
2455043.02166,-0.66,1.87,9.50,4.57,0.0048,0.00002
2455106.96789,32.01,2.62,-1.47,5.67,0.0048,0.00003
2455192.72802,3.23,1.66,-6.09,5.60,0.0050,0.00004
2455198.70293,25.36,1.79,2.47,5.18,0.0046,0.00002
2455290.13821,-21.77,2.14,-21.11,7.04,0.0045,0.00002
2455319.05702,-56.74,2.35,5.54,4.57,0.0046,0.00003
2455319.12199,-57.60,2.43,-5.57,5.53,0.0048,0.00004
2455321.12276,-20.60,1.41,1.22,5.01,0.0047,0.00003
2455351.97316,-26.28,1.52,
2455406.97949,52.54,1.64,
2455428.96436,50.48,2.17,
2455455.88205,12.13,1.63,
2455486.89693,13.83,1.69,
2455521.80847,56.18,1.75,
2455542.74643,56.31,1.34,
2456225.4748217,20339.03,5.53
2456226.4517424,20332.64,3.90
2456266.3132594,20347.98,1.31
2456424.6961447,20283.64,1.84
2456485.7131679,20315.17,1.41
2456546.5926365,20336.26,1.34
2456579.3203259,20304.01,1.29
2456579.4828179,20296.62,1.32
2456579.4935118,20297.10,1.31
2456579.5044371,20297.65,1.30
2456579.5149922,20295.51,1.34
2456579.5259291,20294.57,1.34
2456579.5364147,20294.13,1.32
2456579.5471665,20293.75,1.35
2456579.5589715,20296.14,1.56
2456608.4561226,20344.84,1.37
2456617.3699683,20355.51,1.50
2456623.4150390,20267.80,2.40
2456821.6931219,20348.01,2.58
2456860.6523227,20249.92,1.04
2456974.4057440,20247.85,1.63
2457005.3116685,20250.39,5.91
2457178.6605453,20314.11,1.74
2457272.6647342,20272.46,1.61
2457353.4052233,20324.69,2.86