6252.7426355,-17.81127,0.00338
6305.6459810,-17.61767,0.00305
6323.6742419,-19.27755,0.00823
6569.7270066,-16.85292,0.00308
6581.7516133,-17.80612,0.00263
6606.7575804,-16.97723,0.00387
6608.7685888,-19.07089,0.00255
6608.7779878,-19.05996,0.00451
6609.7800413,-16.85321,0.00562
6621.7458747,-17.18187,0.00302
6622.7226119,-19.30900,0.00352
6631.6269025,-19.26363,0.00238
6719.4812342,-17.16702,0.00631
6723.5440673,-19.28865,0.00358
6728.4099865,-17.89041,0.00459
6728.4172544,-17.90546,0.00462
6728.4245802,-17.93041,0.00463
6728.4317439,-17.94452,0.00461
6728.5260181,-18.19649,0.00569
6728.5329157,-18.22397,0.00543
6728.5474399,-18.25926,0.00759
6728.5547309,-18.28366,0.00710
6728.5617905,-18.30477,0.00797
6728.5690121,-18.33650,0.00916
6976.6867347,-19.21385,0.00219
7005.7164522,-18.73836,0.00426
7011.7021440,-18.16570,0.00368
4934.84149,-1.13951,0.00294,
4954.83175,-0.94288,0.00224,-18.65,8.02,2.900,0.035,
4956.80481,1.09232,0.00228,-42.21,10.81,3.305,0.018,
4983.73851,-1.15102,0.00239,18.53,4.51,2.853,0.016,
4984.74064,0.32809,0.00214,6.85,6.11,2.879,0.016,
4986.74296,-1.22577,0.00234,15.28,7.78,2.588,0.029,
5107.15226,-0.8702,0.00489,10.00,17.65,1.352,0.043,
5109.05752,1.23355,0.00376,-1.23,7.66,2.783,0.018,
5191.10274,-1.14772,0.00207,14.55,6.16,3.412,0.016,