6939.83172,-15.58,17.00,-11.0,27.0,0.491,Coralie
6940.81069,104.42,63.00,5.0,68.0,0.783,Coralie
6941.86563,-73.58,19.00,-60.0,29.0,0.098,Coralie
6967.78670,132.42,19.00,116.0,29.0,0.838,Coralie
6969.79828,30.42,18.00,23.0,27.0,0.439,Coralie
6972.69347,-50.58,16.00,65.0,25.0,0.303,Coralie
6997.69160,178.26,10.00,87.0,12.0,0.768,FEROS
6997.73191,201.26,10.00,74.0,13.0,0.780,FEROS
6999.63851,-9.74,10.00,38.0,11.0,0.349,FEROS
7030.81040,36.26,10.00,2.0,10.0,0.657,FEROS
7033.73624,3.26,10.00,9.0,10.0,0.531,FEROS
7035.75138,-68.74,10.00,-4.0,11.0,0.133,FEROS
7036.67747,-49.74,10.00,6.0,10.0,0.409,FEROS
7037.79634,59.26,10.00,12.0,10.0,0.744,FEROS
7049.60146,-96.74,10.00,-22.0,10.0,0.269,FEROS
7050.67770,34.26,10.00,12.0,10.0,0.590,FEROS
7053.74327,-17.74,10.00,-18.0,10.0,0.505,FEROS
7054.60465,61.26,10.00,-5.0,10.0,0.763,FEROS
7055.64520,-94.74,10.00,-65.0,10.0,0.073,FEROS
7057.74745,8.26,10.00,-85.0,11.0,0.701,FEROS
7075.63657,-61.58,18.00,6.0,29.0,0.043,Coralie
7076.65198,-86.58,18.00,-2.0,29.0,0.346,Coralie
7078.63334,-0.58,18.00,-46.0,29.0,0.938,Coralie
7080.99763,18.92,9.40,0.644,CYCLOPS
7081.01370,42.82,6.40,0.649,CYCLOPS
7081.07820,59.12,8.60,0.668,CYCLOPS
7082.97896,-58.38,9.00,0.235,CYCLOPS
7082.99492,-49.68,7.60,0.240,CYCLOPS
7083.01087,-34.78,11.70,0.245,CYCLOPS
7149.86599,-104.58,13.50,0.208,CYCLOPS
7149.89323,-100.98,13.00,0.217,CYCLOPS
7149.90918,-123.48,20.90,0.221,CYCLOPS
7152.85935,-57.48,12.10,0.102,CYCLOPS
7152.86772,-72.48,20.40,0.105,CYCLOPS
7154.86321,77.12,5.30,0.701,CYCLOPS
7154.87917,113.72,6.70,0.705,CYCLOPS
7313.71457,-4.58,18.00,147.0,49.0,0.135,Coralie
7317.75708,-228.58,19.00,-74.0,38.0,0.342,Coralie
7318.73072,53.42,18.00,-27.0,38.0,0.633,Coralie
7408.69120,-28.58,12.00,16.0,20.0,0.496,Coralie
7409.69015,14.42,12.00,10.0,20.0,0.794,Coralie
7410.58904,82.42,14.00,-92.0,23.0,0.063,Coralie
7411.54533,-88.58,19.00,-141.0,32.0,0.348,Coralie
7464.64412,-70.58,17.00,-54.0,32.0,0.204,Coralie
7466.52399,82.42,17.00,25.0,29.0,0.765,Coralie
7640.86434,63.42,16.00,23.0,29.0,0.825,Coralie
7643.82622,61.42,13.00,-23.0,26.0,0.709,Coralie
7645.89470,-50.58,12.00,4.0,22.0,0.327,Coralie