2456295.7336767,-1668.28,17.24
2456296.7071923,-1604.17,14.75
2456297.6790396,-1773.32,26.64
2456298.6136166,-1780.51,16.57
2456299.6464099,-1615.08,12.77
2456305.5539312,-1717.98,13.70
2456323.5542833,-1645.94,37.53
2456570.7356867,-1712.08,16.69
2456603.7391828,-1780.97,13.54
2456605.7648693,-1653.09,25.55
2456606.7418170,-1771.53,20.83
2456621.7739812,-1640.95,22.45
2457113.3877799,-1802.12,18.40
2454928.7629385,-31.622,6.568,HAT-P-24
2454955.8066379,-73.214,7.398,HAT-P-24
2454956.8157039,4.464,6.721,HAT-P-24
2454963.7834897,60.481,7.077,HAT-P-24
2455107.1466000,-66.730,9.311,HAT-P-24
2455109.0664400,73.334,7.246,HAT-P-24
2455112.1388479,101.568,9.420,HAT-P-24
2455134.1054862,-58.778,7.218,HAT-P-24
2455135.0849522,76.472,6.220,HAT-P-24
2455136.1027441,84.896,8.087,HAT-P-24
2455172.9470602,64.179,6.538,HAT-P-24
2455174.1011842,-70.887,6.444,HAT-P-24
2455187.9679860,-69.374,7.596,HAT-P-24
2455189.0730880,86.064,6.072,HAT-P-24
2455191.0325839,-66.837,5.986,HAT-P-24
2455192.0797859,52.150,5.771,HAT-P-24
2455193.0427588,69.348,6.564,HAT-P-24
2455193.8530418,-49.435,6.126,HAT-P-24
2455528.8965227,59.303,10.715,HAT-P-24
2455973.0035018,-60.442,8.111,HAT-P-24
2456027.8478970,96.289,5.565,HAT-P-24
2456208.0964824,-53.710,8.645,HAT-P-24
2456265.9993871,63.020,8.116,HAT-P-24
2454928.76217,-49.49,6.43,1.10,1.03,0.44,0.003,,
2454955.80587,-85.15,7.37,-47.96,4.39,0.42,0.008,
2454956.81494,-7.84,6.61,-65.72,5.91,0.45,0.005,
2454963.78272,50.62,6.41,2.42,0.68,0.45,0.003,
2455107.14583,-80.20,8.64,25.58,1.21,0.45,0.003,
2455109.06567,48.40,7.00,8.95,0.13,0.44,0.003,
2455112.13808,84.68,9.02,12.27,0.08,0.43,0.003,
2455134.10472,-78.19,6.49,1.68,0.92,0.45,0.003,
2455135.08419,55.31,5.83,8.32,0.41,0.44,0.002,
2455136.10198,65.26,7.53,1.35,0.77,0.43,0.002,
2455172.94629,51.15,6.80,16.94,0.21,0.43,0.002,
2455174.10042,-85.04,6.32,7.30,0.48,0.43,0.001,
2455187.96722,-79.11,7.17,7.57,0.35,0.40,0.002,
2455189.07232,71.01,5.53,1.20,0.80,0.43,0.001,
2455191.03182,-80.15,5.68,5.56,0.56,0.44,0.002,,
2455192.07902,37.54,5.33,3.51,0.66,0.44,0.001,
2455193.04199,49.79,6.10,5.20,0.59,0.43,0.002,
2455193.85228,-60.65,5.88,7.09,0.52,0.43,0.002,