6910.98025,149.18,26.04,76.1,25.9,0.743,TRES
6911.92592,-134.70,33.23,64.2,42.9,0.241,TRES
6912.96888,129.17,17.84,2.4,28.1,0.789,TRES
6931.91154,176.60,27.60,-32.9,22.0,0.747,TRES
6932.88321,-72.55,36.71,-27.9,78.9,0.257,TRES
6934.95150,-208.83,17.84,-47.2,37.0,0.345,TRES
6935.94714,111.18,31.50,-108.5,29.2,0.868,TRES
6944.99515,149.97,22.95,19.2,24.9,0.624,TRES
6945.92201,-161.35,32.35,3.7,54.5,0.112,TRES
6958.94233,25.21,19.23,3.0,24.8,0.956,TRES
6960.00651,2.01,29.22,-22.6,39.3,0.515,TRES
6960.95084,-69.03,36.34,-68.0,42.7,0.012,TRES
6961.93882,73.86,35.83,11.5,41.9,0.531,TRES
6965.93914,146.95,20.19,-15.7,19.3,0.634,TRES
6970.92528,-64.93,35.63,90.8,23.4,0.255,TRES
6971.87773,232.02,31.09,76.8,42.3,0.756,TRES
6973.00690,-92.82,40.13,-9.2,32.6,0.349,TRES
6978.94963,-64.74,25.97,-15.7,28.7,0.473,TRES
7354.08818,169.27,1.12,6.1,8.8,0.258,0.675,HIRES
7355.08733,-171.23,0.90,-1.5,2.5,0.232,0.200,HIRES
7356.00551,2.9,4.8,0.232,0.682,HIRES
7356.11208,170.17,0.86,-7.5,4.7,0.237,0.738,HIRES