2454336.9560984,134.353,16.197,HAT-P-32
2454337.1280084,76.694,15.409,HAT-P-32
2454337.9384943,234.819,16.008,HAT-P-32
2454339.1261333,105.313,16.138,HAT-P-32
2454339.9215153,202.353,15.385,HAT-P-32
2454344.0538412,82.462,16.592,HAT-P-32
2454397.8104264,56.650,17.156,HAT-P-32
2454398.0925214,157.717,18.377,HAT-P-32
2454427.8424172,174.197,16.454,HAT-P-32
2454428.8539912,439.157,17.260,HAT-P-32
2454429.9171271,145.764,17.824,HAT-P-32
2454455.8998818,104.924,16.521,HAT-P-32
2454458.9354137,235.194,18.390,HAT-P-32
2454460.8596037,221.552,21.093,HAT-P-32
2454548.7292425,210.774,18.842,HAT-P-32
2454635.1193688,209.098,20.493,HAT-P-32
2454636.1172388,-57.304,20.477,HAT-P-32
2454724.0240408,-51.139,19.415,HAT-P-32
2454725.0692268,148.721,20.408,HAT-P-32
2454727.1143998,176.254,19.649,HAT-P-32
2454777.9196418,-1.707,16.499,HAT-P-32
2454810.8228591,215.973,19.673,HAT-P-32
2454838.9397899,167.544,21.987,HAT-P-32
2455192.9222972,-39.864,21.106,HAT-P-32
2455250.8149292,-86.527,19.354,HAT-P-32
2455376.1042448,29.178,21.099,HAT-P-32
2455901.7472803,13.535,5.789,HAT-P-32
2455902.0050272,-22.944,5.453,HAT-P-32
2455902.0648182,-45.997,8.908,HAT-P-32
2456165.1035833,20.414,21.623,HAT-P-32
2454336.95660,-12.33,13.77,-4.23,22.35,0.240,0.168
2454337.12852,-51.77,12.83,-35.38,13.61,0.238,0.248
2454337.93908,91.89,13.58,22.03,15.06,0.232,0.625
2454339.12681,-32.01,12.59,-5.23,17.10,0.239,0.177
2454339.92225,60.33,13.50,31.99,9.65,0.239,0.547
2454344.05490,-56.05,12.94,-7.56,12.17,0.232,0.469
2454345.14032,-7.96,12.44,56.66,19.42,0.235,0.974
2454397.81437,-75.23,14.22,-36.38,9.63,0.236,0.474
2454398.09647,35.38,14.70,-41.76,8.10,0.234,0.605
2454427.84636,55.80,14.45,-55.48,12.13,0.235,0.442
2454428.85791,312.16,15.38,-57.89,15.15,0.240,0.912
2454429.92102,-3.17,14.43,-29.84,8.73,0.233,0.407
2454455.90267,-11.30,14.42,-35.44,17.49,0.231,0.491
2454458.93801,144.46,16.08,-9.85,11.93,0.232,0.903
2454460.86208,103.67,18.28,-9.84,11.05,0.230,0.798
2454548.72493,88.38,16.21,-19.13,14.89,0.240,0.664
2454635.11482,73.67,16.94,155.85,24.14,0.236,0.845
2454636.11275,-187.30,17.27,100.10,16.18,0.235,0.310
2454724.02617,-170.37,15.27,7.97,13.53,0.237,0.199
2454725.07143,37.66,16.62,89.82,14.96,0.241,0.686
2454727.11674,40.79,16.16,90.24,15.73,0.241,0.637
2454777.92375,-153.16,15.28,-28.12,10.06,0.232,0.268
2454810.82619,150.64,17.27,-20.45,12.98,0.230,0.571
2454838.93902,46.30,19.26,-33.20,13.87,0.225,0.647
2455192.92153,-143.71,19.01,-28.23,13.83,0.236,0.289
2455250.81416,-211.65,17.65,-30.15,10.29,0.238,0.216
2455376.10348,-80.92,17.65,6.54,11.60,0.241,0.490
