6828.86592,-17.38,24.00,75.0,37.0,0.168,Coralie
6829.74512,24.62,26.00,118.0,43.0,0.398,Coralie
6857.78434,68.26,12.00,9.0,15.0,0.719,FEROS
6858.73766,14.26,11.00,11.0,14.0,0.968,FEROS
6859.76731,-56.74,12.00,4.0,16.0,0.237,FEROS
6862.68928,144.26,33.00,50.0,41.0,0.000,FEROS
6907.82693,58.01,4.95,0.786,HIRES
6908.75386,31.96,5.67,0.028,HIRES
6909.74379,-4.97,11.27,0.287,HIRES
6911.50060,-62.38,41.00,-301.0,63.0,0.746,Coralie
6911.76564,49.40,4.49,0.815,HIRES
6912.49456,-62.38,30.00,-178.0,51.0,0.005,Coralie
6912.79856,-36.69,4.79,0.084,HIRES
6913.78648,-68.78,5.12,0.342,HIRES
6932.53890,-176.74,13.00,-75.0,17.0,0.239,FEROS
6942.60598,0.26,13.00,-29.0,16.0,0.868,FEROS
6983.54362,67.26,11.00,23.0,15.0,0.557,FEROS
7166.81632,-64.74,15.00,-30.0,19.0,0.413,FEROS
7181.70212,-3.74,14.00,8.0,18.0,0.300,FEROS
7186.89313,112.26,18.00,75.0,24.0,0.655,FEROS
7188.70636,-22.74,13.00,15.0,18.0,0.129,FEROS
7209.04868,1.46,6.60,0.440,HIRES
7211.80755,-45.74,12.00,21.0,16.0,0.161,FEROS
7219.64476,-47.74,12.00,-19.0,17.0,0.207,FEROS
7223.64984,6.26,15.00,36.0,20.0,0.253,FEROS
7225.55693,62.26,11.00,-11.0,15.0,0.751,FEROS
7227.54760,-73.74,13.00,-41.0,17.0,0.271,FEROS
7235.52005,-191.74,34.00,99.0,20.0,0.352,FEROS
7236.84001,-114.74,17.00,129.0,19.0,0.697,FEROS
7297.66592,-52.74,18.00,-177.0,24.0,0.580,FEROS
7299.64213,-83.74,16.00,-16.0,22.0,0.096,FEROS
7557.80118,62.26,12.00,-28.0,17.0,0.505,FEROS
7558.81095,80.26,12.00,33.0,17.0,0.769,FEROS
7569.65730,106.26,15.00,93.0,22.0,0.601,FEROS
7576.64710,41.26,16.00,39.0,21.0,0.426,FEROS
7590.72922,-25.94,10.50,22.0,14.0,0.103,FEROS
7593.67838,4.86,12.90,54.0,17.0,0.874,FEROS
7612.71943,113.86,12.30,6.0,17.0,0.845,FEROS
7614.57198,79.66,12.60,127.0,16.0,0.329,FEROS