954.81362,-51.56,7.81,0.180,0.345,
955.84224,32.48,8.82,0.171,0.635,
956.82792,61.50,9.51,0.175,0.913,
1107.13759,-90.39,8.88,-4.63,4.91,0.197,0.327,
1109.07573,78.38,9.05,-13.59,7.57,0.183,0.874,
1112.12944,42.24,7.88,-4.74,5.19,0.176,0.736,
1135.07184,-39.87,6.92,-2.64,4.96,0.178,0.210,
1172.95852,-41.57,7.30,19.77,4.58,0.176,0.900,
1187.99450,-28.34,8.69,8.74,5.51,0.143,
1190.10225,70.06,7.12,30.09,4.51,0.181,0.738,
1192.03996,-146.19,6.26,16.58,6.61,0.181,0.285,
1192.05453,16.75,3.03,0.180,0.289,
1193.05376,-31.04,6.96,-1.15,4.07,0.179,0.571,
1193.88084,90.74,7.48,-36.37,5.72,0.178,0.804,
1197.00264,89.62,7.37,0.180,0.685,
1198.91700,4.34,10.58,0.184,0.225,
1250.89571,129.15,7.46,-8.86,4.93,0.183,0.892,
1251.90337,-98.98,7.98,-6.43,4.96,0.179,0.177,
1289.75983,76.11,7.50,-17.19,6.90,0.186,0.859,
1312.75610,-14.73,7.40,-17.48,6.40,0.182,0.348,
1313.79897,54.76,8.78,2.00,4.22,0.177,0.642,
1466.10653,114.14,7.74,2.68,3.75,0.180,0.620,
1468.09041,-14.54,6.61,0.53,4.41,0.183,0.180,
1470.11601,-11.17,8.91,41.44,5.79,0.174,0.751,
1545.08385,27.02,8.10,16.59,4.67,0.179,0.906,
1545.86194,-53.41,8.31,1.59,5.47,0.178,0.125,
1611.99999,24.36,16.44,-10.80,22.01,0.160,0.788,
1698.75509,-64.08,9.64,-22.52,12.11,0.167,0.268,
1699.76307,16.59,8.07,-10.35,7.63,0.175,0.553,