7866.89063,34.63,12.80,23.0,17.0,0.875,HARPS
7868.89645,-31.37,34.80,-42.0,46.0,0.148,HARPS
7869.90993,-18.07,8.90,-20.0,12.0,0.287,HARPS
7870.87450,-9.37,7.60,-26.0,10.0,0.418,HARPS
7871.89596,4.73,7.60,-16.0,10.0,0.558,HARPS
7887.89638,-2.77,18.10,4.0,24.0,0.741,HARPS
7888.88179,12.03,14.20,3.0,19.0,0.876,HARPS
7890.88758,-23.57,11.50,2.0,15.0,0.149,HARPS
7906.79317,-24.67,9.00,-91.0,13.0,0.320,FEROS
7908.82869,18.93,9.20,4.0,13.0,0.598,FEROS
7915.81102,25.23,8.10,-15.0,12.0,0.550,FEROS
7964.81213,7.43,8.80,-59.0,13.0,0.237,FEROS
7965.80373,-29.47,19.20,167.0,25.0,0.373,FEROS
7967.76400,-23.67,10.70,-91.0,15.0,0.640,FEROS
8264.85776,-13.79,1.35,0.183,PFS
8296.81471,-0.43,0.94,0.544,PFS
8298.83679,26.54,0.91,0.820,PFS
8321.69342,56.53,17.80,12.0,23.0,0.939,HARPS
8323.77145,-9.27,11.50,-25.0,15.0,0.222,HARPS
8332.66073,-27.17,10.50,-41.0,14.0,0.435,HARPS
8614.90000,11.37,1.20,0.951,ESPRESSO
8622.90000,-2.23,0.60,0.043,ESPRESSO
8626.89000,-0.63,0.70,0.587,ESPRESSO
8632.88000,-15.13,0.80,0.404,ESPRESSO
8634.88000,13.47,0.90,0.677,ESPRESSO
8636.88000,9.87,0.80,0.950,ESPRESSO
8638.87000,-16.83,0.80,0.222,ESPRESSO