2454728.1237228,117.692,6.795,HAT-P-33
2454778.0357945,-85.775,6.602,HAT-P-33
2454779.1098915,41.797,7.642,HAT-P-33
2454780.0578545,112.894,7.875,HAT-P-33
2454791.1158635,80.835,8.456,HAT-P-33
2454805.9633636,-167.169,8.021,HAT-P-33
2454807.0059675,-70.608,9.297,HAT-P-33
2454807.9944745,126.587,7.079,HAT-P-33
2454809.9859565,5.819,9.676,HAT-P-33
2454810.8767665,129.791,8.667,HAT-P-33
2454838.9572482,48.587,7.731,HAT-P-33
2454865.0186533,-19.556,8.667,HAT-P-33
2454954.8401297,-63.614,7.782,HAT-P-33
2454955.8520537,-58.007,8.744,HAT-P-33
2455192.0240089,-85.943,7.377,HAT-P-33
2455193.0945088,-15.307,8.009,HAT-P-33
2455193.9316568,-1.754,8.774,HAT-P-33
2455251.9154117,19.254,8.079,HAT-P-33
2455468.0632203,32.134,8.159,HAT-P-33
2455470.0915602,18.158,8.118,HAT-P-33
2455545.1000654,28.380,8.811,HAT-P-33
2455545.9328794,-34.715,8.484,HAT-P-33
2455972.9274072,-47.443,10.590,HAT-P-33
2455992.7737154,16.977,11.229,HAT-P-33
2456197.1259070,41.487,10.000,HAT-P-33
2456265.9943244,-55.927,9.759,HAT-P-33
2454728.12071,107.70,6.84,-56.67,4.32,0.172,0.824
2454778.03749,-88.19,6.47,-59.99,4.67,0.174,0.190
2454779.11168,39.67,7.79,-16.02,6.12,0.173,0.499
2454780.05973,106.79,7.40,-2.11,4.05,0.173,0.772
2454791.11863,76.24,7.97,-4.56,4.00,0.174,0.955
2454805.96712,-168.48,7.63,83.04,6.79,0.171,0.229
2454807.00978,-76.74,9.16,74.87,7.06,0.170,0.529
2454807.99835,125.68,6.92,0.18,3.79,0.172,0.813
2454809.98993,13.78,9.01,-69.27,5.86,0.170,0.387
2454810.88079,125.60,8.34,-31.31,4.57,0.172,0.643
2454838.95648,41.95,7.70,5.62,5.71,0.172,0.724
2454865.01789,-25.12,8.25,16.88,4.31,0.171,0.224
2454954.83936,-67.35,7.49,7.29,4.92,0.175,0.076
2454955.85129,-52.75,8.95,-4.96,7.02,0.173,0.367
2455192.01643,13.37,2.83,0.172,0.339
2455192.02324,-93.30,7.19,22.62,3.46,0.173,0.341
2455193.09374,-24.35,7.52,60.32,5.56,0.175,0.649
2455193.93089,-8.61,8.57,38.64,5.33,0.170,0.890
2455251.91465,13.52,7.72,16.56,4.23,0.172,0.578
2455468.06245,22.33,7.86,91.25,6.82,0.173,0.789
2455470.09079,18.65,8.16,-127.71,8.71,0.174,0.372
2455545.09930,26.89,8.37,-5.60,5.38,0.170,0.961
2455545.93211,-31.18,7.91,7.80,4.89,0.165,0.201