1606.11852,113.45,4.35,1.87,7.34,0.131,0.885
1612.12701,4.22,3.65,-9.31,5.29,0.122,0.282
1613.03742,77.12,12.22,-56.34,75.72,0.232,0.494
1614.11905,108.82,4.03,0.97,9.57,0.106,0.745
1634.02686,14.58,3.88,-2.67,6.52,0.146,0.374
1663.99061,-3.95,3.76,-3.28,8.67,0.127,0.340
1671.88450,-15.99,4.06,-8.30,7.31,0.115,0.175
1672.95630,12.47,4.01,-11.18,6.83,0.134,0.425
1673.87329,67.10,3.84,12.67,4.49,0.123,0.638
1696.81647,16.79,4.38,31.92,19.95,0.087,0.972
1697.81428,-38.27,3.61,19.79,16.14,0.113,0.204
1698.88909,16.14,6.12,-46.14,50.95,0.211,0.454
1699.79550,27.16,3.65,25.24,12.06,0.141,0.665
1700.84720,7.68,3.34,-0.46,4.24,0.118,0.909
1703.83608,-4.51,3.34,3.70,8.02,0.123,0.604
1704.77501,21.04,3.83,-18.05,12.24,0.123,0.822
1705.79848,-47.96,3.40,-3.55,3.95,0.089,0.060
1707.82993,-17.44,3.90,1.48,6.23,0.137,0.533
1723.83103,-96.08,4.37,-11.27,6.41,0.133,0.253
1945.04563,-1.68,4.68,0.13,19.98,0.683
2019.98862,-29.28,4.18,20.91,18.95,0.107
2115.75933,-17.99,3.90,27.32,25.83,0.373