2458833.853501,8.86,1.63,0.216,0.002,hires_j
2458844.927507,-3.87,1.63,0.216,0.002,hires_j
2458845.861227,8.99,1.53,0.215,0.002,hires_j
2458852.807266,-5.28,1.52,0.207,0.002,hires_j
2458855.719492,-0.39,1.47,0.206,0.002,hires_j
2458856.731383,7.16,1.68,0.209,0.002,hires_j
2458857.741931,8.64,1.78,0.215,0.002,hires_j
2458869.821196,-6.48,1.62,0.202,0.002,hires_j
2458870.704891,-8.79,1.46,0.209,0.002,hires_j
2458878.725047,6.24,1.58,0.206,0.002,hires_j
2458879.721395,0.8,1.65,0.207,0.002,hires_j
2458884.707756,-3.37,1.45,0.212,0.002,hires_j
2458904.753088,4.51,1.59,0.209,0.002,hires_j
2458905.726583,7.69,1.47,0.207,0.002,hires_j
2458906.711675,2.62,1.54,0.201,0.002,hires_j
2458907.713573,-2.84,1.65,0.205,0.002,hires_j
2459000.111067,9.42,1.59,0.21,0.002,hires_j
2459003.107127,-3.43,1.57,0.214,0.002,hires_j
2459007.118594,-7.89,1.58,0.202,0.002,hires_j
2459008.112291,-6.27,1.51,0.202,0.002,hires_j
2459011.121524,-7.63,1.59,0.205,0.002,hires_j
2459012.121602,-3.84,1.45,0.206,0.002,hires_j
2459013.11984,-4.29,1.48,0.207,0.002,hires_j
2459014.121067,2.4,1.35,0.211,0.002,hires_j
2459019.123539,-8.03,1.33,0.204,0.002,hires_j
2459025.066762,-1.74,1.29,0.205,0.002,hires_j
2459026.109749,0.66,1.35,0.204,0.002,hires_j
2459028.063362,-7.2,1.34,0.207,0.002,hires_j
2459029.058453,-3.98,1.49,0.208,0.002,hires_j
2459030.116605,-0.47,1.36,0.21,0.002,hires_j
2459031.113953,6.43,1.42,0.209,0.002,hires_j
2459032.112634,-1.42,1.42,0.208,0.002,hires_j
2459036.117487,11.62,1.4,0.206,0.002,hires_j
2459039.123549,-16.24,1.42,0.201,0.002,hires_j
2459040.125519,-6.99,1.32,0.201,0.002,hires_j
2459041.102975,3.59,1.55,0.202,0.002,hires_j
2459045.055093,-4.8,1.53,0.202,0.002,hires_j
2459064.047802,9.58,1.27,0.208,0.002,hires_j
2459067.096657,-5.35,1.54,0.203,0.002,hires_j
2459068.010623,6.09,1.41,0.202,0.002,hires_j
2459069.141817,4.81,1.94,0.204,0.002,hires_j
2459071.11595,-4.7,1.78,0.207,0.002,hires_j
2459073.076954,-0.69,1.64,0.205,0.002,hires_j
2459078.075769,4.08,1.7,0.208,0.002,hires_j
2459079.065569,-2.25,1.87,0.207,0.002,hires_j
2459088.012327,-10.13,1.78,0.199,0.002,hires_j
2459089.074497,-5.23,1.65,0.2,0.002,hires_j
2459091.098504,-2.52,1.71,0.201,0.002,hires_j
2459093.060779,-3.51,1.7,0.203,0.002,hires_j
2459095.001833,-5.43,1.67,0.204,0.002,hires_j
2459098.004998,-6.89,1.84,0.201,0.002,hires_j
2459099.955512,-9.48,1.91,0.2,0.002,hires_j
2459101.035911,-12.31,1.82,0.2,0.002,hires_j
2459102.073704,-10.95,1.83,0.199,0.002,hires_j
2459114.83568,4.94,1.91,0.202,0.002,hires_j
2459119.953034,2.29,1.74,0.197,0.002,hires_j
2459123.105651,-15.13,2.0,0.197,0.002,hires_j
2459123.976894,-5.92,1.83,0.196,0.002,hires_j
2459151.852119,-8.93,2.0,0.193,0.002,hires_j
2459181.866931,-9.24,1.78,0.201,0.002,hires_j
2459188.849433,0.77,2.12,0.195,0.002,hires_j
2459189.965079,-8.98,2.06,0.195,0.002,hires_j
2459449.050891,-11.07,1.33,0.204,0.002,hires_j
2459457.003741,-7.79,1.41,0.213,0.002,hires_j
2458851.724619,-21.93,3.44,apf
2458853.648832,-5.86,4.5,apf
2458854.629376,-10.63,4.6,apf
2458859.631925,6.14,3.38,apf
2458871.623624,-7.13,5.94,apf
2458872.795737,7.92,7.98,apf
2458876.628992,-6.4,4.38,apf
2458878.621935,11.18,3.43,apf
2458879.641195,0.3,4.53,apf
2458880.618946,-11.46,4.65,apf
2458881.610095,-15.2,4.2,apf
2458883.62212,-3.2,7.36,apf
2458884.649833,11.32,13.16,apf
2458885.652687,12.82,4.89,apf
2458886.640415,8.33,4.2,apf
2458887.662886,6.05,4.55,apf
2458897.665972,-0.85,7.33,apf
2458900.65963,-6.82,8.46,apf
2458902.702938,-10.62,8.09,apf
2458904.684331,8.77,6.06,apf
2458907.640267,0.72,5.28,apf
2458912.656829,19.83,5.45,apf
2458913.633248,14.39,4.73,apf
2458979.990517,-36.09,14.86,apf
2458995.960295,21.47,5.33,apf
2458998.959499,10.61,8.49,apf
2459003.934524,12.66,6.4,apf
2459004.932037,14.59,6.78,apf
2459005.942272,-1.58,8.73,apf
2459009.927661,-0.1,4.8,apf
2459015.905265,15.7,5.94,apf
2459016.911899,-16.11,13.53,apf
2459017.919945,-0.95,5.53,apf
2459019.988382,-7.05,4.48,apf
2459051.998955,-10.04,4.21,apf
2459052.997919,-17.32,3.91,apf
2459057.006713,-1.1,3.83,apf
2459062.993533,0.54,3.87,apf
2459193.868493,-7.9,12.21,apf
2459384.905806,2.74,4.96,apf
2459411.969745,-12.0,3.74,apf
2459457.995903,7.89,3.77,apf
2459501.982066,15.52,4.44,apf
2459526.805141,17.89,16.32,apf
2459547.751177,8.91,4.03,apf
2459567.773159,1.46,4.25,apf
2459589.623261,6.27,6.79,apf
2459600.681609,1.63,3.84,apf
2459611.692707,22.45,14.44,apf
2459636.62472,-1.25,5.95,apf
2459761.938649,-15.73,4.17,apf
2459778.910606,-9.34,4.68,apf
2459789.888023,-5.74,7.2,apf
2459812.926053,2.14,3.63,apf
2459852.943472,3.91,2.86,apf
2459905.801873,-7.28,3.79,apf