2453024.829317,85.98,9.78,7.21,22.13
2453024.835185,98.72,10.02,9.17,24.41
2453170.640087,-42.42,6.23,59.20,10.37
2453349.927853,12.73,9.24,-39.90,21.44
2453389.802054,37.71,8.79,33.37,9.71
2453480.780069,34.49,4.24,15.12,10.89
2453481.779132,59.27,4.77,26.70,10.20
2453482.773252,8.81,5.02,6.68,10.38
2453486.759965,39.63,4.89,31.00,13.91
2453487.760810,2.07,5.28,21.80,14.40
2453513.690370,-10.68,6.28,-8.56,10.84
2453532.647419,22.48,4.76,17.77,10.46
2453534.657234,-18.09,4.68,9.77,10.72
2453696.951944,-18.01,5.53,-17.28,14.21
2453710.923738,-28.79,5.38,-32.71,13.96
2453719.892535,-41.26,5.65,37.70,14.98
2453734.848866,-5.15,5.85,-7.57,17.45
2453742.827083,-14.22,5.43,28.32,13.82
2453801.690660,-8.65,6.52,18.57,14.05
2453808.644375,-29.06,4.99,18.69,13.09
2453809.642627,-22.27,5.86,25.81,16.90
2453825.610498,22.97,4.83,15.16,11.39
2453832.823229,-28.26,5.17,29.39,12.17
2454081.897593,-58.52,7.03,32.81,17.34
2454100.853692,1.43,7.02,48.75,21.19
2454127.789873,-21.05,7.18,26.00,17.38
2454128.783588,-26.05,6.49,27.38,15.04
2454141.990775,-32.62,6.11,-18.10,13.00
2454156.942813,-56.78,6.67,36.54,16.87
2454169.893299,-11.73,5.68,-23.33,17.66
2454184.635822,-14.25,6.12,29.08,21.51
2454186.620301,4.79,6.40,1.21,18.99
2454186.871007,-18.34,4.89,14.12,13.32
2454264.639271,56.10,6.34,-20.46,14.63
2454437.932813,10.33,6.79,-29.68,14.89
2454811.922894,25.98,7.43,-19.93,22.46
2454837.846481,67.73,6.48,52.62,16.37
2454863.768970,54.81,7.83,46.48,22.81
2455171.927662,-49.61,9.05,-3.87,26.08
2455171.935185,-47.60,6.54,-8.78,20.62
2455197.855943,-50.09,5.71,8.33,15.82
2455222.017373,-18.40,5.23,36.74,16.57
2455247.712338,-32.02,7.93,9.62,25.26
2455647.625150,-20.32,6.49,14.47,15.44
2455652.610532,-29.97,5.60,32.83,12.39
2455674.782118,-12.95,7.45,45.98,14.90
2455877.003889,26.99,6.86,-0.06,18.67
2455948.799039,57.06,4.45,35.93,12.12
2455980.721296,32.25,5.71,33.10,13.58
2456104.620208,-18.90,5.32,-42.61,12.09
2456284.872350,16.08,6.37,33.79,17.88
2456329.740498,31.88,6.65,10.72,18.51
2456277.741075,-36612.30,1.26,80.20
2456294.661935,-36611.70,0.88,89.68
2456321.656079,-36600.06,1.14,79.65
2456374.540529,-36634.85,1.40,93.80
2456431.433702,-36635.03,1.01,89.87
2456470.371400,-36624.79,1.57,85.34
2456647.720323,-36600.10,1.49,87.07
2456685.652759,-36620.97,1.87,93.25
2456685.708909,-36632.45,1.78,85.68
2456740.529729,-36666.30,1.46,84.68
2456770.497979,-36662.81,1.25,83.07
2456770.535865,-36660.03,1.14,85.80
2456795.441384,-36690.91,1.50,95.74
2456837.383901,-36648.67,1.48,88.55
2457035.643601,-36573.76,1.52,83.60
2457066.696030,-36590.54,3.23,77.73
2457111.392729,-36627.95,2.64,77.58
2457111.558431,-36615.20,3.90,94.12
2457135.574680,-36622.59,1.37,81.68
2457168.434249,-36643.22,1.09,91.15
2457196.410659,-36658.05,1.07,91.97
2458141.769519,-36595.78,2.58,101.38
2458170.647338,-36584.26,1.55,79.80
2458191.578169,-36614.83,1.34,96.03