1498.85813,79475.29,33.35,
1941.68289,79283.95,47.47
1499.84424,79479.20,24.39,
1966.63067,79319.09,43.54
1500.82399,79456.08,28.20,
1967.61428,79316.11,48.67
1501.84201,79425.54,33.34,
1982.60999,79265.94,45.08
1503.80407,79410.11,24.68,
1983.61173,79321.38,63.90
1504.73140,79508.34,30.79,
2034.51858,79262.79,42.04
1825.82000,79393.01,32.88,
2134.92124,79379.61,38.13
1826.79706,79392.05,31.97,
2135.92107,79317.17,28.45
1848.73781,79425.96,29.70,
2143.91912,79352.16,25.81
1849.87072,79432.50,31.38,
2144.91490,79340.61,23.91
1850.82032,79407.82,30.45,
2162.83411,79386.24,21.53
1853.83336,79348.55,32.96,
2206.82385,79417.29,26.63
1891.75112,79383.03,25.92,
2250.73310,79466.94,22.88
1892.72852,79328.47,29.38,
2258.80834,79481.74,26.70
1893.73245,79294.67,28.29,
2261.77927,79493.98,24.94
1894.73323,79409.03,43.76,
2264.74591,79488.68,27.79
1921.72943,79338.22,28.95,
2297.66097,79522.58,27.74
1922.69018,79345.74,38.11,
2320.65288,79512.03,31.40
1939.68184,79335.08,33.18,
2321.57905,79511.04,42.41
2549.88550,79369.70,07.62