,33054,170469,k,rk41.439,2451705.968079,0.72,1.464217,93013.0,
,33055,170469,k,rk45.110,2451793.813299,-5.38,1.42266,68346.0,
,33056,170469,k,rk51.288,2452008.048808,-15.53,1.526842,93979.0,
,33057,170469,k,rk54.679,2452099.03294,-19.37,1.589975,84972.0,
,33058,170469,k,rk56.239,2452162.768935,-20.80,1.398883,83968.0,
,33059,170469,k,rk62.152,2452364.13287,-12.39,1.670156,94602.0,
,33060,170469,k,rk63.81,2452390.124988,-7.78,1.596486,85192.0,
,33061,170469,k,rk63.174,2452391.125671,-2.53,1.735642,84361.0,
,33062,170469,k,rk64.69,2452445.938669,-17.45,1.735419,106424.0,
,33063,170469,k,rk66.248,2452515.827766,9.20,1.960683,86537.0,
,33064,170469,k,rk67.36,2452535.755394,-1.87,1.523338,87437.0,
,33065,170469,k,rk67.234,2452536.74191,-5.26,1.498536,97290.0,
,33066,170469,k,rk67.443,2452537.825197,-3.60,1.504801,87476.0,
,33067,170469,k,rk67.642,2452538.742535,-4.50,1.294978,109908.0,
,33068,170469,k,rk67.734,2452539.755012,-1.21,1.507886,99026.0,
,33069,170469,k,rk68.18,2452572.694352,1.27,1.62037,96780.0,
,33070,170469,k,rk68.215,2452573.693333,0.44,1.3476,92122.0,
,33071,170469,k,rk68.422,2452574.707245,4.79,1.459307,98588.0,
,33072,170469,k,rk68.621,2452575.698218,-2.97,1.428803,97174.0,
,33073,170469,k,rk73.208,2452778.044549,10.16,1.946918,38202.0,
,33074,170469,k,rk74.75,2452804.05044,2.48,1.607324,98696.0,
,33075,170469,k,rk76.58,2452848.922743,-0.27,2.366156,31109.0,
,33076,170469,k,rk86.253,2453180.908252,-19.35,1.537158,99643.0,
,33077,170469,k,rk86.454,2453181.897523,-18.23,1.54434,98886.0,
,33078,170469,j,rj08.826,2453548.992477,2.56,1.08436,0.15,93309.0,
,33079,170469,j,rj11.540,2453603.802338,-2.42,1.027689,0.149,98982.0,
,33080,170469,j,rj18.704,2453842.012118,4.88,1.086723,0.15,78191.0,
,33081,170469,j,rj20.895,2453932.966539,3.34,0.969074,0.15,90376.0,
,33082,170469,j,rj21.452,2453960.917975,11.66,0.924713,0.149,89686.0,
,33083,170469,j,rj21.842,2453961.831146,5.46,0.891688,0.15,90064.0,
,33084,170469,j,rj23.153,2453981.824213,5.48,0.943677,0.15,88630.0,
,33085,170469,j,rj23.529,2453982.774942,-1.10,0.926561,0.149,89245.0,
,33086,170469,j,rj23.1028,2453983.760671,-0.64,0.919689,0.149,91427.0,
,33087,170469,j,rj23.1477,2453984.833773,3.85,0.861289,0.15,88882.0,
,33088,170469,j,rj32.1374,2454250.011956,-10.31,1.132585,0.151,68840.0,
,33089,170469,j,rj43.2152,2454336.982847,-20.76,1.285931,0.15,52706.0,
,33090,170469,j,rj61.86,2454777.758137,0.30,1.192601,0.148,45620.0,
,33091,170469,j,rj70.761,2454985.975747,7.45,1.288117,0.149,44628.0,
,33092,170469,j,rj93.786,2455375.860794,-7.86,1.076019,0.149,45886.0,
,33093,170469,j,rj100.1108,2455467.833033,-5.99,1.235468,0.148,45747.0,
,33094,170469,j,rj134.176,2455850.71647,-0.10,1.197726,0.149,46249.0,
,33095,170469,j,rj188.883,2456830.816327,1.56,1.112625,0.1515,46702.0,
,33096,170469,j,rj246.667,2457714.683639,-13.03,1.151213,0.1499,46353.0,
,33097,170469,j,rj298.67,2458340.954667,1.26,1.214869,0.1506,48534.0,
,33098,170469,j,rj339.478,2458715.760871,-3.58,0.985324,0.1498,47871.0,