36306,183263,k,rk54.63,2452094.891736,-79.24,1.785901,71284.0,
,36307,183263,k,rk54.470,2452098.018588,-74.86,1.53171,85323.0,
,36308,183263,k,rk54.682,2452099.041632,-71.84,1.639476,86663.0,
,36309,183263,k,rk54.1087,2452100.981053,-74.68,1.695234,78560.0,
,36310,183263,k,rk55.51,2452127.876447,-30.39,1.608556,83397.0,
,36311,183263,k,rk56.42,2452160.809572,25.15,1.668401,84103.0,
,36312,183263,k,rk62.51,2452363.131829,40.35,1.570464,95526.0,
,36313,183263,k,rk62.154,2452364.140475,44.87,1.337502,95520.0,
,36314,183263,k,rk63.80,2452390.120787,29.15,1.535297,84683.0,
,36315,183263,k,rk64.73,2452445.963669,15.03,1.789401,106004.0,
,36316,183263,k,rk65.34,2452486.801968,-13.25,1.53299,87707.0,
,36317,183263,k,rk67.37,2452535.758565,-35.54,1.638847,86781.0,
,36318,183263,k,rk68.19,2452572.697998,-66.31,1.60455,96442.0,
,36319,183263,k,rk68.424,2452574.713542,-65.66,1.7115,98056.0,
,36320,183263,k,rk69.21,2452600.688704,-80.55,1.527829,111943.0,
,36321,183263,k,rk72.305,2452713.135127,-142.99,1.597165,88899.0,
,36322,183263,k,rk73.215,2452778.085984,-46.99,1.621861,98515.0,
,36323,183263,k,rk74.91,2452804.114282,-13.97,1.628439,97483.0,
,36324,183263,k,rk75.439,2452832.826586,3.35,1.461034,98130.0,
,36325,183263,k,rk76.56,2452848.907407,2.84,2.205135,36958.0,
,36326,183263,k,rk77.208,2452855.981366,11.11,1.921594,98187.0,
,36327,183263,k,rk78.41,2452897.738808,20.57,1.765906,102024.0,
,36328,183263,k,rk79.127,2452924.737199,-2.25,1.426786,104885.0,
,36329,183263,k,rk80.21,2452987.69647,-12.97,2.483429,25714.0,
,36330,183263,k,rk80.217,2452988.696968,-8.61,1.632951,85520.0,
,36331,183263,k,rk80.218,2452988.705961,-14.41,1.868782,90072.0,
,36332,183263,k,rk80.429,2452989.700324,-11.73,1.322156,107999.0,
,36333,183263,k,rk84.166,2453072.155116,-43.95,1.456596,98240.0,
,36334,183263,k,rk84.407,2453074.15,-40.68,1.47371,103026.0,
,36335,183263,k,rk84.650,2453077.137512,-40.52,1.68494,103657.0,
,36336,183263,k,rk85.80,2453153.95434,-85.29,1.478641,98286.0,
,36337,183263,k,rk86.45,2453179.856991,-97.35,1.548929,98204.0,
,36338,183263,k,rk88.62,2453195.864954,-103.09,1.519438,99922.0,
,36339,183263,j,rj08.205,2453546.954722,-11.37,0.985718,0.163,93584.0,
,36340,183263,j,rj13.484,2453693.685428,-56.62,1.057222,0.16,97610.0,
,36341,183263,j,rj18.244,2453838.125116,-118.32,1.142013,0.156,77973.0,
,36342,183263,j,rj18.733,2453842.122338,-128.99,1.067906,0.156,77873.0,
,36343,183263,j,rj19.254,2453926.047164,-178.25,1.049868,0.159,90807.0,
,36344,183263,j,rj23.1035,2453983.777014,-152.77,1.020204,0.158,89499.0,
,36345,183263,j,rj26.520,2454084.701898,-15.08,2.033122,0.155,12686.0,
,36346,183263,j,rj32.1396,2454250.07794,-13.32,1.238899,0.153,70241.0,
,36347,183263,j,rj43.2158,2454336.999028,-29.85,1.205478,0.154,53412.0,
,36348,183263,j,rj43.3127,2454337.800683,-28.45,1.039518,0.155,69968.0,
,36349,183263,j,rj45.167,2454343.88125,-37.32,1.040287,0.154,69833.0,
,36350,183263,j,rj47.714,2454398.763345,-50.64,1.085902,0.154,66867.0,
,36351,183263,j,rj53.722,2454549.143252,-127.32,1.151136,0.153,44171.0,
,36352,183263,j,rj54.1073,2454602.965625,-106.31,1.206971,0.152,44147.0,
,36353,183263,j,rj54.1486,2454603.99515,-108.34,1.414634,0.152,44313.0,
,36354,183263,j,rj55.552,2454636.018854,-52.05,1.206874,0.151,44283.0,
,36355,183263,j,rj56.1353,2454672.971991,15.27,0.998075,0.152,68978.0,
,36356,183263,j,rj800.169,2454701.976953,43.71,1.076306,0.1499,70989.0,
,36357,183263,j,rj801.144,2454702.909394,43.41,1.032812,0.1504,69582.0,
,36358,183263,j,rj802.153,2454703.968356,39.71,1.117848,0.1501,71399.0,
,36359,183263,j,rj803.154,2454704.947054,39.39,0.995108,0.1508,70750.0,
,36360,183263,j,rj59.1297,2454721.831007,50.06,1.180231,0.149,44199.0,
,36361,183263,j,rj61.90,2454777.769271,61.52,1.255331,0.151,44425.0,
,36362,183263,j,rj63.971,2454808.697917,64.10,1.228073,0.151,44617.0,
,36363,183263,j,rj63.1583,2454810.715995,63.68,1.257123,0.149,44686.0,
,36364,183263,j,rj807.117,2454818.684263,59.11,1.34309,0.1529,74567.0,
,36365,183263,j,rj809.109,2454820.705616,61.15,1.301958,0.1494,50987.0,
,36366,183263,j,rj70.764,2454985.984913,31.44,1.271717,0.15,45130.0,
,36367,183263,j,rj72.416,2455015.860288,19.16,1.182105,0.149,44503.0,
,36368,183263,j,rj820.188,2455022.080307,12.50,1.133068,0.1501,72070.0,
,36369,183263,j,rj821.160,2455023.00982,17.80,1.121954,0.1495,73516.0,
,36370,183263,j,rj822.196,2455024.090525,13.20,1.142521,0.1499,73267.0,
,36371,183263,j,rj823.179,2455025.073496,14.90,1.118621,0.1493,70949.0,
,36372,183263,j,rj825.173,2455050.004536,7.85,1.028333,0.0,71804.0,
,36373,183263,j,rj826.165,2455051.022551,11.79,1.069793,0.1508,72056.0,
,36374,183263,j,rj827.184,2455052.028054,8.76,1.19114,0.15,72090.0,
,36375,183263,j,rj828.182,2455053.044573,4.01,1.18199,0.1498,72850.0,
,36376,183263,j,rj829.128,2455143.765861,-45.75,1.136029,0.1496,71949.0,
,36377,183263,j,rj832.114,2455166.711688,-56.87,1.153078,0.1498,73387.0,
,36378,183263,j,rj833.120,2455167.737712,-56.10,1.007833,0.1497,73271.0,
,36379,183263,j,rj80.768,2455172.701552,-63.71,1.314014,0.149,45349.0,
,36380,183263,j,rj839.193,2455259.146522,14.97,1.12872,0.1508,73080.0,
,36381,183263,j,rj88.207,2455290.123882,68.58,1.14947,0.149,46690.0,
,36382,183263,j,rj90.1068,2455322.07324,98.62,1.210374,0.148,46817.0,
,36383,183263,j,rj848.149,2455370.923306,116.80,1.145336,0.1496,74875.0,
,36384,183263,j,rj93.1349,2455378.132038,117.48,1.178484,0.147,45807.0,
,36385,183263,j,rj850.25,2455408.047016,122.22,1.012749,0.1495,74464.0,
,36386,183263,j,rj851.203,2455409.042414,119.73,1.096561,0.1483,73764.0,
,36387,183263,j,rj852.187,2455410.043934,124.26,1.082223,0.1486,75216.0,
,36388,183263,j,rj97.1472,2455432.74893,129.97,1.227636,0.149,46734.0,
,36389,183263,j,rj100.1423,2455468.759262,118.00,1.402761,0.148,23957.0,
,36390,183263,j,rj858.120,2455518.740877,104.17,1.217745,0.1495,73958.0,
,36391,183263,j,rj116.665,2455636.114791,65.60,1.184511,0.149,47037.0,
,36392,183263,j,rj120.370,2455704.105658,33.55,1.339574,0.149,46845.0,
,36393,183263,j,rj122.271,2455726.965702,21.54,1.33399,0.149,45739.0,
,36394,183263,j,rj130.1680,2455794.799629,-18.58,1.421812,0.142,31459.0,
,36395,183263,j,rj133.563,2455843.696555,-23.27,1.10914,0.149,46724.0,
,36396,183263,j,rj149.200,2456028.137459,137.73,1.243249,0.154,47212.0,
,36397,183263,j,rj178.264,2456519.731871,29.54,1.264791,0.137,44444.0,
,36398,183263,j,rj190.770,2456864.747033,26.44,1.347549,0.1568,45736.0,
,36399,183263,j,rj192.74,2456878.840306,11.84,1.417637,0.1514,38409.0,
,36400,183263,j,rj195.460,2457002.678992,-68.49,1.13814,0.1486,44801.0,
,36401,183263,j,rj199.75,2457150.982236,-18.99,1.250337,0.1517,46617.0,
,36402,183263,j,rj200.106,2457179.937503,21.84,1.217136,0.1511,45875.0,
,36403,183263,j,rj201.89,2457197.855516,25.04,1.216061,0.1514,45956.0,
,36404,183263,j,rj201.411,2457199.936277,32.22,1.184229,0.1516,45377.0,
,36405,183263,j,rj202.287,2457207.890136,29.60,1.334338,0.1517,46392.0,
,36406,183263,j,rj210.82,2457262.760378,29.19,1.366117,0.1527,47700.0,
,36407,183263,j,rj213.92,2457290.803063,31.74,1.257552,0.1489,46409.0,
,36408,183263,j,rj234.373,2457594.827582,-105.08,1.42598,0.1492,48069.0,
,36409,183263,j,rj246.468,2457713.686449,-176.81,1.212839,0.1489,45379.0,
,36410,183263,j,rj270.274,2458000.813721,-50.27,1.106141,0.1502,47990.0,
,36411,183263,j,rj290.473,2458264.981411,-180.40,1.56736,0.1545,23769.0,
,36412,183263,j,rj293.520,2458301.131181,-214.37,1.443278,0.1521,46201.0,
,36413,183263,j,rj333.489,2458646.874825,-77.05,1.203621,0.1615,48166.0,
,36414,183263,apf,raaa.42,2456504.803375,25.57,2.423562,29028.0,
,36415,183263,apf,raab.69,2456505.858365,30.24,2.62934,19770.0,
,36416,183263,apf,raac.9,2456506.745835,32.11,2.449806,25494.0,
,36417,183263,apf,raad.116,2456515.799782,43.11,2.447311,28958.0,
,36418,183263,apf,raae.116,2456516.842685,44.31,2.292018,29802.0,
,36419,183263,apf,raaf.110,2456517.738926,48.22,2.391731,29225.0,
,36420,183263,apf,raag.112,2456518.755751,52.67,2.64545,21808.0,
,36421,183263,apf,raah.109,2456525.720351,65.81,2.467119,29655.0,
,36422,183263,apf,raai.107,2456526.725963,66.26,2.475594,29427.0,
,36423,183263,apf,raaj.106,2456530.775353,72.15,2.353548,29747.0,
,36424,183263,apf,raak.106,2456534.740274,79.80,2.373713,26443.0,
,36425,183263,apf,raal.108,2456535.717092,83.59,2.202955,29270.0,
,36426,183263,apf,raao.108,2456540.713662,94.42,2.507816,27410.0,
,36427,183263,apf,raap.108,2456541.694583,94.96,2.590446,28837.0,
,36428,183263,apf,raaq.155,2456542.699703,92.11,2.529196,27517.0,
,36429,183263,apf,raar.107,2456547.738505,111.75,2.75689,28422.0,
,36430,183263,apf,raas.106,2456548.710612,104.11,2.64161,20333.0,
,36431,183263,apf,raat.162,2456562.736583,105.20,3.00249,10974.0,
,36432,183263,apf,raau.154,2456563.63695,109.46,2.860501,10914.0,
,36433,183263,apf,raaw.156,2456569.682944,117.42,6.285964,10195.0,
,36434,183263,apf,raaw.159,2456569.750346,111.51,5.802877,10058.0,
,36435,183263,apf,raax.169,2456570.766996,99.55,3.192991,11074.0,
,36436,183263,apf,raay.160,2456573.698253,114.83,3.387067,8402.0,
,36437,183263,apf,rabg.160,2456589.643593,122.28,4.680319,3439.0,
,36438,183263,apf,rabi.147,2456591.678036,126.26,2.632651,16772.0,
,36439,183263,apf,rabi.154,2456591.699319,125.20,2.77383,16847.0,
,36440,183263,apf,radh.226,2456741.002991,105.66,3.429289,7587.0,
,36441,183263,apf,radi.228,2456741.987665,107.25,3.762162,6511.0,
,36442,183263,apf,radk.223,2456751.023362,114.11,4.118082,4485.0,
,36443,183263,apf,radn.252,2456757.989717,95.76,3.425015,9661.0,
,36444,183263,apf,radw.213,2456780.897054,87.55,3.295617,6995.0,
,36445,183263,apf,radw.231,2456781.023789,90.34,4.559613,7678.0,
,36446,183263,apf,rady.222,2456784.946386,85.73,3.346366,10329.0,
,36447,183263,apf,raea.212,2456789.898755,84.41,3.361242,9174.0,
,36448,183263,apf,raea.227,2456789.978645,88.82,3.110098,10619.0,
,36449,183263,apf,raeb.241,2456792.967866,87.29,3.369083,10215.0,
,36450,183263,apf,raec.204,2456793.918458,89.38,3.413363,10231.0,
,36451,183263,apf,raec.228,2456794.01071,90.57,3.600618,10338.0,
,36452,183263,apf,raek.223,2456812.981424,83.16,2.779075,15447.0,
,36453,183263,apf,raek.224,2456812.995962,74.34,2.98258,15730.0,
,36454,183263,apf,raex.213,2456839.889231,66.45,3.087766,15706.0,
,36455,183263,apf,raex.214,2456839.902634,67.94,2.937184,15621.0,
,36456,183263,apf,rafg.226,2456858.851151,61.63,4.217931,6012.0,
,36457,183263,apf,rafg.227,2456858.869959,63.20,3.713079,9192.0,
,36458,183263,apf,rafk.189,2456867.797176,60.17,3.081551,15391.0,
,36459,183263,apf,rafk.190,2456867.809815,53.97,4.462609,4800.0,
,36460,183263,apf,rafn.165,2456874.75195,45.88,3.249591,13800.0,
,36461,183263,apf,rafn.166,2456874.773523,42.07,3.178172,12983.0,
,36462,183263,apf,rafp.192,2456878.779023,38.91,2.691718,16948.0,
,36463,183263,apf,rafp.193,2456878.800052,37.52,2.635283,16583.0,
,36464,183263,apf,rafq.201,2456880.761771,35.99,2.915374,16282.0,
,36465,183263,apf,rafq.202,2456880.782233,39.62,2.939266,15706.0,
,36466,183263,apf,rafs.203,2456884.740237,38.33,2.879741,15291.0,
,36467,183263,apf,rafs.204,2456884.756556,41.11,2.766616,15307.0,
,36468,183263,apf,raft.219,2456886.785004,37.86,2.562126,15347.0,
,36469,183263,apf,raft.220,2456886.800698,30.70,2.700889,15100.0,
,36470,183263,apf,rafv.178,2456890.720884,37.15,2.763107,15437.0,
,36471,183263,apf,rafv.179,2456890.741207,38.81,2.771008,15670.0,
,36472,183263,apf,rafw.188,2456891.709055,37.26,2.605686,15084.0,
,36473,183263,apf,rafw.189,2456891.72476,38.59,3.049119,15149.0,
,36474,183263,apf,rafx.215,2456892.742847,37.94,2.69665,15515.0,
,36475,183263,apf,rafx.216,2456892.76251,37.71,2.880952,15381.0,
,36476,183263,apf,rafy.206,2456894.718037,36.62,2.731591,15814.0,
,36477,183263,apf,rafy.207,2456894.735189,39.58,2.747798,15264.0,
,36478,183263,apf,rafz.205,2456895.735114,33.63,2.857284,15659.0,
,36479,183263,apf,rafz.206,2456895.752845,31.50,2.675795,15599.0,
,36480,183263,apf,ragd.207,2456900.764778,37.34,2.71758,15674.0,
,36481,183263,apf,ragd.208,2456900.786362,34.78,2.72862,15139.0,
,36482,183263,apf,rage.193,2456903.726973,34.08,2.619526,13999.0,
,36483,183263,apf,ragk.179,2456915.685339,27.51,3.034897,16700.0,
,36484,183263,apf,ragl.204,2456917.681027,28.33,2.875261,16152.0,
,36485,183263,apf,rags.191,2456935.696746,8.58,3.001279,12152.0,
,36486,183263,apf,ragt.167,2456937.620288,9.43,2.847276,16665.0,
,36487,183263,apf,ragt.168,2456937.641189,7.30,2.541093,15530.0,
,36488,183263,apf,ragv.101,2456941.636925,4.28,2.767427,13923.0,
,36489,183263,apf,ragv.102,2456941.657779,7.92,2.965211,11382.0,
,36490,183263,apf,ragx.202,2456949.746353,-8.67,3.309474,11159.0,
,36491,183263,apf,ragx.203,2456949.766918,-2.94,3.363576,10454.0,
,36492,183263,apf,raha.145,2456970.688228,-12.95,3.307616,9157.0,
,36493,183263,apf,raha.146,2456970.709719,-11.97,3.646626,8989.0,
,36494,183263,apf,raii.290,2457115.947339,-55.50,2.478643,18191.0,
,36495,183263,apf,rail.253,2457121.956957,-46.78,2.455309,30829.0,
,36496,183263,apf,raim.230,2457123.955785,-46.39,2.517086,16567.0,
,36497,183263,apf,rain.274,2457124.974715,-46.51,2.429706,23778.0,
,36498,183263,apf,raio.279,2457125.946476,-36.78,2.624979,22859.0,
,36499,183263,apf,raiq.271,2457130.959372,-30.43,2.647094,14563.0,
,36500,183263,apf,rair.236,2457132.9618,-23.87,2.28558,29241.0,
,36501,183263,apf,rait.223,2457135.950088,-20.95,2.552218,20593.0,
,36502,183263,apf,raiw.238,2457140.943809,-8.27,2.573484,29519.0,
,36503,183263,apf,raiy.262,2457143.949488,-4.29,2.390606,24142.0,
,36504,183263,apf,rajb.254,2457152.008428,3.81,2.697671,23676.0,
,36505,183263,apf,raje.240,2457158.998121,20.12,2.4488,20763.0,
,36506,183263,apf,rajj.275,2457168.896586,28.06,2.521139,31666.0,
,36507,183263,apf,rajk.259,2457170.890826,38.58,2.69477,20112.0,
,36508,183263,apf,rajl.234,2457174.895787,38.05,2.511814,16824.0,
,36509,183263,apf,rajn.276,2457178.941939,41.23,2.583897,27042.0,
,36510,183263,apf,rajo.247,2457179.954657,39.33,2.588741,25223.0,
,36511,183263,apf,rajp.253,2457181.852665,48.84,2.789304,23430.0,
,36512,183263,apf,rajp.275,2457181.94348,46.15,2.74871,25940.0,
,36513,183263,apf,rajr.216,2457185.926287,52.01,2.815487,18045.0,
,36514,183263,apf,rajs.244,2457187.914077,53.73,2.522751,30282.0,
,36515,183263,apf,rajt.273,2457188.947944,56.28,2.435941,30193.0,
,36516,183263,apf,raju.279,2457189.933034,55.95,2.338123,28054.0,
,36517,183263,apf,rajv.272,2457191.924762,51.73,2.246648,31987.0,
,36518,183263,apf,rajx.261,2457195.906038,55.57,2.250108,31459.0,
,36519,183263,apf,rajy.262,2457196.920889,55.36,2.225452,31271.0,
,36520,183263,apf,rakb.254,2457204.897258,52.04,2.582625,30393.0,
,36521,183263,apf,rakd.240,2457207.855401,58.84,2.741822,31672.0,
,36522,183263,apf,rake.258,2457208.853221,60.47,2.944973,21046.0,
,36523,183263,apf,rakf.228,2457211.865967,59.16,2.680589,32420.0,
,36524,183263,apf,rakj.251,2457218.846345,63.97,2.191067,26258.0,
,36525,183263,apf,rakn.248,2457224.835408,71.39,2.692198,24371.0,
,36526,183263,apf,rakp.217,2457227.772623,71.74,2.422927,25976.0,
,36527,183263,apf,rakq.243,2457229.813285,71.02,2.500554,27129.0,
,36528,183263,apf,raks.241,2457233.813078,66.99,2.56477,24769.0,
,36529,183263,apf,rakt.240,2457235.783944,69.67,2.554872,24122.0,
,36530,183263,apf,raku.231,2457238.790441,72.25,2.505979,26074.0,
,36531,183263,apf,raky.234,2457247.779429,65.61,2.629189,23784.0,
,36532,183263,apf,rakz.215,2457249.763441,69.69,2.557626,21431.0,
,36533,183263,apf,ralb.121,2457255.72468,66.98,2.773942,15592.0,
,36534,183263,apf,ralc.160,2457256.707446,73.04,2.624252,27506.0,
,36535,183263,apf,rale.216,2457260.708613,65.16,2.955503,13192.0,
,36536,183263,apf,ralf.180,2457262.705867,69.23,2.658388,24362.0,
,36537,183263,apf,ralg.209,2457265.702505,75.66,2.852238,12347.0,
,36538,183263,apf,ralh.213,2457267.693117,71.43,2.415875,29288.0,
,36539,183263,apf,rali.216,2457269.680229,70.55,2.526316,22019.0,
,36540,183263,apf,ralk.218,2457274.737959,67.69,2.609162,22481.0,
,36541,183263,apf,rall.217,2457276.728171,71.92,2.630607,19802.0,
,36542,183263,apf,ralp.208,2457283.715228,62.84,2.611838,21199.0,
,36543,183263,apf,ralr.170,2457290.721032,61.15,2.716542,23447.0,
,36544,183263,apf,ralx.202,2457305.684852,58.72,2.41905,27653.0,
,36545,183263,apf,raly.203,2457308.67595,57.73,2.3244,33010.0,
,36546,183263,apf,ramc.199,2457318.666071,55.83,2.129168,32122.0,
,36547,183263,apf,ramd.207,2457321.659355,53.25,2.471066,26220.0,
,36548,183263,apf,ramf.210,2457325.642464,51.62,2.283684,27591.0,
,36549,183263,apf,rami.206,2457332.633672,48.28,2.94958,20729.0,
,36550,183263,apf,ramj.213,2457334.63499,54.35,2.397134,31083.0,
,36551,183263,apf,ramm.201,2457340.643561,51.80,2.359048,33213.0,
,36552,183263,apf,ramo.199,2457344.657386,49.41,2.752266,16021.0,
,36553,183263,apf,raru.316,2457616.80543,-92.95,2.498264,26067.0,
,36554,183263,apf,rasz.198,2457682.702056,-138.85,2.474704,25255.0,
,36555,183263,apf,rata.190,2457684.714128,-136.26,3.445346,8392.0,
,36556,183263,apf,ratn.201,2457703.668297,-145.89,2.7067,32016.0,
,36557,183263,apf,ratx.209,2457722.628318,-134.93,2.648064,17489.0,
,36558,183263,apf,rawb.283,2457827.041899,-6.33,2.43541,30461.0,
,36559,183263,apf,rawc.258,2457830.02425,-6.29,2.568499,31389.0,
,36560,183263,apf,rawx.234,2457865.869956,7.15,3.162072,14028.0,
,36561,183263,apf,raxw.253,2457909.942637,0.89,2.383705,26007.0,
,36562,183263,apf,rayd.196,2457918.932226,8.32,2.774591,30955.0,
,36563,183263,apf,rayf.232,2457921.93951,15.66,2.650533,32121.0,
,36564,183263,apf,rayk.238,2457931.888588,4.70,2.55526,31417.0,
,36565,183263,apf,rayl.242,2457933.88193,1.99,2.529667,31135.0,
,36566,183263,apf,raym.238,2457937.86156,-4.72,3.066771,14026.0,
,36567,183263,apf,rayy.205,2457959.771231,1.95,3.884057,5649.0,
,36568,183263,apf,raze.216,2457966.837788,-6.62,2.698851,30109.0,
,36569,183263,apf,razl.229,2457981.836874,-10.40,2.5205,31688.0,
,36570,183263,apf,razo.217,2457987.756923,-18.83,2.5649,31103.0,
,36571,183263,apf,razs.223,2457995.770944,-10.70,2.684872,17420.0,
,36572,183263,apf,razt.228,2457996.793837,-18.34,2.450288,31720.0,
,36573,183263,apf,rbaj.206,2458025.712304,-22.93,2.62583,30188.0,
,36574,183263,apf,rbev.239,2458270.949462,-164.32,2.260587,30829.0,
,36575,183263,apf,rbff.248,2458291.933304,-172.98,2.399204,28375.0,
,36576,183263,apf,rbfq.243,2458314.885791,-186.66,2.988358,29121.0,
,36577,183263,apf,rbfr.227,2458318.806003,-181.83,2.263368,29415.0,
,36578,183263,apf,rbft.177,2458320.811402,-184.30,2.67875,28865.0,
,36579,183263,apf,rbfv.213,2458323.851937,-180.74,2.373052,29417.0,
,36580,183263,apf,rbfw.346,2458326.871742,-185.76,2.655932,25070.0,
,36581,183263,apf,rbga.219,2458332.807946,-183.60,2.482124,28173.0,
,36582,183263,apf,rbga.219,2458332.807946,-183.60,2.482124,28173.0,
,36583,183263,apf,rbgh.214,2458342.794445,-181.95,2.643628,25440.0,
,36584,183263,apf,rbgj.198,2458348.756399,-179.48,2.498027,27531.0,
,36585,183263,apf,rbgl.211,2458352.763428,-166.88,2.441326,24694.0,
,36586,183263,apf,rbgm.197,2458356.76361,-159.47,2.38207,26070.0,
,36587,183263,apf,rbgn.214,2458357.718825,-156.13,2.496473,26722.0,
,36588,183263,apf,rbgp.206,2458359.682954,-155.48,2.46245,28323.0,
,36589,183263,apf,rbgr.209,2458368.709478,-142.10,2.519935,28500.0,
,36590,183263,apf,rbgw.206,2458376.726472,-129.78,2.465034,25795.0,
,36591,183263,apf,rbgy.225,2458379.722132,-123.27,2.355493,26914.0,
,36592,183263,apf,rbhb.205,2458387.705137,-111.03,2.318094,25542.0,
,36593,183263,apf,rbhc.204,2458389.715346,-107.53,2.376679,25993.0,
,36594,183263,apf,rbhh.190,2458390.715681,-105.60,3.296953,8698.0,
,36595,183263,apf,rbhm.204,2458405.738073,-74.57,2.510864,24971.0,
,36596,183263,apf,rbhp.201,2458414.702657,-66.50,2.469519,26306.0,
,36597,183263,apf,rbhr.199,2458418.64969,-61.02,2.510621,26638.0,
,36598,183263,apf,rbhs.212,2458419.725189,-63.09,3.463134,8622.0,
,36599,183263,apf,rbhv.203,2458427.677968,-48.24,3.86831,6648.0,
,36600,183263,apf,rbhv.204,2458427.688731,-45.02,4.274806,5007.0,
,36601,183263,apf,rbkx.237,2458586.904365,-26.62,3.62876,6303.0,
,36602,183263,apf,rbkx.238,2458586.912085,-21.87,3.825511,6105.0,
,36603,183263,apf,rbky.236,2458587.905527,-26.73,4.023791,6263.0,
,36604,183263,apf,rbky.236,2458587.905527,-26.73,4.023791,6263.0,
,36605,183263,apf,rbky.237,2458587.912657,-32.84,3.705819,6391.0,
,36606,183263,apf,rbky.237,2458587.912657,-32.84,3.705819,6391.0,
,36607,183263,apf,rbld.235,2458601.87872,-40.92,3.320803,7308.0,
,36608,183263,apf,rbld.235,2458601.87872,-40.92,3.320803,7308.0,
,36609,183263,apf,rbld.236,2458601.886175,-43.20,3.400404,7125.0,
,36610,183263,apf,rbld.236,2458601.886175,-43.20,3.400404,7125.0,
,36611,183263,apf,rble.252,2458605.948677,-40.02,3.115198,8068.0,
,36612,183263,apf,rble.252,2458605.948677,-40.02,3.115198,8068.0,
,36613,183263,apf,rble.253,2458605.956247,-39.44,3.397768,7511.0,
,36614,183263,apf,rble.253,2458605.956247,-39.44,3.397768,7511.0,
,36615,183263,apf,rblg.253,2458608.008835,-41.47,3.187005,11430.0,
,36616,183263,apf,rblg.254,2458608.016324,-36.79,3.076268,11439.0,
,36617,183263,apf,rblh.254,2458611.949454,-34.59,3.416518,9010.0,
,36618,183263,apf,rblh.255,2458611.956896,-33.30,3.345418,9613.0,
,36619,183263,apf,rblj.239,2458617.928044,-36.95,3.071961,9647.0,
,36620,183263,apf,rblj.240,2458617.935568,-42.07,3.404486,10362.0,
,36621,183263,apf,rbll.233,2458621.955486,-49.36,2.889516,9486.0,
,36622,183263,apf,rbll.234,2458621.962975,-40.85,3.627695,8950.0,
,36623,183263,apf,rblq.206,2458631.941742,-40.26,3.431576,8565.0,
,36624,183263,apf,rblq.207,2458631.94937,-34.33,3.703299,8424.0,
,36625,183263,apf,rblt.228,2458637.953617,-48.09,3.118953,10091.0,
,36626,183263,apf,rblt.229,2458637.961071,-44.23,3.308705,10285.0,
,36627,183263,apf,rblx.201,2458647.800321,-43.41,3.708167,8315.0,
,36628,183263,apf,rblx.202,2458647.807532,-42.29,4.0124,8122.0,
,36629,183263,apf,rblz.226,2458648.929598,-39.23,3.555765,8397.0,
,36630,183263,apf,rblz.227,2458648.937087,-41.05,3.260089,8689.0,
,36631,183263,apf,rbmc.188,2458651.729908,-29.79,4.630454,4918.0,
,36632,183263,apf,rbmc.189,2458651.736945,-37.39,4.274637,5061.0,
,36633,183263,apf,rbmd.190,2458655.73692,-42.40,4.278685,5711.0,
,36634,183263,apf,rbmd.191,2458655.744444,-49.09,3.663458,5819.0,
,36635,183263,apf,rbmh.184,2458660.716385,-51.03,4.082132,4417.0,
,36636,183263,apf,rbmh.185,2458660.723689,-42.32,4.454184,4459.0,
,36637,183263,apf,rbmj.187,2458665.718156,-45.24,4.191853,4849.0,
,36638,183263,apf,rbmj.188,2458665.725228,-51.97,4.384969,4467.0,
,36639,183263,apf,rbmk.216,2458667.848864,-58.70,3.907232,5664.0,
,36640,183263,apf,rbmk.217,2458667.856596,-51.81,4.394305,4805.0,
,36641,183263,apf,rbml.201,2458669.846774,-48.87,3.081056,11005.0,
,36642,183263,apf,rbml.202,2458669.854367,-49.05,2.9862,11176.0,
,36643,183263,apf,rbmn.283,2458675.833423,-56.30,3.27374,10835.0,
,36644,183263,apf,rbmn.284,2458675.840853,-59.98,3.183509,11387.0,
,36645,183263,apf,rbmo.233,2458676.856835,-64.16,4.258497,4526.0,
,36646,183263,apf,rbmo.234,2458676.86084,-53.41,4.519224,4521.0,
,36647,183263,apf,rbmp.113,2458677.825569,-50.58,3.935712,5528.0,
,36648,183263,apf,rbmp.114,2458677.829586,-49.27,3.91507,5489.0,
,36649,183263,apf,rbmr.270,2458681.794001,-60.13,4.599435,3663.0,
,36650,183263,apf,rbmr.271,2458681.797879,-49.00,4.89384,4066.0,
,36651,183263,apf,rbms.207,2458682.739129,-54.16,4.761665,3888.0,
,36652,183263,apf,rbms.208,2458682.743099,-47.67,4.30435,4002.0,
,36653,183263,apf,rbmt.207,2458686.771179,-64.44,4.458922,4381.0,
,36654,183263,apf,rbmt.208,2458686.775045,-58.14,4.40349,4281.0,
,36655,183263,apf,rbmu.295,2458688.961661,-63.49,5.021116,3637.0,
,36656,183263,apf,rbmu.296,2458688.965573,-57.04,4.852454,3816.0,
,36657,183263,apf,rbmv.251,2458690.852163,-49.01,4.06077,5765.0,
,36658,183263,apf,rbmv.252,2458690.856133,-48.33,4.01574,5739.0,
,36659,183263,apf,rbmw.213,2458694.797373,-62.01,3.737869,5094.0,
,36660,183263,apf,rbmw.214,2458694.801227,-65.10,4.346093,5154.0,
,36661,183263,apf,rbmx.204,2458695.759138,-58.52,3.914019,4824.0,
,36662,183263,apf,rbmx.205,2458695.76312,-51.15,4.176534,4749.0,