,2318,10697,k,rk7.196,2450367.061748,-30.77,1.283342,352030.0,
,2319,10697,k,rk9.80,2450461.805567,-85.59,1.223165,144277.0,
,2320,10697,k,rk15.120,2450715.068183,-99.58,1.169656,154167.0,
,2321,10697,k,rk15.216,2450716.097581,-99.12,1.173628,282887.0,
,2322,10697,k,rk17.187,2450806.862662,-38.55,1.254946,124975.0,
,2323,10697,k,rk18.26,2450837.732222,-33.05,1.372514,211263.0,
,2324,10697,k,rk18.155,2450838.708056,-26.37,1.065467,136741.0,
,2325,10697,k,rk18.286,2450839.725984,-31.41,1.280766,194695.0,
,2326,10697,k,rk21.132,2450983.128912,49.91,1.217884,173954.0,
,2327,10697,k,rk22.351,2451013.097164,60.06,1.547934,214052.0,
,2328,10697,k,rk22.479,2451014.091597,64.12,1.261967,208339.0,
,2329,10697,k,rk23.32,2451043.070012,74.09,1.456056,125830.0,
,2330,10697,k,rk23.99,2451044.087894,72.68,1.327435,183338.0,
,2331,10697,k,rk24.97,2451051.046377,73.20,1.362921,121778.0,
,2332,10697,k,rk25.63,2451068.913796,91.14,1.280192,119064.0,
,2333,10697,k,rk25.219,2451070.091644,88.47,1.43452,168127.0,
,2334,10697,k,rk25.328,2451070.976308,87.25,1.233508,179495.0,
,2335,10697,k,rk25.470,2451071.986759,91.40,1.221645,87214.0,
,2336,10697,k,rk25.595,2451072.952975,85.80,1.337897,117994.0,
,2337,10697,k,rk26.839,2451074.883437,82.53,1.257632,109688.0,
,2338,10697,k,rk26.949,2451075.878553,93.85,1.829711,30852.0,
,2339,10697,k,rk26.950,2451075.880868,90.65,1.505001,57460.0,
,2340,10697,k,rk27.49,2451170.826134,95.48,1.460927,156026.0,
,2341,10697,k,rk31.182,2451342.117211,52.16,1.25198,131199.0,
,2342,10697,k,rk31.293,2451343.117095,51.19,1.223434,156832.0,
,2343,10697,k,rk32.106,2451368.118495,38.79,1.425692,84645.0,
,2344,10697,k,rk32.220,2451369.079549,41.71,1.334837,76211.0,
,2345,10697,k,rk32.1126,2451374.128553,32.09,1.365614,77303.0,
,2346,10697,k,rk33.152,2451410.119167,2.30,1.519615,116169.0,
,2347,10697,k,rk33.256,2451411.024977,5.52,1.327224,82226.0,
,2348,10697,k,rk33.422,2451412.073553,-2.73,1.51249,89699.0,
,2349,10697,k,rk35.69,2451438.887326,-23.05,1.321763,77752.0,
,2350,10697,k,rk35.177,2451439.918738,-22.51,1.367546,90973.0,
,2351,10697,k,rk35.264,2451440.933935,-20.03,1.281987,99629.0,
,2352,10697,k,rk36.26,2451487.919491,-72.48,3.622334,6509.0,
,2353,10697,k,rk36.27,2451487.924086,-63.15,2.0941,24269.0,
,2354,10697,k,rk36.29,2451487.999271,-71.79,2.378982,18333.0,
,2355,10697,k,rk36.30,2451488.003854,-55.10,4.180256,4997.0,
,2356,10697,k,rk36.53,2451488.807153,-68.03,1.388065,76221.0,
,2357,10697,k,rk37.40,2451543.801435,-100.78,1.459764,83491.0,
,2358,10697,k,rk38.33,2451550.753472,-103.04,1.808602,35768.0,
,2359,10697,k,rk38.34,2451550.755174,-102.29,1.218208,95578.0,
,2360,10697,k,rk38.168,2451551.763137,-103.37,1.271236,106354.0,
,2361,10697,k,rk38.301,2451552.781829,-110.57,1.367276,76632.0,
,2362,10697,k,rk39.19,2451580.710104,-103.06,1.429592,77971.0,
,2363,10697,k,rk47.344,2451899.865486,-12.24,1.387373,95183.0,
,2364,10697,k,rk54.489,2452098.100602,63.47,1.37456,87823.0,
,2365,10697,k,rk55.290,2452129.083912,73.38,1.416894,86753.0,
,2366,10697,k,rk57.105,2452188.951678,104.54,1.625976,85390.0,
,2367,10697,k,rk59.27,2452235.721563,103.26,1.273561,94553.0,
,2368,10697,k,rk60.58,2452307.777882,102.38,1.63792,83366.0,
,2369,10697,k,rk66.270,2452515.931829,-12.36,1.429277,101983.0,
,2370,10697,k,rk67.92,2452535.934074,-31.20,1.434628,89389.0,
,2371,10697,k,rk68.55,2452572.876238,-64.08,1.419275,110074.0,
,2372,10697,k,rk69.67,2452600.879641,-89.24,1.652721,102411.0,
,2373,10697,k,rk75.907,2452835.10478,-105.07,1.632672,103926.0,
,2374,10697,k,rk76.84,2452849.046377,-102.43,1.577112,107831.0,
,2375,10697,k,rk77.237,2452856.068241,-87.84,1.418781,103133.0,
,2376,10697,k,rk78.85,2452897.925069,-81.43,1.539614,106616.0,
,2377,10697,k,rk79.157,2452924.907998,-63.62,1.336211,104578.0,
,2378,10697,k,rk80.245,2452988.836944,-36.38,1.481674,109730.0,
,2379,10697,k,rk81.942,2453017.771516,-5.49,1.424702,110925.0,
,2380,10697,j,rj01.713,2453239.954155,82.52,1.119024,0.158,118577.0,
,2381,10697,j,rj02.190,2453301.980012,104.86,1.155687,0.157,100662.0,
,2382,10697,j,rj21.500,2453961.093183,-82.66,0.900758,0.157,91868.0,
,2383,10697,j,rj72.237,2455015.12444,-99.84,1.132661,0.156,47128.0,
,2384,10697,j,rj821.189,2455023.09998,-93.02,1.044991,0.1586,72110.0,
,2385,10697,j,rj833.195,2455167.911758,-7.33,1.1972,0.1549,72746.0,
,2386,10697,j,rj833.196,2455167.912637,-8.35,1.197079,0.1557,72652.0,
,2387,10697,j,rj833.197,2455167.913551,-13.85,1.177581,0.1547,74629.0,
,2388,10697,j,rj833.198,2455167.914512,-15.53,1.137032,0.1551,74761.0,
,2389,10697,j,rj82.422,2455197.8475,7.76,1.166605,0.153,47821.0,
,2390,10697,j,rj836.121,2455201.790357,3.83,1.095548,0.1529,73798.0,
,2391,10697,j,rj836.122,2455201.791283,5.69,1.062134,0.1524,75464.0,
,2392,10697,j,rj836.123,2455201.792197,3.67,1.051586,0.1528,75370.0,
,2393,10697,j,rj839.109,2455258.746032,34.98,1.018856,0.1544,75388.0,
,2394,10697,j,rj839.110,2455258.747941,32.33,1.141849,0.1533,75663.0,
,2395,10697,j,rj93.1532,2455379.128633,77.72,1.245281,0.147,46540.0,
,2396,10697,j,rj100.774,2455467.123465,108.30,1.230354,0.155,48987.0,
,2397,10697,j,rj131.114,2455807.02585,-69.51,1.382594,0.153,57232.0,
,2398,10697,j,rj134.84,2455850.161074,-95.96,1.120146,0.146,44213.0,
,2399,10697,j,rj136.93,2455871.006229,-114.82,1.270108,0.156,46442.0,
,2400,10697,j,rj153.532,2456112.132111,-93.66,1.065218,0.151,48284.0,
,2401,10697,j,rj165.24,2456318.703224,28.29,1.153833,0.152,47381.0,
,2402,10697,j,rj180.1014,2456535.150098,92.90,1.097547,0.151,48289.0,
,2403,10697,j,rj185.1089,2456640.853834,88.20,1.172282,0.1524,46551.0,
,2404,10697,j,rj189.914,2456847.129248,-47.08,1.426783,0.1529,24350.0,
,2405,10697,j,rj203.96,2457222.136029,-75.39,1.042706,0.1531,50177.0,
,2406,10697,j,rj222.664,2457414.698629,39.68,1.202253,0.1393,52786.0,
,2407,10697,j,rj234.621,2457596.136954,85.86,1.151818,0.1519,48110.0,
,2408,10697,j,rj252.669,2457806.72482,34.54,1.155527,0.1538,49662.0,
,2409,10697,j,rj282.272,2458150.750582,-131.57,1.276584,0.1542,47715.0,
,2410,10697,j,rj299.106,2458345.0741,-39.17,1.078089,0.1525,48290.0,
,2411,10697,j,rj341.304,2458724.046694,92.65,1.080676,0.1532,52635.0,