5554.160778,141.5,12.7,
6617.039120,173.0,10.3,
8562.032879,-210.1,10.5
5843.296304,-134.0,9.2,
6739.981866,-177.5,11.0,
8829.101603,69.2,9.6
5934.083138,348.0,10.2,
6922.249499,-263.8,9.9,
8862.049446,207.0,10.3
5963.013631,317.8,8.9,
6965.948245,55.3,9.3,
8863.145400,266.5,12.4
6015.070065,223.9,10.3,
7094.044613,163.4,14.7,
8945.032492,275.7,10.1
6024.942705,305.9,11.6,
7301.127580,-231.8,10.7,
9511.130388,202.6,36.1
6073.967887,6.0,13.7,
7330.305666,-257.3,9.1,
9511.130388,211.3,24.8
6258.186458,-297.6,10.0,
7378.120219,-248.4,11.3,
9512.090507,78.7,23.6
6261.212614,-385.8,9.0,
7401.943197,-144.9,11.7,
9512.092243,91.7,23.2
6287.150081,-380.0,17.7,
7407.925704,-126.3,10.3,
9512.133912,111.9,27.4
6346.073735,-188.5,9.2,
7412.941397,-213.2,10.8,
9633.050081,-247.1,28.1
6378.102166,-60.8,11.0,
7423.961470,-10.4,11.4,
9634.008360,-176.7,25.3
6551.314505,231.6,11.4,
7469.046414,28.0,8.9,
9635.008303,-212.9,39.5
6582.262129,281.3,11.0,
8515.956277,31.8,10.4,
9636.008245,-95.0,22.1
6583.166785,238.6,12.2