5357.027343,11.3,18.6,
7475.184243,-14.8,17.4,
8943.045719,35.5,16.9
5616.392269,143.6,25.1,
7527.109889,-40.3,17.5,
8943.066656,25.6,15.9
5671.011796,163.2,24.4,
7530.213694,-19.7,19.3,
8944.157323,54.2,19.0
5842.957103,4.6,20.8,
7704.941274,19.5,14.1,
8945.081580,77.2,16.9
6379.262625,51.6,14.6,
7819.259376,9.2,15.0,
8969.097550,23.8,18.2
6409.327670,-1.2,14.6,
7856.248364,-18.3,15.2,
8970.135878,18.2,17.5
6583.040523,60.6,25.3,
7895.087187,-46.2,16.7,
9008.990863,77.3,22.6
6710.321857,99.2,15.0,
8010.998230,-58.6,13.2,
9128.930702,-2.4,16.6
6739.165553,46.3,15.1,
8037.017169,-84.1,18.4,
9148.968556,-37.8,12.4
6805.184754,42.4,18.1,
8105.359985,-47.5,15.2,
9149.918236,-51.0,14.6
6921.965641,-102.7,16.2,
8743.003171,-103.8,14.7,
9150.910347,-53.3,13.5
6963.939995,-36.9,19.6,
8772.957082,-32.9,13.7,
9160.945100,-74.0,19.0
6970.901351,-80.4,15.8,
8852.378263,11.7,17.2,
9161.952258,-54.6,15.9
7027.383448,-73.2,16.5,
8863.303083,-49.7,17.0,
9296.119476,-75.0,20.6
7067.324662,-20.2,20.7,
8898.199527,6.9,21.4,
9330.007068,-81.1,61.1
7148.089384,-8.5,17.7,
8927.267737,4.0,20.0,
9359.173258,10.2,20.4
7169.267191,86.2,18.3,
8932.072411,56.9,22.5,
9370.048097,51.5,44.1
7298.972916,8.8,15.2,
8933.077617,80.6,23.7,
9370.173096,-13.0,16.5
