2455160.5362269,7.2,9.0,
2455188.6187049,10.77,0.55
2455161.5372730,-11.8,9.0,
2455883.6145165,-10.66,0.86
2455162.5377306,30.2,9.0,
2455885.5904695,-12.54,1.03
2455467.6819298,-35.8,9.0,
2456183.7872355,12.43,0.48
2455468.7578863,-25.8,9.0,
2456184.6697746,9.39,0.79
2455878.6618959,-8.9,9.0,
2456184.8402196,8.10,0.92
2455879.6756525,-5.9,15.0,
2456185.7970768,13.90,0.55
2456160.7988170,6.0,9.0,
2456442.9352036,3.98,0.69
2456164.7903294,38.0,9.0,
2456461.9331703,0.26,0.74
2456307.5567717,23.0,9.0,
2456463.8950719,1.48,0.77
2456308.5698681,20.0,9.0,
2456561.7814364,-13.46,0.50
2456675.6083797,-22.0,9.0,
2456562.5748725,-12.24,0.86
2456676.6025593,-16.0,9.0,
2456563.6078357,-13.76,0.78
2456881.8675908,-20.2,12.0,,,
2456882.8265879,-17.2,12.0,,,
2456883.7721760,-13.2,12.0,,,
