2455698.7379179,-70.4,9.0,
2454577.8573518,70.07,0.70
2455786.6994564,36.6,13.0,
2454578.8259992,67.18,0.80
2455786.7108277,75.6,13.0,
2454579.8512477,67.69,0.74
2455787.6641024,35.6,12.0,
2455650.8171652,-83.60,1.14
2455787.6754805,35.6,12.0,
2455786.6216504,-5.87,1.04
2455788.6765746,48.6,13.0,
2455787.4979049,-3.44,0.96
2455788.6875372,67.6,13.0,
2455788.6355855,-1.89,1.07
2456034.9332917,20.6,12.0,
2455993.8895322,-6.64,1.23
2456381.8066463,54.6,12.0,
2455994.8596255,-7.98,1.57
2456381.8190355,47.6,12.0,
2456063.7543293,-35.54,1.82
2456463.7613374,59.6,9.0,
2456064.7595490,-35.45,0.96
2456464.7345595,11.6,9.0,
2456065.7693045,-33.41,2.68
2456555.5907771,-42.4,11.0,
2456183.5412473,-15.93,1.13
2456555.6041047,-39.4,9.0,
2456442.8006921,14.89,1.18
2456733.8878823,145.2,10.0,
2456443.8064819,19.51,2.63
2456735.8673459,111.2,10.0,
2456444.8081381,17.67,1.57
2456754.8071800,115.2,13.0,
2456461.7756434,13.11,1.08
2456823.8481613,112.2,11.0,
2456462.8238912,9.33,1.42
2456825.8695333,89.2,11.0,
2456463.7557595,11.89,1.71
2456881.7083646,99.2,11.0,
2456561.4867891,-62.19,1.12
2456883.6490320,85.2,10.0,,,
2457077.8839217,120.2,13.0,,,
2457183.7828036,-250.8,16.0,,,
2457184.6886555,-250.8,15.0,,,
2457312.5069791,-254.8,17.0,,,
2457318.4944200,-279.8,16.0,,,
