,67405,3651,k,rk7.169,2450366.92463,-7.34,1.11915,236484.0,
,67406,3651,k,rk13.116,2450667.033449,3.90,5.477714,158553.0,
,67407,3651,k,rk15.201,2450716.051111,6.18,1.210893,115841.0,
,67408,3651,k,rk23.93,2451044.060741,9.06,5.517093,102625.0,
,67409,3651,k,rk25.340,2451071.028808,-4.98,1.133339,125056.0,
,67410,3651,k,rk27.494,2451173.822326,-5.78,1.197753,174738.0,
,67411,3651,k,rk27.495,2451173.824248,-3.01,1.171219,163690.0,
,67412,3651,k,rk32.90,2451368.049641,-4.67,1.078565,67810.0,
,67413,3651,k,rk35.53,2451438.845775,-18.62,1.201432,59604.0,
,67414,3651,k,rk38.155,2451551.688356,-4.88,1.142424,92940.0,
,67415,3651,k,rk43.188,2451756.005926,5.08,5.574118,102191.0,
,67416,3651,k,rk54.274,2452096.111204,8.73,1.281868,75067.0,
,67417,3651,k,rk54.1292,2452102.019861,9.43,1.220406,76100.0,
,67418,3651,k,rk55.93,2452128.081551,-13.30,1.353893,82022.0,
,67419,3651,k,rk55.550,2452133.919711,10.77,1.28325,92143.0,
,67420,3651,k,rk57.104,2452188.946748,-20.58,1.331554,80254.0,
,67421,3651,k,rk59.21,2452235.69831,-3.81,1.134705,94630.0,
,67422,3651,k,rk59.249,2452236.759468,1.23,1.162876,104647.0,
,67423,3651,k,rk59.340,2452237.729248,-4.02,1.183998,102216.0,
,67424,3651,k,rk66.84,2452515.020451,18.26,5.637516,95546.0,
,67425,3651,k,rk67.55,2452535.819363,13.03,5.287326,86247.0,
,67426,3651,k,rk67.678,2452538.874456,2.65,1.316171,87569.0,
,67427,3651,k,rk68.33,2452572.760475,15.48,1.140313,94580.0,
,67428,3651,k,rk68.446,2452574.835428,13.88,1.39247,94256.0,
,67429,3651,k,rk69.27,2452600.716227,-0.18,1.166903,98577.0,
,67430,3651,k,rk69.28,2452600.717593,-0.20,1.265362,99504.0,
,67431,3651,k,rk69.230,2452601.711134,0.13,1.223445,99691.0,
,67432,3651,k,rk69.231,2452601.712442,-3.01,1.280518,99573.0,
,67433,3651,k,rk69.445,2452602.775451,4.10,1.291296,107476.0,
,67434,3651,k,rk69.446,2452602.777014,1.40,1.276443,108604.0,
,67435,3651,k,rk70.36,2452651.734329,12.69,1.259359,102861.0,
,67436,3651,k,rk74.726,2452807.10978,-10.88,1.387064,105751.0,
,67437,3651,k,rk75.687,2452834.043935,5.75,1.532139,99214.0,
,67438,3651,k,rk76.79,2452849.034745,7.54,1.267002,104960.0,
,67439,3651,k,rk77.235,2452856.065509,9.02,1.38591,100189.0,
,67440,3651,k,rk78.78,2452897.908993,6.61,1.233993,103948.0,
,67441,3651,k,rk79.150,2452924.876597,-8.36,1.349195,102244.0,
,67442,3651,k,rk80.241,2452988.812801,-11.43,1.213138,107952.0,
,67443,3651,j,rj01.430,2453238.95794,-17.30,0.96402,0.165,120848.0,
,67444,3651,j,rj02.189,2453301.972025,-18.32,0.998392,0.171,74921.0,
,67445,3651,j,rj03.184,2453338.815486,-0.72,0.872725,0.168,111772.0,
,67446,3651,j,rj03.185,2453338.816458,2.77,0.844987,0.168,110034.0,
,67447,3651,j,rj03.186,2453338.817512,-0.84,0.88848,0.169,109233.0,
,67448,3651,j,rj04.827,2453369.741991,-26.00,0.801185,0.165,100426.0,
,67449,3651,j,rj04.828,2453369.742928,-28.02,0.805194,0.166,103454.0,
,67450,3651,j,rj04.829,2453369.743889,-26.68,0.823802,0.165,101373.0,
,67451,3651,j,rj06.611,2453426.721644,-14.86,0.862299,0.168,99192.0,
,67452,3651,j,rj06.612,2453426.722836,-16.40,0.827004,0.168,102174.0,
,67453,3651,j,rj06.613,2453426.723912,-15.62,0.826355,0.168,101328.0,
,67454,3651,j,rj13.107,2453692.700741,5.38,0.829268,0.173,101262.0,
,67455,3651,j,rj13.108,2453692.711933,5.91,1.063089,0.173,38624.0,
,67456,3651,j,rj13.109,2453692.718403,6.36,0.784913,0.173,103152.0,
,67457,3651,j,rj13.499,2453693.712384,7.53,0.826913,0.174,101975.0,
,67458,3651,j,rj13.500,2453693.713368,7.62,0.754723,0.174,104896.0,
,67459,3651,j,rj13.501,2453693.714294,6.94,0.812268,0.173,104351.0,
,67460,3651,j,rj13.588,2453693.936458,7.66,0.791576,0.172,102330.0,
,67461,3651,j,rj13.589,2453693.937465,4.30,0.813079,0.173,105304.0,
,67462,3651,j,rj13.590,2453693.938368,6.13,0.725018,0.172,104754.0,
,67463,3651,j,rj13.1025,2453694.70978,5.12,0.807552,0.174,107622.0,
,67464,3651,j,rj13.1026,2453694.710637,5.02,0.810985,0.173,105279.0,
,67465,3651,j,rj13.1027,2453694.711505,5.96,0.750612,0.173,107965.0,
,67466,3651,j,rj13.1097,2453694.855602,6.39,0.820358,0.173,107285.0,
,67467,3651,j,rj13.1098,2453694.856435,8.38,0.773218,0.173,107025.0,
,67468,3651,j,rj13.1099,2453694.857234,5.33,0.74887,0.173,106002.0,
,67469,3651,j,rj13.1588,2453695.870509,6.19,0.833372,0.173,106313.0,
,67470,3651,j,rj13.1589,2453695.871354,8.89,0.842245,0.172,106154.0,
,67471,3651,j,rj13.1590,2453695.87235,4.42,0.870115,0.172,107326.0,
,67472,3651,j,rj13.2036,2453696.728438,7.60,0.798595,0.173,108573.0,
,67473,3651,j,rj13.2037,2453696.729271,6.08,0.789714,0.172,103971.0,
,67474,3651,j,rj13.2038,2453696.73022,5.97,0.76948,0.172,107540.0,
,67475,3651,j,rj14.577,2453724.839861,-8.48,0.883049,0.177,104485.0,
,67476,3651,j,rj14.578,2453724.840799,-4.49,0.883209,0.177,105011.0,
,67477,3651,j,rj14.579,2453724.841725,-4.15,0.869704,0.177,103724.0,
,67478,3651,j,rj19.613,2453927.05338,-18.56,0.794467,0.175,94029.0,
,67479,3651,j,rj19.614,2453927.054259,-17.13,0.893042,0.174,95049.0,
,67480,3651,j,rj19.615,2453927.05515,-21.15,0.82361,0.174,96919.0,
,67481,3651,j,rj23.189,2453981.912303,-10.88,0.861986,0.173,97149.0,
,67482,3651,j,rj23.190,2453981.913252,-8.85,0.90046,0.173,98104.0,
,67483,3651,j,rj23.191,2453981.914062,-12.05,0.84912,0.174,99435.0,
,67484,3651,j,rj26.567,2454084.877535,-1.51,0.991359,0.172,75138.0,
,67485,3651,j,rj26.568,2454084.879433,-2.22,1.070068,0.172,73812.0,
,67486,3651,j,rj26.569,2454084.881273,-2.21,1.013913,0.169,74566.0,
,67487,3651,j,rj35.519,2454279.128542,-3.07,0.822075,0.178,74220.0,
,67488,3651,j,rj38.252,2454295.088889,-11.61,0.885324,0.176,77110.0,
,67489,3651,j,rj47.752,2454398.920926,-3.34,0.919448,0.174,76235.0,
,67490,3651,j,rj59.127,2454717.942072,-8.54,1.254848,0.175,49489.0,
,67491,3651,j,rj59.451,2454718.998009,-0.53,1.026195,0.176,49320.0,
,67492,3651,j,rj59.759,2454719.998252,-11.07,1.039909,0.176,50497.0,
,67493,3651,j,rj59.1040,2454720.92397,-5.58,0.957161,0.177,50106.0,
,67494,3651,j,rj59.1324,2454721.90809,-9.06,1.064106,0.177,49294.0,
,67495,3651,j,rj59.1617,2454722.890706,-11.80,1.07781,0.176,46272.0,
,67496,3651,j,rj59.1902,2454723.875208,-6.41,1.39107,0.179,17949.0,
,67497,3651,j,rj59.2244,2454724.961343,-6.41,1.015929,0.175,47161.0,
,67498,3651,j,rj72.239,2455015.127373,2.57,0.850883,0.171,51159.0,
,67499,3651,j,rj74.335,2455043.031926,-7.82,1.042716,0.167,47364.0,
,67500,3651,j,rj80.623,2455171.950214,-21.53,1.18723,0.17,46850.0,
,67501,3651,j,rj84.90,2455250.707633,9.45,1.01469,0.167,50354.0,
,67502,3651,j,rj93.1533,2455379.13118,11.33,0.983183,0.164,48943.0,
,67503,3651,j,rj851.227,2455409.133505,-0.30,0.846968,0.165,79995.0,
,67504,3651,j,rj851.228,2455409.13435,4.74,0.898902,0.1655,80905.0,
,67505,3651,j,rj851.229,2455409.135172,2.21,0.81721,0.1653,81009.0,
,67506,3651,j,rj851.230,2455409.136144,3.40,0.854828,0.1651,80128.0,
,67507,3651,j,rj851.231,2455409.137024,-0.92,0.876649,0.1644,81826.0,
,67508,3651,j,rj96.794,2455414.025016,-6.54,1.024366,0.165,49806.0,
,67509,3651,j,rj97.1904,2455435.042053,12.27,0.997954,0.166,52719.0,
,67510,3651,j,rj853.230,2455463.098131,-1.99,0.945613,0.1639,77565.0,
,67511,3651,j,rj853.231,2455463.098965,-1.05,0.825096,0.1644,79349.0,
,67512,3651,j,rj853.232,2455463.099925,-1.51,0.922712,0.1643,76842.0,
,67513,3651,j,rj853.233,2455463.100759,1.98,0.854868,0.1642,79087.0,
,67514,3651,j,rj853.234,2455463.101615,-1.57,0.901226,0.1638,79924.0,
,67515,3651,j,rj854.141,2455463.875455,3.72,0.906348,0.1636,81416.0,
,67516,3651,j,rj854.142,2455463.876207,2.36,0.870726,0.1638,79572.0,
,67517,3651,j,rj854.143,2455463.876937,2.58,0.915582,0.1629,82328.0,
,67518,3651,j,rj854.144,2455463.877677,1.37,0.906137,0.1635,80611.0,
,67519,3651,j,rj854.145,2455463.87843,3.38,0.977602,0.1643,78710.0,
,67520,3651,j,rj854.146,2455463.879182,3.52,0.916839,0.1635,81174.0,
,67521,3651,j,rj855.142,2455515.989004,5.20,0.910598,0.1645,79936.0,
,67522,3651,j,rj855.143,2455515.989907,4.31,0.924615,0.1652,78332.0,
,67523,3651,j,rj855.144,2455515.990821,3.21,0.867034,0.1651,79660.0,
,67524,3651,j,rj855.145,2455515.991724,2.36,0.941303,0.1651,79343.0,
,67525,3651,j,rj855.146,2455515.99265,2.29,0.954854,0.1652,78400.0,
,67526,3651,j,rj106.532,2455522.890501,1.69,1.150068,0.165,27318.0,
,67527,3651,j,rj113.64,2455584.698769,-0.03,0.921586,0.165,53191.0,
,67528,3651,j,rj126.105,2455752.131999,12.89,1.002399,0.162,54059.0,
,67529,3651,j,rj126.321,2455753.120402,8.27,1.069969,0.164,48214.0,
,67530,3651,j,rj126.322,2455753.12171,11.91,1.077062,0.165,49610.0,
,67531,3651,j,rj126.323,2455753.123018,7.52,1.133196,0.166,47699.0,
,67532,3651,j,rj126.324,2455753.124222,7.48,1.162021,0.164,48617.0,
,67533,3651,j,rj126.325,2455753.125345,7.04,1.13613,0.166,48134.0,
,67534,3651,j,rj130.74,2455786.055181,-13.75,1.188987,0.164,29380.0,
,67535,3651,j,rj130.75,2455786.061848,-10.62,1.146817,0.163,37573.0,
,67536,3651,j,rj130.76,2455786.066374,-9.83,0.922658,0.164,47976.0,
,67537,3651,j,rj877.196,2455825.055836,5.98,0.989035,0.1634,80401.0,
,67538,3651,j,rj877.197,2455825.056692,7.53,0.945915,0.1644,78915.0,
,67539,3651,j,rj877.198,2455825.057537,6.80,0.966666,0.1631,81179.0,
,67540,3651,j,rj877.199,2455825.058359,5.86,1.013672,0.1628,76993.0,
,67541,3651,j,rj879.181,2455839.956842,-3.29,0.905287,0.1618,79564.0,
,67542,3651,j,rj879.182,2455839.957606,-2.46,0.871505,0.1614,80251.0,
,67543,3651,j,rj879.183,2455839.958405,-4.04,0.887211,0.1618,80876.0,
,67544,3651,j,rj879.184,2455839.959215,-5.97,0.948629,0.1613,81165.0,
,67545,3651,j,rj879.185,2455839.960013,-5.51,0.946178,0.1621,80572.0,
,67546,3651,j,rj133.134,2455841.973256,-3.76,1.056617,0.161,51240.0,
,67547,3651,j,rj136.65,2455870.928184,8.30,1.11478,0.164,49475.0,
,67548,3651,j,rj881.119,2455874.901536,10.65,1.024392,0.1621,79034.0,
,67549,3651,j,rj881.120,2455874.902369,10.52,0.975515,0.1627,81039.0,
,67550,3651,j,rj881.121,2455874.903191,12.31,0.973887,0.1616,80764.0,
,67551,3651,j,rj881.122,2455874.903989,11.10,0.952145,0.1627,80440.0,
,67552,3651,j,rj881.123,2455874.9048,12.18,0.952117,0.1617,79926.0,
,67553,3651,j,rj883.135,2455876.897792,6.95,1.01254,0.1625,81186.0,
,67554,3651,j,rj883.136,2455876.898706,9.87,0.970039,0.1621,77854.0,
,67555,3651,j,rj883.137,2455876.899585,8.17,1.056772,0.162,78785.0,
,67556,3651,j,rj883.138,2455876.900465,10.45,0.992175,0.1628,77303.0,
,67557,3651,j,rj883.139,2455876.901507,11.10,0.970404,0.1624,80798.0,
,67558,3651,j,rj138.816,2455904.822207,-0.47,1.080896,0.164,49964.0,
,67559,3651,j,rj142.92,2455944.694419,3.92,0.920093,0.161,51116.0,
,67560,3651,j,rj142.93,2455944.695136,4.96,0.943791,0.162,52125.0,
,67561,3651,j,rj142.94,2455944.695831,3.94,0.92202,0.162,49409.0,
,67562,3651,j,rj145.70,2455972.719183,-12.83,1.024102,0.161,49654.0,
,67563,3651,j,rj151.154,2456080.130037,2.20,1.048642,0.158,49428.0,
,67564,3651,j,rj152.172,2456098.135708,-5.63,1.033939,0.146,45885.0,
,67565,3651,j,rj152.524,2456100.112887,-7.57,1.16754,0.16,49346.0,
,67566,3651,j,rj153.533,2456112.134526,-15.78,0.966617,0.161,52717.0,
,67567,3651,j,rj160.83,2456202.981484,-3.54,1.002512,0.161,47629.0,
,67568,3651,j,rj165.26,2456318.704079,4.13,0.97074,0.162,50913.0,
,67569,3651,j,rj172.423,2456474.132717,-11.27,1.054376,0.161,48656.0,
,67570,3651,j,rj178.157,2456519.110797,0.65,0.938417,0.16,50565.0,
,67571,3651,j,rj182.124,2456584.907424,0.38,1.082702,0.163,50632.0,
,67572,3651,j,rj185.1087,2456640.846536,0.10,1.048155,0.1622,47832.0,
,67573,3651,j,rj194.498,2456908.90689,-8.73,1.088897,0.1651,49724.0,
,67574,3651,j,rj197.88,2457060.70606,3.53,1.113845,0.1749,49077.0,
,67575,3651,j,rj202.2116,2457218.128739,-3.32,1.015674,0.1772,50779.0,
,67576,3651,j,rj204.102,2457229.107732,-13.49,1.022279,0.1856,52991.0,
,67577,3651,j,rj221.81,2457401.695755,-7.13,1.03388,0.1798,58526.0,
,67578,3651,j,rj222.63,2457411.699627,-14.35,0.947868,0.1804,62290.0,
,67579,3651,j,rj233.479,2457582.03242,-8.10,1.062085,0.1837,53502.0,
,67580,3651,j,rj234.411,2457595.022965,-13.34,1.176196,0.1874,50386.0,
,67581,3651,j,rj246.1293,2457717.848138,-12.50,1.077943,0.1834,49504.0,
,67582,3651,j,rj248.266,2457760.738234,-3.71,1.135006,0.1826,52245.0,
,67583,3651,j,rj251.261,2457788.696622,-23.80,1.045007,0.1812,49221.0,
,67584,3651,j,rj258.242,2457925.125725,8.28,0.980868,0.1763,48751.0,
,67585,3651,j,rj279.73,2458124.70336,4.56,1.026566,0.1848,49669.0,
,67586,3651,j,rj299.266,2458345.944486,-18.21,1.181845,0.1879,52815.0,
,67587,3651,j,rj305.1491,2458392.989242,-8.37,1.008842,0.1789,51134.0,
,67588,3651,j,rj317.367,2458509.699246,-0.80,0.939136,0.1776,51694.0,
,67589,3651,j,rj334.311,2458652.128135,-8.69,1.093609,0.1742,52017.0,
,67590,3651,j,rj343.295,2458739.104445,1.05,0.99132,0.1745,49217.0,
,67591,3651,j,rj344.185,2458743.934315,4.64,1.225469,0.1782,50493.0,
,67592,3651,j,rj363.461,2458880.700483,-3.63,1.045972,0.1728,52486.0,
,67593,3651,apf,rabc.204,2456581.842557,1.59,2.5487,10916.0,
,67594,3651,apf,rabd.221,2456582.847708,9.14,2.584439,9825.0,
,67595,3651,apf,rabg.197,2456589.799863,3.27,2.595853,9673.0,
,67596,3651,apf,rabk.153,2456597.77371,-4.35,2.382456,10026.0,
,67597,3651,apf,rabl.144,2456606.733346,-17.52,2.715923,10065.0,
,67598,3651,apf,rabl.201,2456606.941195,-24.63,2.733374,10035.0,
,67599,3651,apf,racf.177,2456662.7121,-7.69,1.94765,22292.0,
,67600,3651,apf,raex.224,2456839.971452,-2.54,1.948364,28883.0,
,67601,3651,apf,raez.218,2456843.965101,-8.33,1.815093,29236.0,
,67602,3651,apf,rafb.223,2456847.950198,-12.78,1.722148,31414.0,
,67603,3651,apf,rafd.228,2456852.980428,-18.11,2.006244,29535.0,
,67604,3651,apf,rafl.213,2456870.988323,3.66,2.304523,16170.0,
,67605,3651,apf,rafp.218,2456879.010833,8.59,1.85843,29747.0,
,67606,3651,apf,rafw.220,2456891.891562,3.45,2.125817,19516.0,
,67607,3651,apf,rafy.254,2456895.004819,0.86,1.947389,29731.0,
,67608,3651,apf,ragb.207,2456898.930303,-4.62,1.964472,16889.0,
,67609,3651,apf,ragl.222,2456917.872031,-17.08,2.277213,18349.0,
,67610,3651,apf,rago.200,2456924.852572,10.37,2.209375,16773.0,
,67611,3651,apf,ragr.173,2456933.852333,13.61,2.059658,18311.0,
,67612,3651,apf,ragt.181,2456937.809784,10.94,2.053981,17681.0,
,67613,3651,apf,ragv.129,2456941.828296,6.97,2.238586,17157.0,
,67614,3651,apf,ragz.196,2456967.715652,-9.13,1.990825,15495.0,
,67615,3651,apf,rahp.191,2457028.700165,-5.66,2.14779,19166.0,
,67616,3651,apf,rajp.289,2457181.967271,12.13,2.698801,10249.0,
,67617,3651,apf,rajp.290,2457181.969286,17.43,2.486728,10405.0,
,67618,3651,apf,rajp.291,2457181.971242,11.87,2.621892,10427.0,
,67619,3651,apf,rajs.262,2457187.940477,8.53,2.280763,10242.0,
,67620,3651,apf,rajs.263,2457187.942387,9.74,2.321885,10096.0,
,67621,3651,apf,rajs.264,2457187.944239,9.08,2.341928,10444.0,
,67622,3651,apf,raju.297,2457189.965605,7.86,2.532199,8944.0,
,67623,3651,apf,raju.298,2457189.9677,10.26,2.202485,10133.0,
,67624,3651,apf,raju.299,2457189.969749,7.57,2.317032,9396.0,
,67625,3651,apf,rajv.294,2457191.991604,7.56,1.884904,17171.0,
,67626,3651,apf,rajv.295,2457191.993444,3.17,1.983318,16849.0,
,67627,3651,apf,rajv.296,2457191.995203,3.86,1.926567,16905.0,
,67628,3651,apf,rajw.278,2457193.995334,6.53,2.217509,12594.0,
,67629,3651,apf,rajy.285,2457196.992246,5.57,1.931383,17524.0,
,67630,3651,apf,rajy.286,2457196.994284,3.95,1.740899,17615.0,
,67631,3651,apf,rajy.287,2457196.996228,6.69,1.958876,16978.0,
,67632,3651,apf,raka.232,2457202.933392,2.27,1.809529,16877.0,
,67633,3651,apf,rakb.268,2457204.92698,1.23,2.148478,17845.0,
,67634,3651,apf,rakb.269,2457204.92963,2.06,2.172604,17627.0,
,67635,3651,apf,rakb.270,2457204.932084,-0.42,2.259287,16038.0,
,67636,3651,apf,rakc.189,2457206.926553,-1.22,2.151655,17561.0,
,67637,3651,apf,rakc.190,2457206.928868,-2.78,2.209378,17020.0,
,67638,3651,apf,rakc.191,2457206.931194,-0.46,2.314973,14311.0,
,67639,3651,apf,rakd.260,2457207.931728,0.63,2.163543,16208.0,
,67640,3651,apf,rakd.261,2457207.933556,-1.10,2.041549,17097.0,
,67641,3651,apf,rakd.262,2457207.935478,0.39,1.976667,16506.0,
,67642,3651,apf,rake.275,2457208.88691,-3.69,2.501162,8910.0,
,67643,3651,apf,rake.276,2457208.88919,-4.82,2.605835,9041.0,
,67644,3651,apf,rake.277,2457208.891447,-0.38,2.535956,8708.0,
,67645,3651,apf,rakf.245,2457211.893975,-0.51,2.385362,10382.0,
,67646,3651,apf,rakf.246,2457211.895989,-2.52,2.46286,9707.0,
,67647,3651,apf,rakf.247,2457211.897922,-3.04,2.240876,10991.0,
,67648,3651,apf,raki.175,2457217.854651,-7.99,2.269593,12724.0,
,67649,3651,apf,rakj.265,2457218.878833,-4.61,2.236624,10988.0,
,67650,3651,apf,rakj.266,2457218.880569,-7.81,2.193011,11012.0,
,67651,3651,apf,rakj.267,2457218.882328,-3.43,2.400583,11017.0,
,67652,3651,apf,rakl.286,2457221.924314,-8.85,1.931458,17375.0,
,67653,3651,apf,rakl.287,2457221.926363,-6.84,1.790294,17115.0,
,67654,3651,apf,rakl.288,2457221.928412,-9.31,1.859417,18608.0,
,67655,3651,apf,rakn.264,2457224.87328,-13.58,2.237648,10835.0,
,67656,3651,apf,rakn.265,2457224.875051,-11.65,2.512996,10948.0,
,67657,3651,apf,rakn.266,2457224.876799,-10.70,2.292534,10849.0,
,67658,3651,apf,rako.179,2457226.831898,-14.33,2.461284,10903.0,
,67659,3651,apf,rako.180,2457226.833704,-13.12,2.177674,10682.0,
,67660,3651,apf,rako.181,2457226.835498,-14.38,2.388143,11058.0,
,67661,3651,apf,rakp.252,2457227.854064,-14.95,2.45921,10940.0,
,67662,3651,apf,rakp.253,2457227.855777,-16.05,2.167622,11018.0,
,67663,3651,apf,rakp.254,2457227.857513,-16.18,2.212493,11016.0,
,67664,3651,apf,rakq.264,2457229.849095,-19.07,2.287938,10550.0,
,67665,3651,apf,rakq.265,2457229.850959,-20.22,2.217955,9878.0,
,67666,3651,apf,rakq.266,2457229.8531,-19.16,2.308134,9709.0,
,67667,3651,apf,rakx.257,2457245.863173,12.54,2.088352,14748.0,
,67668,3651,apf,ralc.271,2457257.031067,3.39,2.156214,16451.0,
,67669,3651,apf,ralc.272,2457257.03278,6.77,2.144736,16345.0,
,67670,3651,apf,ralc.273,2457257.034493,3.29,2.120254,16427.0,
,67671,3651,apf,rale.314,2457260.971532,0.46,2.255688,16889.0,
,67672,3651,apf,rale.315,2457260.973176,9.77,1.932244,17734.0,
,67673,3651,apf,rale.316,2457260.974808,4.88,2.230974,17260.0,
,67674,3651,apf,ralk.267,2457274.904599,-5.96,2.847152,7168.0,
,67675,3651,apf,ralk.268,2457274.905618,3.33,3.473877,3539.0,
,67676,3651,apf,ralk.269,2457274.906799,-2.34,2.42029,9430.0,
,67677,3651,apf,ralm.198,2457277.92115,-2.47,2.811261,8397.0,
,67678,3651,apf,ralm.199,2457277.924044,-5.69,2.835061,7868.0,
,67679,3651,apf,ralo.213,2457281.840432,-9.69,2.271851,15097.0,
,67680,3651,apf,ralp.252,2457283.906063,-9.32,2.51202,9914.0,
,67681,3651,apf,ralp.253,2457283.908182,-7.50,2.623766,9261.0,
,67682,3651,apf,ralp.254,2457283.910288,-6.85,2.58547,10056.0,
,67683,3651,apf,ralq.262,2457286.893071,-12.59,2.265605,11497.0,
,67684,3651,apf,ralq.263,2457286.894669,-12.49,2.617884,11449.0,
,67685,3651,apf,ralq.264,2457286.896231,-17.01,2.585161,11537.0,
,67686,3651,apf,ralr.209,2457290.872348,-16.75,2.091585,14883.0,
,67687,3651,apf,ralr.210,2457290.874107,-15.31,2.232025,14285.0,
,67688,3651,apf,ralr.211,2457290.875716,-18.72,2.89976,7471.0,
,67689,3651,apf,rals.252,2457292.906595,-20.66,2.293817,16689.0,
,67690,3651,apf,rals.253,2457292.909964,-20.62,2.21779,16235.0,
,67691,3651,apf,rals.254,2457292.91229,-16.44,3.530129,3747.0,
,67692,3651,apf,ralx.229,2457305.804836,14.54,3.061936,5771.0,
,67693,3651,apf,ralx.230,2457305.805982,11.58,2.385362,9047.0,
,67694,3651,apf,ralx.231,2457305.80714,14.16,2.35577,9140.0,
,67695,3651,apf,raly.235,2457308.810362,7.09,2.542905,10749.0,
,67696,3651,apf,raly.236,2457308.811716,14.08,2.541833,11195.0,
,67697,3651,apf,raly.237,2457308.813093,11.55,2.417316,11978.0,
,67698,3651,apf,rama.209,2457312.783999,10.76,2.50686,11974.0,
,67699,3651,apf,rama.210,2457312.785619,9.52,2.545624,11578.0,
,67700,3651,apf,rama.211,2457312.787147,7.48,2.547171,11187.0,
,67701,3651,apf,ramc.207,2457318.730824,0.46,2.580471,7244.0,
,67702,3651,apf,ramc.208,2457318.732132,10.66,2.906819,6980.0,
,67703,3651,apf,ramc.209,2457318.733475,10.84,2.603034,7158.0,
,67704,3651,apf,ramd.216,2457321.740198,6.55,2.197,11115.0,
,67705,3651,apf,ramd.217,2457321.74176,-1.22,2.288581,12712.0,
,67706,3651,apf,ramd.218,2457321.743496,3.24,2.291704,12767.0,
,67707,3651,apf,ramf.223,2457325.74838,11.13,2.634793,6846.0,
,67708,3651,apf,ramf.224,2457325.749711,1.56,2.989893,6783.0,
,67709,3651,apf,ramf.225,2457325.751053,4.78,2.643231,7012.0,
,67710,3651,apf,rami.239,2457332.760592,4.20,2.6464,8478.0,
,67711,3651,apf,ramj.228,2457334.717715,-1.62,2.317904,10605.0,
,67712,3651,apf,ramj.229,2457334.718953,0.96,2.345347,11011.0,
,67713,3651,apf,ramj.230,2457334.720192,1.11,2.306876,10839.0,
,67714,3651,apf,ramp.206,2457347.681246,-19.52,3.429022,4408.0,
,67715,3651,apf,ramp.207,2457347.682704,-12.45,3.340512,4167.0,
,67716,3651,apf,ramp.208,2457347.684162,-12.19,3.272878,5375.0,
,67717,3651,apf,ramx.166,2457361.676518,7.65,2.282643,14089.0,
,67718,3651,apf,ramz.197,2457364.665303,12.03,2.462316,8831.0,
,67719,3651,apf,ramz.198,2457364.666969,8.96,2.444286,10868.0,
,67720,3651,apf,ramz.199,2457364.668612,12.24,2.577412,10013.0,
,67721,3651,apf,ranu.224,2457424.663797,13.57,2.87074,6000.0,
,67722,3651,apf,ranu.225,2457424.665337,7.36,2.863027,5769.0,
,67723,3651,apf,ranu.226,2457424.667073,12.20,3.072173,5526.0,
,67724,3651,apf,rapr.245,2457520.994762,-5.17,3.236371,5857.0,
,67725,3651,apf,rapr.246,2457520.996336,-1.66,3.229505,5923.0,
,67726,3651,apf,rapr.247,2457520.997795,-1.83,3.249237,5930.0,
,67727,3651,apf,raqa.259,2457539.989023,-17.48,2.792643,6130.0,
,67728,3651,apf,raqa.260,2457539.990447,-24.67,2.781408,6373.0,
,67729,3651,apf,raqa.261,2457539.991824,-20.57,2.837647,6267.0,
,67730,3651,apf,raqf.238,2457549.952114,7.31,3.421102,4409.0,
,67731,3651,apf,raqf.239,2457549.953861,6.34,3.111483,5723.0,
,67732,3651,apf,raqf.240,2457549.955528,5.50,3.062974,5224.0,
,67733,3651,apf,raqi.217,2457556.98261,10.22,1.932664,18769.0,
,67734,3651,apf,raqk.227,2457558.939681,6.44,1.991042,18302.0,
,67735,3651,apf,raql.231,2457560.953287,6.41,1.930662,18854.0,
,67736,3651,apf,raqm.247,2457563.929262,5.97,1.945676,16014.0,
,67737,3651,apf,raqn.225,2457564.958974,8.94,1.918976,16015.0,
,67738,3651,apf,raqo.228,2457566.916862,6.27,1.989977,13254.0,
,67739,3651,apf,raqp.228,2457567.921226,3.12,2.139533,15574.0,
,67740,3651,apf,raqq.245,2457569.980467,3.14,1.88211,17894.0,
,67741,3651,apf,raqv.252,2457576.903442,-1.01,2.126514,16068.0,
,67742,3651,apf,raqw.266,2457578.982237,-3.23,2.021077,17522.0,
,67743,3651,apf,raqy.278,2457581.999003,-0.38,1.714278,28921.0,
,67744,3651,apf,raqz.135,2457582.888971,-2.27,1.851274,16689.0,
,67745,3651,apf,rara.244,2457584.869735,-4.41,1.941632,15988.0,
,67746,3651,apf,rarb.256,2457586.88909,-3.85,1.906553,17219.0,
,67747,3651,apf,rarc.247,2457587.859331,-4.98,1.956428,15640.0,
,67748,3651,apf,rard.248,2457588.872689,-4.06,2.07603,17880.0,
,67749,3651,apf,rare.247,2457591.858578,-7.02,1.975489,17481.0,
,67750,3651,apf,rarf.216,2457593.870024,-9.28,1.85126,17723.0,
,67751,3651,apf,rarm.267,2457605.995608,-14.16,1.843096,27056.0,
,67752,3651,apf,rarn.261,2457607.992118,0.83,1.666073,28186.0,
,67753,3651,apf,raro.274,2457609.023349,5.09,1.827463,26968.0,
,67754,3651,apf,rarp.266,2457610.986056,7.40,1.908538,29475.0,
,67755,3651,apf,rarr.211,2457613.934022,11.70,2.160386,16944.0,
,67756,3651,apf,rart.256,2457614.959785,6.59,2.097144,16937.0,
,67757,3651,apf,raru.355,2457617.005173,8.07,2.005689,18225.0,
,67758,3651,apf,rarw.247,2457618.972345,12.19,2.074911,18000.0,
,67759,3651,apf,rary.182,2457621.93485,10.10,2.0112,27474.0,
,67760,3651,apf,rarz.345,2457625.957486,0.46,1.900745,28653.0,
,67761,3651,apf,rasd.215,2457631.92359,6.74,2.391254,12335.0,
,67762,3651,apf,rase.255,2457632.951659,2.27,1.838481,29476.0,
,67763,3651,apf,rasg.224,2457635.917878,4.26,2.009906,13514.0,
,67764,3651,apf,rask.241,2457641.879298,7.67,2.500636,17673.0,
,67765,3651,apf,rasl.229,2457643.913821,-3.71,2.05158,27958.0,
,67766,3651,apf,raso.212,2457648.850138,-3.47,2.164524,16063.0,
,67767,3651,apf,rasq.218,2457668.819693,-2.64,1.886533,28924.0,
,67768,3651,apf,rasr.225,2457669.807705,-0.83,2.403521,8445.0,
,67769,3651,apf,rass.263,2457670.787776,12.23,2.343234,11593.0,
,67770,3651,apf,rast.218,2457674.786863,11.18,2.144665,18740.0,
,67771,3651,apf,rata.211,2457684.799869,8.08,1.98173,28815.0,
,67772,3651,apf,ratb.191,2457685.758203,7.31,2.967403,5208.0,
,67773,3651,apf,ratc.207,2457687.747412,10.25,2.096231,24139.0,
,67774,3651,apf,ratg.111,2457694.675797,5.82,2.012552,18332.0,
,67775,3651,apf,rati.223,2457698.770292,4.41,2.150019,19496.0,
,67776,3651,apf,ratk.193,2457700.740434,3.03,2.134742,20813.0,
,67777,3651,apf,ratn.206,2457703.72818,-1.58,2.001802,25786.0,
,67778,3651,apf,ratx.232,2457722.734946,-11.14,2.066482,19951.0,
,67779,3651,apf,raua.201,2457727.67243,-21.14,2.211975,19220.0,
,67780,3651,apf,raum.197,2457753.576915,1.10,2.126949,19868.0,
,67781,3651,apf,razp.261,2457990.963489,2.65,2.141957,16727.0,
,67782,3651,apf,razq.254,2457991.809748,6.33,1.965155,17313.0,
,67783,3651,apf,razr.263,2457992.858624,5.41,2.127912,20208.0,
,67784,3651,apf,razs.252,2457995.947509,9.37,2.237269,14293.0,
,67785,3651,apf,razx.202,2458004.883104,6.28,1.994769,30214.0,
,67786,3651,apf,razz.209,2458007.8705,-0.08,2.301967,16891.0,
,67787,3651,apf,rbac.240,2458011.807969,-0.26,2.28993,18503.0,
,67788,3651,apf,rbag.217,2458021.856676,-3.70,2.138396,18688.0,
,67789,3651,apf,rbah.225,2458022.874084,-1.99,2.215174,19108.0,
,67790,3651,apf,rbaj.224,2458025.858784,-7.77,1.888585,24901.0,
,67791,3651,apf,rbak.229,2458027.756013,-9.92,2.129578,19229.0,
,67792,3651,apf,rbal.229,2458031.821416,-9.77,2.143683,14862.0,
,67793,3651,apf,rbam.231,2458032.829652,-16.17,2.45474,9342.0,
,67794,3651,apf,rban.179,2458037.764303,-19.02,2.042002,20251.0,
,67795,3651,apf,rbao.205,2458039.717536,-25.64,1.988231,18153.0,
,67796,3651,apf,rbar.232,2458042.805012,-2.98,2.194291,15120.0,
,67797,3651,apf,rbas.180,2458045.770679,5.34,2.099615,15313.0,
,67798,3651,apf,rbav.211,2458051.685606,5.58,2.529995,8040.0,
,67799,3651,apf,rbaw.226,2458052.761168,11.16,2.165538,19115.0,
,67800,3651,apf,rbax.230,2458053.731026,7.68,2.545523,7892.0,
,67801,3651,apf,rbbc.172,2458063.689798,6.31,2.303948,15452.0,
,67802,3651,apf,rbbo.225,2458088.647165,-3.09,2.076317,19060.0,
,67803,3651,apf,rbbr.191,2458093.57386,-16.82,2.110195,19298.0,
,67804,3651,apf,rbcc.271,2458115.668167,7.62,2.099181,16184.0,
,67805,3651,apf,rbfr.242,2458318.831076,2.25,2.172394,16389.0,
,67806,3651,apf,rbft.190,2458320.869147,5.72,2.334175,18453.0,
,67807,3651,apf,rbga.248,2458333.013445,-9.27,2.12623,14704.0,
,67808,3651,apf,rbgn.253,2458357.914595,3.85,2.074099,19300.0,
,67809,3651,apf,rbgp.259,2458359.893737,7.13,2.407558,11185.0,
,67810,3651,apf,rbgr.248,2458368.881861,5.32,1.992197,26316.0,
,67811,3651,apf,rbgs.252,2458369.827093,0.19,2.77965,8393.0,
,67812,3651,apf,rbgt.255,2458372.84771,9.03,2.163903,16821.0,
,67813,3651,apf,rbha.232,2458385.806343,1.45,1.992585,23380.0,
,67814,3651,apf,rbhb.228,2458387.818683,-0.56,2.154119,13932.0,
,67815,3651,apf,rbhc.238,2458389.853448,4.17,2.199675,24882.0,
,67816,3651,apf,rbhh.215,2458390.85202,-0.70,2.40547,9421.0,
,67817,3651,apf,rbhj.218,2458398.746114,-5.50,2.141112,15971.0,
,67818,3651,apf,rbhl.232,2458400.807475,-4.59,1.969773,27246.0,
,67819,3651,apf,rbhm.219,2458405.805436,-13.93,2.289751,11955.0,
,67820,3651,apf,rbhn.226,2458410.777871,-19.57,2.03215,27576.0,
,67821,3651,apf,rbhp.214,2458414.775437,-16.60,1.985656,25417.0,
,67822,3651,apf,rbhr.220,2458418.773486,9.35,2.027847,23832.0,
,67823,3651,apf,rbhs.213,2458419.745379,9.20,2.297595,14540.0,
,67824,3651,apf,rbhs.218,2458419.764962,10.29,1.855937,25370.0,
,67825,3651,apf,rbhv.211,2458427.715523,13.20,2.278001,15469.0,
,67826,3651,apf,rbmo.271,2458676.971486,2.48,1.838638,26284.0,
,67827,3651,apf,rbmo.272,2458676.974542,6.73,1.8831,27016.0,
,67828,3651,apf,rbmo.273,2458676.977621,5.66,1.801365,27107.0,
,67829,3651,lick,rh23.2,2447047.8543,3.52,7.880654,42201.0,
,67830,3651,lick,rh53.4,2447374.9402,-13.59,7.145235,134486.0,
,67831,3651,lick,rh61.27,2447430.7578,-0.65,6.649195,57702.0,
,67832,3651,lick,rh79.33,2447846.8494,-18.32,8.945871,54368.0,
,67833,3651,lick,rh95.7,2448113.9589,-14.65,9.31164,94832.0,
,67834,3651,lick,rh99.18,2448199.7172,-23.02,8.408136,55491.0,
,67835,3651,lick,ra18.15,2448645.6797,-13.58,10.522259,55249.0,
,67836,3651,lick,ra39.36,2448845.9393,4.83,7.163923,129801.0,
,67837,3651,lick,ra41.35,2448846.9828,17.27,6.163383,117912.0,
,67838,3651,lick,ra49.38,2448905.8609,7.81,6.96635,53389.0,
,67839,3651,lick,ra55.28,2448991.7372,-21.56,6.997496,98300.0,
,67840,3651,lick,ra80.17,2449306.6574,-25.55,10.112959,20638.0,
,67841,3651,lick,ra80.18,2449306.6789,-29.87,9.994871,20609.0,
,67842,3651,lick,ra80.19,2449306.7005,-46.05,11.061156,20570.0,
,67843,3651,lick,ra82.19,2449349.6461,-9.87,9.170475,66426.0,
,67844,3651,lick,ra93.27,2449588.9037,9.15,8.702297,22693.0,
,67845,3651,lick,ra93.28,2449588.9255,9.21,8.987699,27281.0,
,67846,3651,lick,ra97.28,2449603.8731,0.44,9.337315,30118.0,
,67847,3651,lick,ra97.29,2449603.8991,-13.82,8.101851,29575.0,
,67848,3651,lick,ra99.29,2449622.8352,-25.82,8.618981,60389.0,
,67849,3651,lick,rb04.97,2449680.6812,6.09,4.811842,10834.0,
,67850,3651,lick,rb26.130,2450004.928711,-5.81,3.344852,20298.0,
,67851,3651,lick,rb35.53,2450072.696289,-21.37,3.010012,25614.0,
,67852,3651,lick,rb37.51,2450087.678711,10.71,3.220671,27503.0,
,67853,3651,lick,rb38.31,2450121.62207,-1.21,4.916829,6494.0,
,67854,3651,lick,rb38.71,2450124.619141,-13.81,6.296948,3691.0,
,67855,3651,lick,rb38.72,2450124.639648,-6.11,5.234849,5224.0,
,67856,3651,lick,rb38.110,2450125.612305,3.02,5.668256,5855.0,
,67857,3651,lick,rb38.111,2450125.634766,-7.17,5.32894,5340.0,
,67858,3651,lick,rb38.140,2450126.620117,-7.30,5.662489,5767.0,
,67859,3651,lick,rb38.141,2450126.642578,1.98,6.290098,5599.0,
,67860,3651,lick,rb38.180,2450127.640625,1.67,6.02171,5464.0,
,67861,3651,lick,rb38.181,2450127.665039,-9.31,6.133355,5114.0,
,67862,3651,lick,rb38.218,2450128.623047,-4.01,4.954422,5826.0,
,67863,3651,lick,rb38.219,2450128.645508,-18.60,5.137108,5539.0,
,67864,3651,lick,rb48.31,2450298.980469,4.32,2.949797,25173.0,
,67865,3651,lick,rb48.32,2450298.99707,3.06,3.081233,27920.0,
,67866,3651,lick,rb48.72,2450300.005859,-0.58,2.823316,50867.0,
,67867,3651,lick,rb48.105,2450300.880859,2.75,2.708186,73654.0,
,67868,3651,lick,rb49.28,2450304.919922,-4.35,2.690681,49884.0,
,67869,3651,lick,rb50.73,2450326.907227,10.32,2.9852,41493.0,
,67870,3651,lick,rb51.15,2450421.671875,-2.62,3.487229,23719.0,
,67871,3651,lick,rb51.16,2450421.682617,-10.99,3.329271,25609.0,
,67872,3651,lick,rb52.20,2450437.722656,-11.66,3.197187,34478.0,
,67873,3651,lick,rb53.18,2450441.691406,-8.90,4.025732,13050.0,
,67874,3651,lick,rb53.19,2450441.707031,-15.73,3.84208,13263.0,
,67875,3651,lick,rb60.41,2450640.976562,15.46,3.156593,24518.0,
,67876,3651,lick,rb62.41,2450655.973633,10.72,2.942645,31680.0,
,67877,3651,lick,rb62.97,2450656.929688,6.12,2.849004,38266.0,
,67878,3651,lick,rb63.36,2450681.973633,-1.65,3.19135,30554.0,
,67879,3651,lick,rb64.21,2450767.719727,7.69,3.632588,19601.0,
,67880,3651,lick,rb65.24,2450793.708008,0.80,3.034433,32125.0,
,67881,3651,lick,rb73.111,2451046.933594,2.16,4.604429,18397.0,
,67882,3651,lick,rb78.17,2451130.692383,-28.82,5.375372,14704.0,
,67883,3651,lick,rb81.92,2451175.62793,-11.41,5.96243,12155.0,
,67884,3651,lick,rd18.140,2451825.74707,11.35,5.512577,17375.0,
,67885,3651,lick,rd29.113,2451880.654297,-2.72,5.510977,16505.0,
,67886,3651,lick,rd29.114,2451880.685547,-18.51,6.323169,16330.0,
,67887,3651,lick,rd54.42,2452120.894531,-17.41,5.571799,21646.0,
,67888,3651,lick,rd55.127,2452128.903796,-6.86,10.434667,13982.0,
,67889,3651,lick,rd59.33,2452157.847656,6.34,4.078702,52910.0,
,67890,3651,lick,rd59.93,2452158.87793,8.47,4.134918,44185.0,
,67891,3651,lick,rd59.157,2452159.844727,5.93,3.614035,54251.0,
,67892,3651,lick,rd59.231,2452160.875,-0.53,4.770347,18614.0,
,67893,3651,lick,rd59.297,2452161.856111,11.95,3.403989,49438.0,
,67894,3651,lick,rd61.94,2452182.797852,-7.79,6.280893,10043.0,
,67895,3651,lick,rd61.95,2452182.813477,5.98,6.224864,9692.0,
,67896,3651,lick,rd61.136,2452183.786133,-17.32,6.336416,10178.0,
,67897,3651,lick,rd61.137,2452183.801758,-14.62,6.552104,10461.0,
,67898,3651,lick,rd62.56,2452185.773438,-14.79,4.814416,19107.0,
,67899,3651,lick,rd62.57,2452185.802734,-12.67,4.807806,19543.0,
,67900,3651,lick,rd62.58,2452185.832031,-12.13,4.757704,18843.0,
,67901,3651,lick,rd62.75,2452186.770508,-13.85,5.325217,18124.0,
,67902,3651,lick,rd62.76,2452186.799805,-19.20,4.889276,19259.0,
,67903,3651,lick,rd62.77,2452186.829102,-14.73,5.17951,18822.0,
,67904,3651,lick,rd63.15,2452188.775391,-5.56,7.627364,7848.0,
,67905,3651,lick,rd63.58,2452189.797852,-12.50,5.339478,17247.0,
,67906,3651,lick,rd63.59,2452189.827148,-12.38,4.688698,16815.0,
,67907,3651,lick,rd63.60,2452189.857422,-9.81,5.355272,16847.0,
,67908,3651,lick,rd64.16,2452195.762695,9.96,6.592355,9253.0,
,67909,3651,lick,rd64.17,2452195.78418,15.29,5.656875,17018.0,
,67910,3651,lick,rd64.18,2452195.810547,15.60,4.897777,17491.0,
,67911,3651,lick,rd65.16,2452200.791992,17.95,4.892617,22395.0,
,67912,3651,lick,rd65.17,2452200.822266,11.10,4.834543,20263.0,
,67913,3651,lick,rd65.18,2452200.852539,4.63,5.149105,17471.0,
,67914,3651,lick,rd65.89,2452201.798828,15.58,5.216393,19316.0,
,67915,3651,lick,rd65.90,2452201.828125,13.25,5.037976,19398.0,
,67916,3651,lick,rd65.91,2452201.857422,11.55,4.836228,18922.0,
,67917,3651,lick,rd66.14,2452202.725586,4.73,5.216518,17109.0,
,67918,3651,lick,rd66.15,2452202.757188,10.48,5.414815,19356.0,
,67919,3651,lick,rd66.16,2452202.797852,17.53,5.132733,19129.0,
,67920,3651,lick,rd66.55,2452203.736328,6.05,5.685067,17222.0,
,67921,3651,lick,rd66.56,2452203.759766,17.04,5.133474,17036.0,
,67922,3651,lick,rd66.57,2452203.783203,15.34,5.322436,16847.0,
,67923,3651,lick,rd66.99,2452204.737305,10.20,4.828924,20943.0,
,67924,3651,lick,rd66.100,2452204.766602,17.20,4.533577,20039.0,
,67925,3651,lick,rd66.101,2452204.795898,11.51,5.089878,19907.0,
,67926,3651,lick,rd67.16,2452208.762695,-4.28,3.508652,18176.0,
,67927,3651,lick,rd67.17,2452208.792969,-5.95,3.470274,16879.0,
,67928,3651,lick,rd67.18,2452208.822266,-0.83,3.299287,20870.0,
,67929,3651,lick,rd69.6,2452214.74707,17.94,5.129739,18045.0,
,67930,3651,lick,rd69.7,2452214.776367,10.48,5.196464,16490.0,
,67931,3651,lick,rd69.8,2452214.806641,13.24,5.661584,16370.0,
,67932,3651,lick,rd69.77,2452216.704102,11.86,5.045001,17965.0,
,67933,3651,lick,rd69.78,2452216.733398,2.14,4.66217,17439.0,
,67934,3651,lick,rd69.79,2452216.762695,6.03,6.357297,11098.0,
,67935,3651,lick,rd70.13,2452217.722656,1.48,3.715178,19901.0,
,67936,3651,lick,rd70.14,2452217.75293,4.58,3.509956,18902.0,
,67937,3651,lick,rd70.15,2452217.782227,3.31,3.641186,18849.0,
,67938,3651,lick,rd71.16,2452218.719727,6.82,4.83692,19003.0,
,67939,3651,lick,rd71.17,2452218.75,4.36,5.098712,18370.0,
,67940,3651,lick,rd71.18,2452218.779297,1.44,4.851294,18723.0,
,67941,3651,lick,rd71.79,2452220.705078,5.20,6.214269,13958.0,
,67942,3651,lick,rd71.80,2452220.734375,-7.49,5.533509,16477.0,
,67943,3651,lick,rd71.81,2452220.763672,-7.07,5.541043,15361.0,
,67944,3651,lick,rd71.126,2452221.77832,12.62,6.032541,16410.0,
,67945,3651,lick,rd71.127,2452221.805664,8.31,5.245114,16887.0,
,67946,3651,lick,rd74.13,2452241.634766,1.78,2.860736,51150.0,
,67947,3651,lick,rd74.14,2452241.641602,0.76,2.91876,54252.0,
,67948,3651,lick,rf06.21,2452474.902344,3.52,4.263516,15332.0,
,67949,3651,lick,rf06.22,2452474.924805,4.97,3.851527,17302.0,
,67950,3651,lick,rf06.23,2452474.944336,-5.26,4.555493,9113.0,
,67951,3651,lick,rf06.59,2452475.904297,-5.05,4.314112,14199.0,
,67952,3651,lick,rf06.60,2452475.927734,-3.64,4.438431,15047.0,
,67953,3651,lick,rf06.61,2452475.946289,-5.92,5.023982,9024.0,
,67954,3651,lick,rf06.96,2452476.925781,1.59,3.752852,14004.0,
,67955,3651,lick,rf06.97,2452476.947266,-13.08,4.492852,10557.0,
,67956,3651,lick,rf06.131,2452477.924805,2.30,3.774384,19542.0,
,67957,3651,lick,rf06.132,2452477.945312,-8.11,3.846009,16830.0,
,67958,3651,lick,rf06.168,2452478.890625,-3.72,3.843075,16240.0,
,67959,3651,lick,rf06.169,2452478.913086,-4.01,3.683522,17866.0,
,67960,3651,lick,rf06.170,2452478.935547,7.19,3.802627,19208.0,
,67961,3651,lick,rf07.169,2452491.841797,-15.12,4.662399,13483.0,
,67962,3651,lick,rf07.170,2452491.864258,-6.25,4.126548,16263.0,
,67963,3651,lick,rf07.171,2452491.886719,-16.49,3.620347,16734.0,
,67964,3651,lick,rf08.88,2452493.914062,-19.68,2.97267,78861.0,
,67965,3651,lick,rf08.89,2452493.922852,-14.72,3.112157,74946.0,
,67966,3651,lick,rf09.36,2452508.904297,19.59,2.888307,71269.0,
,67967,3651,lick,rf09.37,2452508.913086,18.86,3.007889,69072.0,
,67968,3651,lick,rf09.93,2452509.839844,17.26,3.32153,67524.0,
,67969,3651,lick,rf09.94,2452509.847656,19.99,2.904765,70685.0,
,67970,3651,lick,rf10.24,2452510.932617,6.31,4.564282,15516.0,
,67971,3651,lick,rf10.25,2452510.956055,8.31,4.807134,14671.0,
,67972,3651,lick,rf11.29,2452511.958008,11.55,2.819624,67449.0,
,67973,3651,lick,rf11.30,2452511.96582,9.50,2.967598,69462.0,
,67974,3651,lick,rf11.104,2452512.922852,13.90,3.177148,33515.0,
,67975,3651,lick,rf11.105,2452512.930664,16.76,2.976051,81050.0,
,67976,3651,lick,rf11.106,2452512.94043,9.69,3.125328,75706.0,
,67977,3651,lick,rf11.162,2452513.930664,15.99,3.007337,44881.0,
,67978,3651,lick,rf11.163,2452513.936523,16.29,3.189212,42716.0,
,67979,3651,lick,rf12.23,2452514.904297,9.54,3.439582,16851.0,
,67980,3651,lick,rf12.24,2452514.926758,6.07,3.423604,16926.0,
,67981,3651,lick,rf12.61,2452515.858398,13.72,3.431586,16318.0,
,67982,3651,lick,rf12.62,2452515.880859,13.45,3.943221,16814.0,
,67983,3651,lick,rf13.23,2452516.904297,4.51,5.20021,17083.0,
,67984,3651,lick,rf13.24,2452516.928711,8.66,5.516146,17028.0,
,67985,3651,lick,rf14.12,2452520.873047,4.73,3.549793,20313.0,
,67986,3651,lick,rf14.13,2452520.895508,21.15,3.715409,20260.0,
,67987,3651,lick,rf14.85,2452522.831055,13.81,4.321993,8516.0,
,67988,3651,lick,rf14.86,2452522.854492,8.86,4.848648,9517.0,
,67989,3651,lick,rf14.127,2452523.848633,-2.45,4.553719,13367.0,
,67990,3651,lick,rf14.128,2452523.875977,2.21,3.78502,14845.0,
,67991,3651,lick,rf14.129,2452523.898438,5.23,3.874749,15455.0,
,67992,3651,lick,rf14.165,2452524.84375,5.00,3.928063,15387.0,
,67993,3651,lick,rf14.166,2452524.866211,8.27,3.886975,16700.0,
,67994,3651,lick,rf15.34,2452534.869141,-2.08,3.400432,54527.0,
,67995,3651,lick,rf15.92,2452535.892578,3.36,3.12637,49014.0,
,67996,3651,lick,rf15.93,2452535.901367,1.46,3.138728,53240.0,
,67997,3651,lick,rf16.19,2452540.848633,-7.45,4.248688,13111.0,
,67998,3651,lick,rf16.20,2452540.871094,-5.76,4.115641,14399.0,
,67999,3651,lick,rf16.21,2452540.894531,-6.10,3.819779,13552.0,
,68000,3651,lick,rf17.16,2452551.804688,-9.92,4.338317,17146.0,
,68001,3651,lick,rf17.17,2452551.827148,-11.84,4.25452,16350.0,
,68002,3651,lick,rf17.18,2452551.848633,-10.47,5.771101,9516.0,
,68003,3651,lick,rf17.35,2452552.790039,-6.82,3.536458,18740.0,
,68004,3651,lick,rf17.36,2452552.8125,-9.99,3.714996,17956.0,
,68005,3651,lick,rf17.37,2452552.835938,-11.68,3.964872,17332.0,
,68006,3651,lick,rf17.81,2452553.75,-0.09,3.862592,16138.0,
,68007,3651,lick,rf17.82,2452553.772461,-13.58,4.164263,15307.0,
,68008,3651,lick,rf17.83,2452553.794922,-12.98,3.711756,15778.0,
,68009,3651,lick,rf17.126,2452554.742188,-5.21,4.905475,11250.0,
,68010,3651,lick,rf17.127,2452554.764648,-12.08,3.815226,13031.0,
,68011,3651,lick,rf17.128,2452554.787109,-12.98,4.455851,12489.0,
,68012,3651,lick,rf21.119,2452576.738281,13.56,3.862398,15815.0,
,68013,3651,lick,rf21.120,2452576.760742,5.93,3.699694,15530.0,
,68014,3651,lick,rf21.121,2452576.78418,15.75,4.011239,15533.0,
,68015,3651,lick,rf22.28,2452582.764648,4.84,3.634267,17198.0,
,68016,3651,lick,rf22.29,2452582.787109,1.25,3.462528,17402.0,
,68017,3651,lick,rf22.30,2452582.80957,2.97,3.335248,18074.0,
,68018,3651,lick,rf22.49,2452583.723633,3.90,3.995777,14675.0,
,68019,3651,lick,rf22.50,2452583.74707,6.68,4.078102,13914.0,
,68020,3651,lick,rf22.51,2452583.769531,-2.45,3.821493,15511.0,
,68021,3651,lick,rf23.14,2452593.673828,5.17,3.45975,17978.0,
,68022,3651,lick,rf23.15,2452593.700195,1.53,3.226209,16860.0,
,68023,3651,lick,rf23.16,2452593.722656,3.77,3.928514,16077.0,
,68024,3651,lick,rf23.56,2452594.732422,1.49,3.41576,15377.0,
,68025,3651,lick,rf23.57,2452594.756836,-4.56,3.299811,18151.0,
,68026,3651,lick,rf24.14,2452597.661133,6.82,4.323174,16523.0,
,68027,3651,lick,rf24.15,2452597.683594,-7.10,3.891873,16522.0,
,68028,3651,lick,rf24.16,2452597.709961,6.91,3.453926,15813.0,
,68029,3651,lick,rf24.120,2452599.762695,-0.24,3.736195,10621.0,
,68030,3651,lick,rf24.121,2452599.779297,-0.56,4.488519,8716.0,
,68031,3651,lick,rf24.122,2452599.80957,4.34,4.241689,9126.0,
,68032,3651,lick,rf25.12,2452606.655273,-1.13,3.703528,15642.0,
,68033,3651,lick,rf25.13,2452606.677734,8.74,3.598669,15855.0,
,68034,3651,lick,rf25.107,2452608.72168,-5.51,3.600296,17069.0,
,68035,3651,lick,rf25.108,2452608.745117,-1.37,3.450108,16670.0,
,68036,3651,lick,rf26.40,2452612.636719,-18.59,3.50435,12143.0,
,68037,3651,lick,rf26.68,2452613.59668,-6.25,4.800396,8944.0,
,68038,3651,lick,rf26.69,2452613.618164,-14.20,3.470162,18839.0,
,68039,3651,lick,rf26.70,2452613.640625,-15.51,3.450361,17162.0,
,68040,3651,lick,rf26.71,2452613.664062,-10.08,3.418779,17635.0,
,68041,3651,lick,rs70.12,2452627.713867,-13.70,3.581843,6670.0,
,68042,3651,lick,rs70.13,2452627.736328,-0.93,3.671575,7036.0,
,68043,3651,lick,rs70.14,2452627.758789,-16.09,3.652278,7236.0,
,68044,3651,lick,rs70.15,2452627.78125,-2.19,3.811257,6349.0,
,68045,3651,lick,rf28.12,2452631.604492,10.05,4.595657,11663.0,
,68046,3651,lick,rf28.13,2452631.626953,7.08,4.433713,12311.0,
,68047,3651,lick,rf28.14,2452631.649414,14.43,4.490095,10167.0,
,68048,3651,lick,rf28.15,2452631.671875,6.37,3.679797,11683.0,
,68049,3651,lick,rf42.35,2452893.908203,3.20,3.16186,37064.0,
,68050,3651,lick,rf42.91,2452894.904297,7.69,3.340827,29613.0,
,68051,3651,lick,rf42.92,2452894.913086,5.60,3.374402,30266.0,
,68052,3651,lick,rf42.145,2452895.887695,-2.55,3.419532,30588.0,
,68053,3651,lick,rf42.146,2452895.897461,0.30,3.077246,37229.0,
,68054,3651,lick,rf42.201,2452896.819336,-4.39,3.373502,41344.0,
,68055,3651,lick,rf42.202,2452896.832031,5.03,3.274426,45770.0,
,68056,3651,lick,rf53.123,2453010.647461,5.81,3.071853,47201.0,
,68057,3651,lick,rf79.78,2453219.942383,-2.72,4.536947,10977.0,
,68058,3651,lick,rf79.79,2453219.964844,0.40,4.631814,10100.0,
,68059,3651,lick,rf79.170,2453221.914062,-5.52,4.446912,9984.0,
,68060,3651,lick,rf79.171,2453221.936523,-2.17,4.449112,9627.0,
,68061,3651,lick,rf79.172,2453221.958984,-6.56,4.569401,9611.0,
,68062,3651,lick,rf81.129,2453238.936523,-17.31,6.067319,5431.0,
,68063,3651,lick,rf81.130,2453238.958984,-26.06,7.547455,3271.0,
,68064,3651,lick,rf87.128,2453261.912109,0.91,4.786281,11214.0,
,68065,3651,lick,rf87.129,2453261.93457,5.40,5.28128,10799.0,
,68066,3651,lick,rf87.130,2453261.957031,15.04,4.97761,9921.0,
,68067,3651,lick,rf87.225,2453263.880859,9.21,4.946754,11542.0,
,68068,3651,lick,rf87.226,2453263.904297,13.88,4.955268,11200.0,
,68069,3651,lick,rf87.227,2453263.926758,21.45,5.239488,10773.0,
,68070,3651,lick,rf90.48,2453280.888672,0.25,3.197823,44347.0,
,68071,3651,lick,rg30.64,2453636.831343,0.45,3.337629,31790.0,
,68072,3651,lick,rg30.193,2453637.793044,1.32,5.028293,8418.0,
,68073,3651,lick,rg40.168,2453744.643391,-27.93,3.766165,20249.0,
,68074,3651,lick,rg41.216,2453755.602361,4.82,3.748571,20354.0,
,68075,3651,lick,rg53.365,2453925.968634,-16.64,4.951556,9084.0,
,68076,3651,lick,rg53.366,2453925.986562,-21.21,4.003792,9714.0,
,68077,3651,lick,rg55.94,2453953.920451,4.27,3.686074,20400.0,
,68078,3651,lick,rg55.261,2453954.883762,-3.27,3.071425,27760.0,
,68079,3651,lick,rg55.980,2453958.938681,5.65,3.182024,27360.0,
,68080,3651,lick,rg57.227,2453963.89316,-1.38,4.894607,7631.0,
,68081,3651,lick,rg57.228,2453963.907234,2.33,5.022658,6779.0,
,68082,3651,lick,rg60.68,2453987.862963,-14.60,3.526814,37748.0,
,68083,3651,lick,rg60.242,2453988.793449,-22.95,3.704799,21921.0,
,68084,3651,lick,rg60.400,2453989.830718,-20.65,3.823445,21876.0,
,68085,3651,lick,rg64.55,2454046.757685,-12.45,3.681948,26516.0,
,68086,3651,lick,rg65.22,2454047.697477,-12.02,3.708006,17661.0,
,68087,3651,lick,rg68.12,2454071.671285,3.41,3.130737,24194.0,
,68088,3651,lick,rg68.105,2454072.67066,2.10,2.985966,30387.0,
,68089,3651,lick,rg88.63,2454310.928182,5.47,3.23231,20736.0,
,68090,3651,lick,rg89.890,2454337.832882,4.77,3.333118,22017.0,
,68091,3651,lick,rg89.892,2454337.839907,-2.64,3.871009,15756.0,
,68092,3651,lick,rg90.63,2454339.932072,11.59,3.372837,50793.0,
,68093,3651,lick,rg92.81,2454373.808588,15.53,3.164403,50188.0,
,68094,3651,lick,ri02.167,2454425.697558,-15.27,3.378158,28023.0,
,68095,3651,lick,ri02.297,2454426.677674,-17.20,3.336209,24929.0,
,68096,3651,lick,ri02.459,2454427.674329,-18.48,3.255076,26342.0,
,68097,3651,lick,ri02.624,2454428.728565,-10.23,3.012218,26945.0,
,68098,3651,lick,ri34.422,2454724.911574,-7.43,3.25169,30992.0,
,68099,3651,lick,ri34.423,2454724.915822,-6.77,3.475601,29082.0,
,68100,3651,lick,ri36.29,2454783.692188,-4.68,3.316275,27922.0,
,68101,3651,lick,ri36.146,2454784.650475,-9.80,3.243529,26433.0,
,68102,3651,lick,ri37.143,2454845.645104,-4.68,3.583895,34615.0,
,68103,3651,lick,ri37.144,2454845.651458,-1.54,3.475439,29582.0,
,68104,3651,lick,ri37.145,2454845.657616,0.17,3.551367,27203.0,
,68105,3651,lick,ri37.288,2454846.635475,-2.32,3.396202,30486.0,
,68106,3651,lick,ri37.289,2454846.642049,3.41,3.261848,38717.0,
,68107,3651,lick,ri37.290,2454846.647963,6.38,3.450664,32714.0,
,68108,3651,lick,rw05.328,2455114.845035,26.56,6.205564,23482.0,
,68109,3651,lick,rw05.539,2455115.860035,-16.38,6.550889,21493.0,