5171.293230,115.4,14.6,
7528.017873,119.0,9.4,
8291.035273,16.9,12.3
5225.249646,153.3,16.4,
7820.041391,-100.5,10.8,
8369.980304,-98.4,13.8
5277.154579,73.6,14.3,
7896.074337,-82.8,9.9,
8423.327329,-93.2,12.0
6426.057858,98.5,8.9,
8052.317284,-23.2,10.7,
8451.326479,-141.6,15.4
6740.149723,13.9,12.4,
8093.221608,-40.8,10.7,
8473.212945,-171.5,12.1
6824.015415,34.6,8.3,
8151.265260,25.6,16.3,
8531.133694,-42.5,10.5
6972.315804,121.4,10.0,
8234.268721,7.0,10.8,
8532.142302,-99.5,10.9
7093.246045,-12.2,13.4,
8278.016400,36.4,11.8,
8627.033024,-11.7,11.0
7093.986619,56.0,14.5,
8287.982494,47.0,10.5,,,
7148.243269,-32.9,11.6,
8290.066408,32.2,10.9,,,
