2455879.83295,33738.80,3.10,0.8334,0.0006,0.7359,0.0009,0.8127,0.0010,0.1200,0.0018,0.1668,0.0248
2457956.93368,33590.50,4.20,0.8407,0.0009,0.7351,0.0015,0.8046,0.0016,0.1150,0.0054,0.1081,0.0088
2457967.90668,33618.00,5.50,0.8830,0.0013,0.7437,0.0023,0.8094,0.0023,0.1105,0.0088,0.1265,0.0131
2457973.91266,33610.90,6.80,0.8698,0.0018,0.7444,0.0032,0.8108,0.0032,0.1008,0.0163,0.1724,0.0238
2457979.90407,33582.60,4.10,0.8433,0.0008,0.7366,0.0014,0.8105,0.0015,0.1178,0.0038,0.1499,0.0067
2457981.92253,33594.40,4.10,0.8400,0.0008,0.7376,0.0014,0.8103,0.0015,0.1103,0.0034,0.1467,0.0064
2457983.89550,33599.50,4.00,0.8409,0.0008,0.7368,0.0014,0.8061,0.0014,0.1167,0.0034,0.1549,0.0062
2457985.90556,33601.50,4.80,0.8522,0.0010,0.7423,0.0018,0.8088,0.0019,0.1037,0.0054,0.1146,0.0084
2458019.89399,37211.70,4.10
2458036.72940,33643.00,4.50,0.8469,0.0010,0.7379,0.0017,0.8108,0.0017,0.1061,0.0056,0.1175,0.0094
2458054.76927,33631.20,5.10,0.8529,0.0012,0.7404,0.0021,0.8103,0.0021,0.1071,0.0059,0.1430,0.0090
2458061.66286,33638.20,4.10,0.8552,0.0009,0.7341,0.0014,0.8048,0.0015,0.0886,0.0049,0.0882,0.0086
2458094.79396,33964.80,40.50
2458100.69229,33645.60,4.40,0.8504,0.0010,0.7406,0.0016,0.8106,0.0017,0.1138,0.0039,0.1408,0.0074
2458127.64249,33700.00,4.10,0.8592,0.0009,0.7558,0.0014,0.7978,0.0014
2458127.64511,33720.10,4.10,0.8380,0.0009,0.7428,0.0014,0.8017,0.0014
2458134.70082,33671.00,4.30,0.8484,0.0009,0.7395,0.0015,0.8112,0.0015,0.0996,0.0048,0.0769,0.0084
2458153.59075,33676.00,4.00,0.8531,0.0008,0.7204,0.0013,0.7972,0.0013,0.1038,0.0029,0.1241,0.0062
2458199.53727,33669.80,4.30,0.8592,0.0010,0.7353,0.0016,0.8134,0.0016,0.0894,0.0055,0.0727,0.0095
2458199.53925,33670.80,4.30,0.8545,0.0009,0.7351,0.0015,0.8094,0.0015,0.0653,0.0056,0.0639,0.0110
2458199.54123,33677.70,4.30,0.8557,0.0009,0.7370,0.0015,0.8099,0.0016,0.0745,0.0052,0.0696,0.0090
2458568.90575,33606.30,3.70,0.8402,0.0007,0.7349,0.0012,0.8071,0.0012,0.1197,0.0041,0.1334,0.0085
2458684.90575,33613.80,4.00,0.8352,0.0008,0.7362,0.0014,0.8117,0.0014,0.1311,0.0141,0.0653,0.0235
2458732.91062,33639.90,12.10,0.8565,0.0042,0.7467,0.0080,0.8027,0.0079,0.0395,0.0500,0.0006,0.0819
2458761.87144,33627.30,3.90,0.8350,0.0008,0.7417,0.0014,0.8106,0.0014,0.1329,0.0027,0.1579,0.0053
2458787.76438,33648.20,4.20,0.8345,0.0009,0.7385,0.0015,0.8101,0.0015,0.1269,0.0036,0.1740,0.0067
2458814.74357,33628.00,3.90,0.8354,0.0008,0.7386,0.0013,0.8101,0.0013,0.1276,0.0026,0.1802,0.0055
2457609.91389,-55.087,0.536,0.46007,0.00065,0.24569,0.00072,0.34572,0.00096,9.18,8.34,7.73,1.0,0.0472,0.001,6.7041,0.001,46.612,0.01
2457609.92015,-50.815,0.61,0.46156,0.00074,0.24667,0.00082,0.34644,0.00109,9.96,8.31,10.18,1.24,0.0474,0.001,6.7061,0.001,46.594,0.01
2457609.92659,-51.801,0.524,0.46037,0.00064,0.24598,0.00071,0.34483,0.00093,2.17,7.29,8.65,1.11,0.0451,0.001,6.7044,0.001,46.607,0.01
2457857.50461,-22.713,0.671,0.45733,0.00073,0.24532,0.00084,0.34598,0.00112,2.64,9.1,0.03,1.25,0.0458,0.001,6.7016,0.001,46.63,0.01
2457857.51052,-19.795,0.72,0.45746,0.00078,0.2481,0.00091,0.34245,0.0012,-0.38,10.02,-0.39,1.33,0.0458,0.001,6.7018,0.001,46.643,0.01
2457857.51678,-18.097,0.781,0.4586,0.00084,0.24619,0.00098,0.34683,0.0013,17.9,9.84,1.44,1.63,0.0474,0.001,6.704,0.001,46.619,0.01
2458003.89463,-70.376,0.609,0.4593,0.00073,0.24584,0.0008,0.33804,0.00106,-7.45,8.01,7.1,1.3,0.0467,0.001,6.6995,0.001,46.604,0.01
2458003.90066,-69.609,0.582,0.45975,0.00069,0.24798,0.00076,0.3378,0.00101,-16.45,8.52,9.67,1.12,0.0469,0.001,6.7018,0.001,46.598,0.01
2458003.90693,-70.762,0.535,0.45961,0.00063,0.24699,0.00069,0.33903,0.00092,-8.45,7.88,7.72,1.03,0.0448,0.001,6.7039,0.001,46.591,0.01
2458084.7618,-37.507,0.483,0.45699,0.00053,0.24706,0.0006,0.34536,0.00079,6.41,7.01,3.85,1.03,0.0487,0.001,6.7027,0.001,46.63,0.01
2458084.76624,-40.069,0.471,0.45669,0.00052,0.2404,0.00058,0.34587,0.00077,0.07,5.95,1.36,0.91,0.0517,0.001,6.7023,0.001,46.638,0.01
2458084.77076,-39.975,0.466,0.45827,0.00051,0.24013,0.00057,0.34661,0.00076,4.56,7.13,-0.15,0.84,0.0487,0.001,6.6991,0.001,46.652,0.01
2458143.52478,-4.854,0.462,0.46291,0.00052,0.2477,0.0006,0.34303,0.00079,-9.99,6.05,1.36,0.83,0.0471,0.001,6.6985,0.001,46.636,0.01
2458143.53099,-3.796,0.449,0.46342,0.00051,0.24781,0.00058,0.34328,0.00076,-10.49,5.31,-3.08,0.79,0.0486,0.001,6.6979,0.001,46.661,0.01
2458143.53698,-4.34,0.44,0.46204,0.0005,0.24844,0.00057,0.33461,0.00075,-10.17,5.21,-3.03,0.86,0.0522,0.001,6.6998,0.001,46.654,0.01
2458144.60014,-6.945,0.625,0.45672,0.00072,0.24044,0.00082,0.34377,0.00109,8.22,6.65,-1.64,1.36,0.0499,0.001,6.6986,0.001,46.66,0.01
2458144.60629,-6.087,0.604,0.45855,0.00069,0.24051,0.00079,0.34458,0.00105,20.03,6.33,-4.19,1.14,0.047,0.001,6.7019,0.001,46.668,0.01
2458144.61246,-2.652,0.589,0.45767,0.00067,0.24113,0.00077,0.34303,0.00101,14.27,7.96,-4.51,1.2,0.0477,0.001,6.6957,0.001,46.675,0.01
2458145.62584,-11.183,0.513,0.4614,0.00052,0.24809,0.00062,0.33149,0.00081,-7.83,5.72,-1.09,1.04,0.0494,0.001,6.6969,0.001,46.664,0.01
2458145.632,-8.017,0.596,0.46247,0.00061,0.24741,0.00073,0.33228,0.00095,0.48,7.72,-4.66,1.3,0.0497,0.001,6.6957,0.001,46.642,0.01
2458145.63804,-1.541,0.529,0.46213,0.00054,0.24767,0.00064,0.3344,0.00084,6.01,5.21,-5.43,1.05,0.0487,0.001,6.6977,0.001,46.665,0.01
2458172.5288,-4.578,0.869,0.46326,0.00103,0.24284,0.00122,0.34194,0.00159,-8.01,6.31,-5.32,1.82,0.0494,0.001,6.6991,0.001,46.66,0.01
2458173.52798,-4.177,0.472,0.46255,0.00053,0.24204,0.00061,0.34118,0.00081,19.1,9.55,-1.63,1.01,0.0503,0.001,6.6998,0.001,46.644,0.01
2458174.5198,-7.179,0.456,0.45753,0.0005,0.24046,0.00059,0.34136,0.00077,-2.49,5.62,-2.41,0.93,0.0496,0.001,6.6961,0.001,46.657,0.01
2458175.52104,-4.748,0.492,0.4568,0.00055,0.24745,0.00064,0.34105,0.00084,-8.96,5.37,0.74,0.96,0.0485,0.001,6.6981,0.001,46.627,0.01
2458191.52248,1.418,0.523,0.45693,0.00058,0.24757,0.00068,0.33324,0.0009,-4.4,6.46,-4.12,1.04,0.0492,0.001,6.7007,0.001,46.654,0.01
2458191.52857,2.233,0.465,0.45774,0.0005,0.24888,0.00059,0.33277,0.00078,-1.28,5.89,0.09,0.99,0.0493,0.001,6.7019,0.001,46.635,0.01
2458191.53454,2.841,0.455,0.45721,0.00049,0.2481,0.00058,0.33175,0.00076,-5.04,5.58,0.98,1.02,0.0474,0.001,6.7001,0.001,46.625,0.01
2458194.50983,0.889,0.347,0.46136,0.00038,0.24244,0.00045,0.34218,0.00059,3.53,5.18,-0.65,0.79,0.0495,0.001,6.6989,0.001,46.639,0.01
2458196.53961,-1.871,0.479,0.46133,0.0005,0.2471,0.0006,0.34223,0.00079,5.25,5.14,1.88,0.88,0.0479,0.001,6.7003,0.001,46.636,0.01
2458196.54581,-0.8,0.472,0.46161,0.00048,0.24733,0.00058,0.34268,0.00076,3.62,6.13,1.72,0.85,0.0489,0.001,6.7014,0.001,46.631,0.01
2458196.55196,-0.398,0.478,0.46158,0.00047,0.24805,0.00058,0.34484,0.00076,6.87,5.63,0.45,0.84,0.05,0.001,6.7019,0.001,46.621,0.01
2458221.48152,1.844,0.56,0.45804,0.00058,0.24138,0.00071,0.34225,0.00093,-0.38,6.35,-0.38,1.1,0.0489,0.001,6.7016,0.001,46.631,0.01
2458221.48809,2.316,0.781,0.45814,0.0008,0.24039,0.00099,0.34074,0.00129,-1.38,7.44,-4.19,1.31,0.0506,0.001,6.7003,0.001,46.654,0.01
2458221.49424,-1.599,0.596,0.45792,0.00063,0.24305,0.00077,0.34118,0.001,10.44,6.54,-1.2,1.1,0.0495,0.001,6.7013,0.001,46.646,0.01
2458222.47187,1.498,0.469,0.45782,0.00049,0.24076,0.00058,0.34407,0.00077,-0.4,6.14,2.96,0.95,0.0499,0.001,6.7042,0.001,46.625,0.01
2458222.47808,-2.313,0.46,0.45679,0.00047,0.24038,0.00057,0.34426,0.00075,2.35,6.3,5.2,0.96,0.0506,0.001,6.7065,0.001,46.601,0.01
2458222.48424,-8.119,0.485,0.45766,0.00049,0.24099,0.0006,0.3441,0.00079,-0.91,6.15,5.2,1.03,0.0502,0.001,6.7059,0.001,46.596,0.01
2458224.51695,-4.11,0.479,0.4621,0.00048,0.23996,0.00058,0.34471,0.00077,1.8,5.72,2.68,0.95,0.0518,0.001,6.7044,0.001,46.629,0.01
2458224.52305,-5.048,0.484,0.46197,0.00048,0.2411,0.00059,0.34531,0.00078,3.55,5.3,2.53,0.94,0.0466,0.001,6.7067,0.001,46.625,0.01
2458224.52909,-7.203,0.505,0.4613,0.0005,0.24022,0.00061,0.34487,0.00081,-0.45,5.39,-0.28,0.98,0.0483,0.001,6.7044,0.001,6.638,0.01
2458225.48043,-13.121,0.691,0.45711,0.00073,0.24107,0.00089,0.3437,0.00117,0.38,6.94,-1.46,1.38,0.0499,0.001,6.7006,0.001,46.634,0.01
2458225.48634,-12.128,0.664,0.45802,0.00075,0.24052,0.0009,0.34274,0.00119,-20.52,6.67,-0.71,1.14,0.0548,0.001,6.703,0.001,46.642,0.01
2458225.49256,-9.144,0.588,0.45585,0.00064,0.2395,0.00077,0.34327,0.00102,-15.62,7.34,0.1,1.12,0.0501,0.001,6.7044,0.001,46.65,0.01
2458318.91454,-64.604,0.923,0.46026,0.00102,0.2409,0.00123,0.3487,0.00163,6.12,9.54,2.38,1.84,0.0449,0.001,6.6978,0.001,46.615,0.01
2458318.92302,-62.893,1.03,0.4594,0.00114,0.2384,0.00137,0.3487,0.00182,7.63,11.01,-3.85,2.66,0.05,0.001,6.6919,0.001,46.717,0.01
2458318.93149,-54.605,0.918,0.45955,0.00103,0.23983,0.00123,0.33755,0.00163,5.16,9.6,2.0,1.93,0.0443,0.001,6.7012,0.001,46.637,0.01
2458383.81627,-47.063,0.573,0.46077,0.00071,0.2464,0.00082,0.33796,0.00108,9.65,6.44,1.63,1.11,0.0521,0.001,6.6986,0.001,46.651,0.01
2458383.82225,-47.035,0.639,0.45913,0.00077,0.24645,0.00089,0.34025,0.00119,1.13,7.58,0.23,1.28,0.051,0.001,6.6969,0.001,46.659,0.01
2458383.82853,-42.457,0.596,0.46054,0.00075,0.24741,0.00086,0.33758,0.00113,-12.23,6.27,-1.51,1.16,0.0486,0.001,6.7002,0.001,46.655,0.01
2458385.78696,-48.793,0.511,0.4607,0.00062,0.24605,0.00071,0.34548,0.00094,0.69,5.01,1.61,0.91,0.0483,0.001,6.6967,0.001,46.656,0.01
2458385.79305,-49.663,0.511,0.45977,0.00063,0.2454,0.00072,0.34632,0.00096,-0.37,5.86,3.61,1.14,0.0462,0.001,6.6992,0.001,46.645,0.01
2458385.79925,-48.085,0.503,0.4607,0.00062,0.24629,0.00071,0.34497,0.00094,1.28,6.31,2.44,1.03,0.048,0.001,6.6965,0.001,46.638,0.01
2458403.86168,-39.066,1.238,0.45839,0.00145,0.24152,0.00175,0.34842,0.0023,12.92,13.05,-6.37,2.83,0.0508,0.001,6.7033,0.001,46.638,0.01
2458403.86779,-36.524,1.219,0.45769,0.00143,0.24096,0.00172,0.34843,0.00227,19.34,12.47,-1.68,2.8,0.0436,0.001,6.6968,0.001,46.676,0.01
2458403.87389,-36.053,0.983,0.45671,0.00116,0.2378,0.00137,0.34879,0.00182,7.09,11.59,-4.3,2.03,0.0485,0.001,6.6989,0.001,46.704,0.01
2458416.76954,-40.104,0.518,0.46295,0.00063,0.23618,0.00072,0.33518,0.00096,4.38,7.98,4.92,1.15,0.0478,0.001,6.7003,0.001,46.615,0.01
2458416.7758,-46.856,0.475,0.46287,0.00058,0.23467,0.00066,0.33377,0.00088,-9.47,8.96,3.89,0.98,0.051,0.001,6.701,0.001,46.625,0.01
2458416.78188,-47.025,0.472,0.45813,0.00057,0.2353,0.00065,0.33376,0.00087,3.72,7.2,0.15,0.94,0.0527,0.001,6.6993,0.001,46.657,0.01
2458416.78802,-39.86,0.483,0.45812,0.00059,0.23612,0.00067,0.3421,0.00089,-7.32,8.41,-1.42,1.0,0.0491,0.001,6.6963,0.001,46.647,0.01
2458436.85486,-38.765,0.597,0.45588,0.00068,0.24767,0.00081,0.34701,0.00107,3.28,9.52,-0.29,1.12,0.05,0.001,6.7005,0.001,46.642,0.01
2458436.86084,-43.375,0.585,0.4565,0.00067,0.24426,0.00078,0.34567,0.00104,2.06,8.5,2.66,1.27,0.0485,0.001,6.7007,0.001,46.654,0.01
2458451.75009,-34.039,0.507,0.46009,0.00058,0.2471,0.00068,0.34306,0.0009,9.85,8.66,-3.46,1.02,0.0466,0.001,6.6977,0.001,46.679,0.01
2458451.75394,-33.031,0.507,0.46082,0.00058,0.24866,0.00068,0.3411,0.00089,6.56,7.93,-3.88,0.78,0.0506,0.001,6.6949,0.001,46.672,0.01
2458451.75778,-32.882,0.514,0.45977,0.00058,0.24759,0.00069,0.3441,0.0009,-6.82,8.64,-2.32,1.08,0.0508,0.001,6.6976,0.001,46.657,0.01
2458454.68064,-26.925,1.109,0.45662,0.0014,0.23751,0.00163,0.34588,0.00216,2.74,11.9,-2.41,2.49,0.0465,0.001,6.7002,0.001,46.667,0.01
2458454.68554,-26.785,0.825,0.45555,0.00104,0.24281,0.00121,0.34203,0.00158,8.85,8.46,-0.03,1.76,0.0466,0.001,6.6993,0.001,46.653,0.01
2458454.69161,-27.52,0.908,0.45626,0.00115,0.24049,0.00134,0.34572,0.00177,0.03,10.4,-1.7,1.92,0.0523,0.001,6.7036,0.001,46.645,0.01
2458474.68296,-22.581,0.428,0.4569,0.00048,0.24747,0.00057,0.34502,0.00075,5.2,7.68,0.75,0.84,0.0512,0.001,6.6967,0.001,46.643,0.01
2458474.68911,-19.549,0.435,0.46155,0.00049,0.24848,0.00058,0.34241,0.00076,0.84,7.42,0.15,1.01,0.0493,0.001,6.6992,0.001,46.635,0.01
2458474.69527,-16.181,0.414,0.46149,0.00047,0.24833,0.00055,0.34179,0.00072,3.31,6.7,-0.73,0.85,0.0517,0.001,6.6949,0.001,46.644,0.01
2458476.78879,-13.542,0.539,0.45943,0.00057,0.24278,0.00069,0.33484,0.00091,6.99,6.02,-0.08,0.95,0.0503,0.001,6.6997,0.001,46.646,0.01
2458476.79495,-14.734,0.59,0.46026,0.00062,0.24167,0.00075,0.34226,0.00099,4.79,6.38,0.55,1.17,0.0483,0.001,6.7046,0.001,46.628,0.01
2458476.80116,-15.852,0.598,0.46122,0.00061,0.24193,0.00075,0.34149,0.00099,24.35,6.53,2.56,1.14,0.0524,0.001,6.7021,0.001,46.619,0.01
2458529.65501,-43.613,0.613,0.45715,0.0007,0.24347,0.00082,0.34119,0.00108,-4.02,6.34,-7.81,1.31,0.0475,0.001,6.6973,0.001,46.652,0.01
2458529.6603,-44.267,1.034,0.45644,0.00107,0.24143,0.00132,0.33918,0.00173,4.41,10.92,-9.29,2.55,0.0493,0.001,6.6985,0.001,46.596,0.01
2458529.66725,-42.333,0.727,0.45785,0.00083,0.24161,0.00097,0.34284,0.00128,3.22,6.54,-8.63,1.51,0.0461,0.001,6.7019,0.001,46.631,0.01
2458531.63395,-39.172,0.481,0.4564,0.00056,0.24825,0.00065,0.34096,0.00085,-3.68,6.43,-0.07,1.2,0.0487,0.001,6.7007,0.001,46.631,0.01
2458531.64044,-40.523,0.483,0.45709,0.00056,0.24958,0.00065,0.33839,0.00085,-10.22,6.38,0.63,0.98,0.049,0.001,6.7023,0.001,46.63,0.01
2458531.64635,-41.45,0.511,0.4563,0.00059,0.24837,0.00069,0.33736,0.0009,-13.89,5.65,-1.57,1.1,0.0453,0.001,6.6977,0.001,6.65,0.01
2458538.59208,-39.652,0.457,0.45647,0.00051,0.24384,0.00059,0.33589,0.00076,-2.43,7.27,-3.43,1.12,0.05,0.001,6.699,0.001,46.648,0.01
2458538.59813,-38.996,0.465,0.4565,0.00051,0.24385,0.0006,0.33731,0.00077,-3.43,6.21,-1.17,0.94,0.0478,0.001,6.7004,0.001,46.638,0.01
2458538.60521,-41.482,0.581,0.45669,0.00066,0.24918,0.00076,0.32887,0.00099,-11.19,7.99,-6.49,1.37,0.0517,0.001,6.6988,0.001,46.661,0.01
2458542.55889,-31.866,0.551,0.45696,0.00067,0.248,0.00076,0.33804,0.00099,-9.13,7.23,-3.93,0.98,0.0491,0.001,6.6971,0.001,46.641,0.01
2458542.56498,-38.659,0.511,0.45636,0.00062,0.24881,0.0007,0.33895,0.00091,5.03,7.08,-3.19,1.03,0.0505,0.001,6.6971,0.001,46.653,0.01
2458542.57131,-43.288,0.524,0.45676,0.00063,0.24947,0.00071,0.33646,0.00093,4.32,7.16,-5.69,0.99,0.0456,0.001,6.6966,0.001,46.654,0.01
2458546.57545,-42.877,0.542,0.45739,0.00064,0.24902,0.00073,0.33884,0.00095,0.73,8.2,-2.03,1.05,0.0506,0.001,6.7002,0.001,46.641,0.01
2458546.58156,-41.172,0.556,0.45716,0.00067,0.24976,0.00075,0.33816,0.00098,-1.92,8.63,-2.38,1.19,0.0509,0.001,6.6988,0.001,46.661,0.01
2458546.58783,-36.919,0.562,0.45671,0.00067,0.2491,0.00076,0.33899,0.00099,-7.32,8.59,-2.69,1.14,0.0469,0.001,6.6991,0.001,46.643,0.01
2458550.59229,-35.537,0.487,0.45829,0.00054,0.24973,0.00062,0.33619,0.0008,-3.23,5.61,0.27,0.92,0.0456,0.001,6.701,0.001,46.628,0.01
2458550.59857,-33.797,0.516,0.45849,0.00057,0.2509,0.00066,0.3364,0.00085,-6.5,5.02,2.05,1.02,0.0468,0.001,6.7016,0.001,46.615,0.01
2458550.60438,-35.497,0.576,0.45783,0.00064,0.24918,0.00074,0.33647,0.00095,-5.1,7.3,0.23,1.4,0.0445,0.001,6.699,0.001,46.644,0.01
2458565.49203,-36.998,0.493,0.45894,0.00056,0.24171,0.00062,0.33903,0.00081,-15.62,6.65,0.07,0.96,0.0475,0.001,6.7008,0.001,46.617,0.01
2458565.49707,-34.357,0.508,0.45759,0.00058,0.24124,0.00064,0.34074,0.00084,-5.71,6.13,-2.04,0.89,0.0475,0.001,6.7018,0.001,46.644,0.01
2458565.50203,-35.379,0.498,0.45704,0.00056,0.24275,0.00063,0.3408,0.00082,-4.27,7.68,1.61,0.92,0.0485,0.001,6.7024,0.001,46.633,0.01
2458754.89592,-39.67,0.837,0.46179,0.00107,0.25238,0.00114,0.34839,0.00149,4.82,8.6,2.6,1.76,0.0493,0.001,6.7006,0.001,46.612,0.01
2458754.90211,-40.056,0.844,0.46178,0.00107,0.25233,0.00114,0.34988,0.0015,1.32,8.32,1.59,1.76,0.0489,0.001,6.7018,0.001,46.601,0.01
2458754.90831,-40.511,0.829,0.4637,0.00105,0.25306,0.00112,0.34993,0.00147,0.34,8.99,7.11,1.93,0.0505,0.001,6.6993,0.001,46.564,0.01
2454400.03215,-57.45,1.76,0.1150,0.03119
2454461.87742,-23.62,1.72,0.1041,0.03108
2454718.14941,-43.68,1.66,0.1167,0.03133
2454806.95469,-13.93,3.11,0.1141,0.03114
2454839.01455,11.14,1.68,0.1254,0.03118
2454846.95912,6.44,1.96,0.1184,0.03110
2454864.91463,33.49,1.56,0.1243,0.03113
2454929.72406,6.19,1.65,0.1258,0.03117
2455076.12029,-18.81,1.56,0.1208,0.03126
2455085.08738,-16.46,1.49,0.1183,0.03131
2455110.13017,-17.79,1.89,0.1172,0.03134
2455173.05039,17.89,1.45,0.1244,0.03114
2455187.90056,5.66,1.68,0.1284,0.03120
2455188.95939,9.48,1.60,0.1188,0.03113
2455189.82384,5.08,1.61,0.1197,0.03110
2455190.89727,3.38,1.71,0.1220,0.03120
2455196.80904,5.65,1.67,0.1186,0.03151
2455197.96869,4.36,1.86,0.1222,0.03131
2455198.99626,0.00,1.87,0.1280,0.03126
2455255.74755,-2.69,1.31,0.1187,0.03132
2455285.78066,-29.30,1.45,0.1332,0.03118
2455312.72518,-43.10,1.79,0.0914,0.03110
2455456.04311,-12.57,1.57,0.1238,0.03119
2455490.95679,7.16,1.73,0.1237,0.03125
2455521.96605,6.48,1.64,0.1176,0.03116
2455546.06910,11.43,1.80,0.1125,0.03119
2455584.91194,3.38,1.73,0.1202,0.03123
2455633.81192,-28.14,1.45,0.1048,0.03120
2455878.97668,17.34,1.68,0.1160,0.03128
2455904.03568,7.60,1.51,0.1214,0.03112
2455960.76706,-31.35,1.80,0.1188,0.03134
2456018.74059,-57.46,1.61,0.1149,0.03127
2456530.11307,13.05,1.58,0.1277,0.03129
2456640.94484,-35.64,1.59,0.1137,0.03119
2456913.14619,-39.74,1.49,0.1169,0.03120
2457354.87263,-31.59,1.64,0.1153,0.03078
2458715.13860,-43.22,1.50,-1.0000,-1.00000
2458788.09457,1.08,1.55,-1.0000,-1.00000
2458852.83152,15.02,1.54,-1.0000,-1.00000
2458907.80135,-11.96,1.61,-1.0000,-1.00000