53861.9016,-9.7468,0.0004,-26.22,7.0415,-5.0043,0.0026,HARPS
53862.8961,-9.7465,0.0004,-28.17,7.0409,-5.0026,0.0028,HARPS
53863.9005,-9.7430,0.0004,-29.17,7.0377,-5.0020,0.0028,HARPS
53864.8695,-9.7434,0.0004,-27.87,7.0383,-4.9913,0.0029,HARPS
53865.9012,-9.7446,0.0004,-27.85,7.0390,-5.0062,0.0029,HARPS
53866.8224,-9.7435,0.0004,-27.75,7.0379,-5.0094,0.0028,HARPS
53867.9122,-9.7415,0.0004,-28.17,7.0381,-5.0037,0.0024,HARPS
53868.8966,-9.7418,0.0005,-25.98,7.0398,-5.0071,0.0032,HARPS
53869.8624,-9.7402,0.0004,-30.78,7.0381,-5.0143,0.0029,HARPS
53870.9019,-9.7419,0.0005,-31.23,7.0395,-5.0070,0.0036,HARPS
53871.9113,-9.7416,0.0004,-30.63,7.0377,-5.0115,0.0030,HARPS
53882.9089,-9.7406,0.0006,-27.48,7.0414,-4.9909,0.0028,HARPS
53883.8897,-9.7398,0.0006,-27.37,7.0422,-4.9839,0.0029,HARPS
53887.8895,-9.7432,0.0005,-28.11,7.0416,-4.9878,0.0033,HARPS
53889.9290,-9.7416,0.0006,-25.91,7.0486,-4.9887,0.0048,HARPS
53920.8722,-9.7299,0.0005,-26.10,7.0402,-4.9937,0.0029,HARPS
53945.7815,-9.7228,0.0005,-27.89,7.0447,-5.0153,0.0026,HARPS
53975.6693,-9.7130,0.0005,-29.04,7.0397,-5.0042,0.0034,HARPS
53979.7387,-9.7114,0.0007,-28.70,7.0421,-5.0168,0.0061,HARPS
54054.5503,-9.6977,0.0005,-28.54,7.0395,-5.0305,0.0030,HARPS
54732.6573,-9.7138,0.0006,-28.79,7.0445,-5.0178,0.0039,HARPS
54738.6433,-9.7088,0.0008,-25.07,7.0559,-5.0090,0.0066,HARPS
54743.5709,-9.7077,0.0006,-26.36,7.0542,-4.9863,0.0043,HARPS
54749.5638,-9.7127,0.0006,-26.67,7.0500,-5.0117,0.0042,HARPS
54753.5955,-9.7151,0.0006,-29.00,7.0461,-5.0222,0.0047,HARPS
54774.5181,-9.7185,0.0005,-27.41,7.0497,-4.9892,0.0030,HARPS
54776.4977,-9.7154,0.0006,-26.26,7.0475,-5.0104,0.0040,HARPS
54777.5057,-9.7145,0.0006,-28.03,7.0434,-5.0028,0.0037,HARPS
54778.4972,-9.7176,0.0004,-28.04,7.0445,-5.0107,0.0026,HARPS
54780.4984,-9.7169,0.0005,-26.53,7.0450,-5.0210,0.0032,HARPS
54952.9083,-9.7477,0.0007,-31.28,7.0471,-5.0290,0.0057,HARPS
54953.9291,-9.7483,0.0005,-29.74,7.0472,-5.0305,0.0035,HARPS
54954.8895,-9.7498,0.0006,-30.52,7.0456,-5.0195,0.0029,HARPS
54955.8686,-9.7475,0.0007,-31.42,7.0496,-5.0243,0.0044,HARPS
54956.9325,-9.7508,0.0007,-32.17,7.0512,-5.0241,0.0047,HARPS
54989.9047,-9.7535,0.0004,-28.44,7.0397,-5.0122,0.0026,HARPS
54992.8844,-9.7567,0.0005,-30.49,7.0425,-5.0130,0.0027,HARPS
54995.8871,-9.7578,0.0004,-28.68,7.0480,-5.0201,0.0027,HARPS
55001.8908,-9.7617,0.0006,-29.21,7.0449,-5.0182,0.0046,HARPS
55020.8298,-9.7601,0.0005,-30.34,7.0441,-5.0207,0.0023,HARPS
55024.8545,-9.7617,0.0006,-27.74,7.0396,-5.0251,0.0035,HARPS
55040.7680,-9.7682,0.0005,-28.93,7.0518,-5.0042,0.0035,HARPS
55047.8457,-9.7684,0.0005,-28.44,7.0449,-5.0185,0.0039,HARPS
55071.5485,-9.7721,0.0006,-29.87,7.0458,-5.0168,0.0043,HARPS
55074.6825,-9.7742,0.0005,-28.33,7.0482,-5.0126,0.0033,HARPS
55076.6888,-9.7766,0.0009,-29.71,7.0517,-5.0307,0.0090,HARPS
55097.6725,-9.7720,0.0005,-30.20,7.0475,-5.0132,0.0029,HARPS
55100.6163,-9.7747,0.0006,-28.00,7.0474,-5.0229,0.0039,HARPS
55105.5753,-9.7791,0.0007,-28.81,7.0503,-5.0277,0.0055,HARPS
55106.5758,-9.7785,0.0006,-27.23,7.0446,-5.0245,0.0050,HARPS
55110.6073,-9.7810,0.0006,-26.54,7.0417,-5.0216,0.0039,HARPS
55112.6076,-9.7808,0.0005,-30.41,7.0472,-5.0230,0.0036,HARPS
55117.6494,-9.7799,0.0011,-21.97,7.0514,-5.0667,0.0166,HARPS
55123.6127,-9.7760,0.0007,-30.83,7.0500,-5.0300,0.0063,HARPS
55137.5601,-9.7808,0.0007,-32.01,7.0432,-5.0422,0.0053,HARPS
55138.5994,-9.7827,0.0005,-31.76,7.0454,-5.0287,0.0035,HARPS
55140.5629,-9.7817,0.0005,-29.49,7.0465,-5.0311,0.0031,HARPS
55152.5714,-9.7830,0.0006,-31.15,7.0481,-5.0252,0.0039,HARPS
55160.5401,-9.7801,0.0005,-29.48,7.0469,-5.0327,0.0038,HARPS
55161.5287,-9.7794,0.0005,-29.61,7.0500,-5.0178,0.0036,HARPS
55372.8325,-9.8009,0.0006,-29.08,7.0477,-5.0327,0.0056,HARPS
55374.7997,-9.8019,0.0007,-26.83,7.0485,-5.0438,0.0065,HARPS
55375.7769,-9.8036,0.0007,-30.41,7.0507,-5.0500,0.0078,HARPS
55397.8334,-9.8076,0.0010,-29.36,7.0568,-5.0395,0.0129,HARPS
55403.7721,-9.8041,0.0009,-31.78,7.0495,-5.0424,0.0095,HARPS
55409.7851,-9.8044,0.0006,-31.88,7.0559,-5.0215,0.0042,HARPS
55779.7303,-9.7795,0.0006,-30.21,7.0539,-5.0382,0.0046,HARPS
55803.5844,-9.7721,0.0009,-28.91,7.0582,-5.0467,0.0090,HARPS
55809.6584,-9.7704,0.0005,-31.17,7.0556,-5.0415,0.0038,HARPS
55816.6504,-9.7681,0.0006,-28.03,7.0466,-5.0480,0.0046,HARPS
55834.7054,-9.7604,0.0005,-30.23,7.0531,-5.0444,0.0038,HARPS
55841.5609,-9.7650,0.0004,-30.17,7.0544,-5.0427,0.0033,HARPS
55873.5667,-9.7552,0.0005,-31.29,7.0531,-5.0655,0.0046,HARPS
55888.5490,-9.7498,0.0005,-31.35,7.0509,-5.0610,0.0048,HARPS
56057.8439,-9.7115,0.0007,-33.79,7.0527,-5.0445,0.0066,HARPS
56079.8487,-9.7041,0.0005,-28.52,7.0524,-5.0382,0.0038,HARPS
56093.9135,-9.7048,0.0006,-30.62,7.0537,-5.0221,0.0050,HARPS
56118.8955,-9.6975,0.0005,-29.95,7.0604,-5.0344,0.0045,HARPS
56151.7989,-9.6923,0.0006,-30.26,7.0571,-5.0414,0.0051,HARPS
56167.6608,-9.6865,0.0006,-32.29,7.0589,-5.0342,0.0058,HARPS
56235.5931,-9.6797,0.0007,-29.22,7.0543,-5.0479,0.0049,HARPS
56437.9417,-9.6809,0.0007,-29.29,7.0541,-5.0314,0.0043,HARPS
56455.9107,-9.6716,0.0008,-29.79,7.0544,-5.0403,0.0065,HARPS
56477.8601,-9.6819,0.0006,-30.72,7.0609,-5.0454,0.0045,HARPS
56501.8238,-9.6802,0.0009,-30.83,7.0603,-5.0655,0.0096,HARPS
56618.5069,-9.6954,0.0006,-29.18,7.0575,-5.0387,0.0035,HARPS
56858.8256,-9.7388,0.0006,-30.70,7.0612,-5.0368,0.0046,HARPS
56863.7833,-9.7352,0.0007,-31.26,7.0617,-5.0412,0.0051,HARPS
56871.7569,-9.7348,0.0007,-30.43,7.0596,-5.0308,0.0052,HARPS
56929.6719,-9.7515,0.0007,-32.15,7.0600,-5.0452,0.0048,HARPS
56930.5932,-9.7503,0.0007,-30.79,7.0611,-5.0358,0.0042,HARPS
56944.6688,-9.7481,0.0008,-32.66,7.0643,-5.0303,0.0063,HARPS
56948.6403,-9.7498,0.0006,-33.01,7.0622,-5.0324,0.0043,HARPS
51790.5844,-9.8125,0.0056,-67.90,8.4548,--,,,--,,,CORALIE98
51793.6166,-9.8145,0.0054,-49.32,8.4612,--,,,--,,,CORALIE98
52076.9164,-9.7443,0.0048,-54.68,8.4534,--,,,--,,,CORALIE98
52078.9427,-9.7345,0.0083,-51.64,8.4521,--,,,--,,,CORALIE98
52079.9201,-9.7381,0.0061,-60.56,8.4373,--,,,--,,,CORALIE98
52131.8122,-9.7411,0.0040,-42.19,8.4530,--,,,--,,,CORALIE98
52135.8020,-9.7377,0.0049,-51.82,8.4632,--,,,--,,,CORALIE98
52136.7545,-9.7292,0.0041,-55.77,8.4515,--,,,--,,,CORALIE98
52144.7767,-9.7405,0.0040,-53.57,8.4473,--,,,--,,,CORALIE98
52167.6334,-9.7428,0.0034,-58.05,8.4445,--,,,--,,,CORALIE98
52177.6897,-9.7292,0.0041,-63.72,8.4308,--,,,--,,,CORALIE98
52183.5647,-9.7249,0.0042,-37.72,8.4372,--,,,--,,,CORALIE98
52197.6165,-9.7213,0.0037,-62.26,8.4381,--,,,--,,,CORALIE98
52438.8769,-9.7152,0.0046,-49.26,8.4307,--,,,--,,,CORALIE98
52443.8899,-9.7184,0.0047,-74.65,8.4197,--,,,--,,,CORALIE98
52444.8565,-9.7274,0.0048,-59.47,8.4241,--,,,--,,,CORALIE98
52446.8884,-9.7332,0.0046,-60.90,8.4300,--,,,--,,,CORALIE98
52460.8156,-9.7196,0.0061,-53.88,8.4161,--,,,--,,,CORALIE98
52465.8007,-9.7281,0.0051,-61.65,8.4292,--,,,--,,,CORALIE98
52543.6614,-9.7454,0.0047,-62.36,8.4653,--,,,--,,,CORALIE98
52547.6385,-9.7523,0.0055,-61.01,8.4428,--,,,--,,,CORALIE98
52562.5913,-9.7538,0.0047,-50.37,8.4441,--,,,--,,,CORALIE98
52565.5768,-9.7411,0.0058,-72.17,8.4618,--,,,--,,,CORALIE98
52802.8758,-9.7836,0.0055,-53.62,8.4547,--,,,--,,,CORALIE98
52853.7850,-9.8010,0.0046,-49.82,8.4868,--,,,--,,,CORALIE98
52898.6892,-9.7998,0.0053,-57.64,8.4607,--,,,--,,,CORALIE98
53166.8160,-9.8409,0.0078,-39.39,8.4227,--,,,--,,,CORALIE98
53167.7680,-9.8422,0.0108,-48.01,8.4656,--,,,--,,,CORALIE98
53215.7791,-9.8524,0.0054,-52.90,8.4544,--,,,--,,,CORALIE98
53237.7598,-9.8256,0.0074,-71.67,8.4273,--,,,--,,,CORALIE98
53262.7081,-9.8457,0.0039,-63.28,8.4368,--,,,--,,,CORALIE98
53287.6020,-9.8399,0.0043,-57.79,8.4312,--,,,--,,,CORALIE98
53291.5983,-9.8514,0.0043,-57.31,8.4292,--,,,--,,,CORALIE98
53587.8413,-9.8379,0.0058,-63.09,8.4598,--,,,--,,,CORALIE98
53592.7573,-9.8410,0.0032,-62.49,8.4525,--,,,--,,,CORALIE98
53596.6979,-9.8466,0.0037,-48.49,8.4525,--,,,--,,,CORALIE98
53599.7214,-9.8245,0.0061,-66.54,8.4380,--,,,--,,,CORALIE98
53615.6903,-9.8399,0.0045,-71.02,8.4292,--,,,--,,,CORALIE98
53621.6809,-9.8304,0.0038,-55.33,8.4552,--,,,--,,,CORALIE98
53630.7248,-9.8267,0.0049,-51.86,8.4575,--,,,--,,,CORALIE98
53644.6765,-9.8436,0.0042,-48.86,8.4520,--,,,--,,,CORALIE98
53666.5889,-9.8312,0.0034,-57.66,8.4578,--,,,--,,,CORALIE98
53703.5349,-9.8095,0.0050,-32.84,8.4440,--,,,--,,,CORALIE98
53862.9108,-9.7791,0.0055,-33.73,8.4476,--,,,--,,,CORALIE98
53904.9226,-9.7945,0.0090,-38.53,8.4419,--,,,--,,,CORALIE98
53915.8487,-9.7695,0.0047,-57.17,8.4684,--,,,--,,,CORALIE98
53993.6283,-9.7537,0.0068,-41.02,8.4789,--,,,--,,,CORALIE98
54007.6840,-9.7235,0.0066,-43.02,8.4808,--,,,--,,,CORALIE98
54279.8616,-9.6970,0.0028,-38.57,8.3104,--,,,--,,,CORALIE07
54284.8602,-9.7011,0.0029,-41.52,8.3050,--,,,--,,,CORALIE07
54289.8533,-9.6887,0.0037,-40.40,8.3004,--,,,--,,,CORALIE07
54290.8110,-9.6806,0.0031,-52.94,8.3160,--,,,--,,,CORALIE07
54291.7859,-9.6947,0.0029,-50.13,8.3126,--,,,--,,,CORALIE07
54292.8187,-9.7049,0.0026,-43.14,8.3106,--,,,--,,,CORALIE07
54295.8414,-9.7070,0.0028,-43.87,8.3108,--,,,--,,,CORALIE07
54296.8547,-9.7033,0.0032,-48.21,8.3028,--,,,--,,,CORALIE07
54300.7997,-9.7093,0.0034,-46.57,8.3274,--,,,--,,,CORALIE07
54301.7625,-9.7070,0.0030,-45.29,8.3035,--,,,--,,,CORALIE07
54325.8387,-9.6895,0.0033,-42.87,8.3079,--,,,--,,,CORALIE07
54348.5946,-9.7029,0.0027,-37.08,8.2967,--,,,--,,,CORALIE07
54351.5233,-9.6969,0.0034,-49.56,8.2948,--,,,--,,,CORALIE07
54389.5786,-9.6998,0.0031,-41.98,8.3038,--,,,--,,,CORALIE07
54398.5804,-9.7236,0.0029,-52.16,8.3255,--,,,--,,,CORALIE07
54412.5513,-9.7230,0.0036,-56.26,8.3100,--,,,--,,,CORALIE07
54593.9068,-9.7458,0.0030,-46.80,8.3514,--,,,--,,,CORALIE07
54615.8576,-9.7384,0.0045,-55.12,8.2960,--,,,--,,,CORALIE07
54662.8071,-9.7426,0.0032,-32.86,8.3025,--,,,--,,,CORALIE07
54687.6126,-9.7498,0.0030,-51.40,8.3058,--,,,--,,,CORALIE07
54688.5812,-9.7517,0.0029,-45.85,8.3120,--,,,--,,,CORALIE07
54704.5866,-9.7584,0.0037,-38.58,8.3092,--,,,--,,,CORALIE07
54729.6078,-9.7501,0.0036,-46.12,8.2689,--,,,--,,,CORALIE07
54733.5076,-9.7616,0.0037,-45.89,8.2958,--,,,--,,,CORALIE07
55074.6686,-9.8201,0.0035,-48.74,8.2983,--,,,--,,,CORALIE07
55100.6904,-9.8107,0.0030,-44.74,8.2953,--,,,--,,,CORALIE07
55128.5721,-9.8065,0.0034,-35.94,8.2816,--,,,--,,,CORALIE07
55706.8892,-9.8161,0.0037,-41.29,8.3049,--,,,--,,,CORALIE07
55762.8602,-9.8216,0.0031,-42.86,8.3132,--,,,--,,,CORALIE07
55807.7483,-9.8029,0.0031,-43.50,8.2919,--,,,--,,,CORALIE07
55843.6692,-9.7912,0.0034,-47.10,8.3080,--,,,--,,,CORALIE07
56119.8523,-9.7239,0.0034,-41.77,8.2839,--,,,--,,,CORALIE07
56126.6381,-9.7260,0.0027,-39.33,8.3140,--,,,--,,,CORALIE07
56254.5258,-9.7089,0.0046,-51.30,8.2924,--,,,--,,,CORALIE07
56489.6841,-9.7121,0.0044,-49.03,8.2822,--,,,--,,,CORALIE07
56522.6732,-9.7177,0.0030,-46.43,8.3216,--,,,--,,,CORALIE07
56523.6497,-9.7111,0.0031,-40.83,8.3031,--,,,--,,,CORALIE07
56528.8065,-9.7060,0.0063,-37.82,8.3206,--,,,--,,,CORALIE07
56529.7613,-9.7261,0.0050,-56.32,8.2991,--,,,--,,,CORALIE07
56581.5430,-9.7380,0.0029,-39.56,8.2920,--,,,--,,,CORALIE07
56582.5672,-9.7302,0.0029,-42.99,8.2891,--,,,--,,,CORALIE07
56596.5973,-9.7218,0.0047,-46.02,8.2844,--,,,--,,,CORALIE07
56772.9107,-9.7578,0.0027,-47.06,8.3429,--,,,--,,,CORALIE07
56782.8849,-9.7582,0.0033,-38.55,8.3070,--,,,--,,,CORALIE07
56799.9007,-9.7454,0.0034,-45.57,8.3298,--,,,--,,,CORALIE07
56832.8230,-9.7570,0.0038,-36.24,8.3170,--,,,--,,,CORALIE07
56854.8623,-9.7650,0.0036,-40.08,8.3138,--,,,--,,,CORALIE07
56886.8242,-9.7771,0.0036,-34.67,8.3113,--,,,--,,,CORALIE07
56916.5569,-9.7589,0.0050,-43.26,8.2864,--,,,--,,,CORALIE07
56931.5655,-9.7876,0.0033,-46.79,8.3111,--,,,--,,,CORALIE07
56936.5210,-9.7692,0.0036,-41.94,8.2972,--,,,--,,,CORALIE07
56953.5724,-9.7712,0.0033,-40.94,8.2820,--,,,--,,,CORALIE07