5248.145727,-127.7,15.0,
7527.992273,108.5,15.8,
8148.066892,-35.7,14.9
5277.085340,-147.6,17.1,
7676.359815,-44.0,15.6,
8151.161235,-15.1,24.9
5844.338471,26.0,12.2,
7705.130424,-75.5,14.8,
8277.997266,-119.4,34.3
6288.274108,-90.4,12.1,
7758.056809,-99.4,17.3,
8290.984081,-19.0,19.3
6620.140717,61.2,13.2,
7820.021457,-40.1,13.4,
8370.312680,67.1,19.9
6740.035182,-145.2,13.8,
7856.096216,4.1,15.9,
8422.175121,66.6,17.6
6823.996642,-78.8,16.3,
7896.007832,75.7,16.6,
8451.303967,87.2,16.2
6972.300781,173.9,14.9,
8052.184820,44.9,13.2,
8473.010321,82.8,17.0
7066.236207,191.4,17.3,
8052.301831,30.4,13.3,
8516.003745,6.5,17.6
7302.298077,-109.4,12.4,
8092.172561,30.6,16.2,
8577.012946,89.0,15.1