,61692,26161,k,rk18.165,2450838.737442,-72.77,1.559108,88062.0,
,61693,26161,k,rk24.101,2451051.058634,-86.88,1.539787,82979.0,
,61694,26161,k,rk25.492,2451072.125683,-94.49,1.484096,168007.0,
,61695,26161,k,rk27.513,2451173.874074,-88.96,1.720188,141264.0,
,61696,26161,k,rk33.445,2451412.139421,-84.21,1.838141,57274.0,
,61697,26161,k,rk38.81,2451550.939479,-81.75,1.532452,76717.0,
,61698,26161,k,rk38.323,2451552.875,-83.58,1.816805,69281.0,
,61699,26161,k,rk46.222,2451884.001331,-75.50,1.954933,72826.0,
,61700,26161,k,rk47.599,2451901.044456,-75.92,1.660482,98762.0,
,61701,26161,k,rk57.57,2452188.117141,-77.98,1.72939,81572.0,
,61702,26161,k,rk67.298,2452536.980926,-86.68,1.85585,85856.0,
,61703,26161,k,rk76.283,2452850.124757,-76.00,1.734642,107192.0,
,61704,26161,k,rk80.462,2452989.846516,-74.07,1.775574,108250.0,
,61705,26161,j,rj02.204,2453302.032616,-69.68,1.836482,0.15,99720.0,
,61706,26161,j,rj23.1154,2453984.069317,-80.08,1.39975,0.148,89365.0,
,61707,26161,j,rj159.520,2456195.076932,-65.13,1.698187,0.154,23491.0,
,61708,26161,j,rj222.300,2457412.847576,-48.30,1.694172,0.1499,27598.0,
,61709,26161,j,rj224.114,2457422.9025,-45.87,1.798257,0.1507,27367.0,
,61710,26161,j,rj234.1018,2457598.131946,-51.10,1.993384,0.1518,23582.0,
,61711,26161,j,rj234.1623,2457601.139677,-45.49,1.89699,0.1459,22781.0,
,61712,26161,j,rj246.552,2457714.14535,-34.83,4.215455,0.1465,3473.0,
,61713,26161,j,rj248.282,2457760.784416,-34.46,1.935979,0.1515,24930.0,
,61714,26161,j,rj248.390,2457761.818157,-23.72,1.772956,0.1508,46190.0,
,61715,26161,j,rj265.302,2457965.129431,-30.90,1.809273,0.1525,23287.0,
,61716,26161,j,rj267.296,2457985.141872,-23.00,1.414207,0.1494,44850.0,
,61717,26161,j,rj268.136,2457989.143818,-34.43,1.718701,0.1522,44757.0,
,61718,26161,j,rj270.129,2458000.01209,-26.12,1.757803,0.1531,23201.0,
,61719,26161,j,rj278.488,2458113.855724,-13.06,2.034074,0.1525,23232.0,
,61720,26161,j,rj305.1040,2458390.123032,-15.65,1.79718,0.1507,23631.0,
,61721,26161,j,rj306.345,2458397.021385,5.93,1.81581,0.1512,23638.0,
,61722,26161,j,rj316.109,2458490.90421,7.20,2.079605,0.1499,23594.0,
,61723,26161,j,rj338.125,2458710.141873,15.47,1.763376,0.1507,24305.0,
,61724,26161,j,rj338.283,2458711.143783,22.08,1.734992,0.1481,23032.0,
,61725,26161,j,rj339.126,2458714.135512,16.96,1.746769,0.1487,23831.0,
,61726,26161,j,rj339.506,2458716.128179,17.38,1.879441,0.1492,23219.0,
,61727,26161,j,rj340.93,2458720.138297,25.64,1.763401,0.149,23897.0,
,61728,26161,j,rj341.133,2458723.137742,22.11,1.713091,0.1503,23619.0,
,61729,26161,j,rj341.316,2458724.09391,19.47,1.846805,0.1497,24671.0,
,61730,26161,j,rj342.70,2458733.076549,27.53,1.757167,0.1487,22886.0,
,61731,26161,j,rj344.199,2458743.998678,14.49,1.968467,0.1421,22851.0,
,61732,26161,j,rj345.136,2458747.070197,24.91,1.808304,0.1486,22614.0,
,61733,26161,j,rj347.98,2458774.91655,26.34,1.744747,0.1498,46525.0,
,61734,26161,j,rj348.83,2458776.92729,26.52,1.754289,0.1499,46306.0,
,61735,26161,j,rj351.98,2458794.863958,33.08,1.954931,0.1499,22519.0,
,61736,26161,j,rj351.790,2458797.947798,33.25,1.906218,0.1497,25488.0,
,61737,26161,j,rj353.95,2458809.062157,26.59,1.833813,0.1495,46693.0,
,61738,26161,j,rj358.499,2458845.891565,43.12,1.792122,0.1488,46070.0,
,61739,26161,j,rj363.276,2458879.766973,37.67,1.532546,0.15,46636.0,
,61740,26161,j,rj365.82,2458903.806304,46.55,1.706096,0.1517,46973.0,
,61741,26161,j,rj365.288,2458904.812814,41.95,1.684067,0.1518,47260.0,
,61742,26161,apf,rbmw.273,2458695.007676,-20.00,1.691734,14216.0,
,61743,26161,apf,rbmz.109,2458697.939824,-18.41,2.480152,5395.0,
,61744,26161,apf,rbnb.453,2458699.999413,-18.02,1.715346,12932.0,
,61745,26161,apf,rbnc.713,2458700.913023,-20.12,2.273746,6722.0,
,61746,26161,apf,rbne.200,2458702.909428,-13.28,2.17532,8303.0,
,61747,26161,apf,rbnj.233,2458707.997785,0.36,1.572482,11546.0,
,61748,26161,apf,rbnk.533,2458708.985758,-12.02,1.504158,12637.0,
,61749,26161,apf,rbnn.321,2458711.921252,-9.29,1.637835,10743.0,
,61750,26161,apf,rbno.615,2458712.922157,-3.92,1.550208,17038.0,
,61751,26161,apf,rbnp.916,2458713.871054,-8.30,2.116504,6757.0,
,61752,26161,apf,rbnr.335,2458715.959609,-11.31,1.367716,17691.0,
,61753,26161,apf,rbnw.637,2458720.844766,-11.13,2.433668,6200.0,
,61754,26161,apf,rbnx.133,2458721.893142,-9.72,1.703408,10421.0,
,61755,26161,apf,rbnz.563,2458723.929566,-7.61,1.738714,11339.0,
,61756,26161,apf,rboa.126,2458724.93692,-8.47,1.681836,9912.0,
,61757,26161,apf,rboc.722,2458726.839303,-12.04,1.988813,8187.0,
,61758,26161,apf,rbod.114,2458727.828357,-4.12,2.0633,7835.0,
,61759,26161,apf,rboh.432,2458731.91102,0.01,2.146223,7932.0,
,61760,26161,apf,rboi.735,2458732.919624,2.08,1.661094,12640.0,
,61761,26161,apf,rboj.148,2458733.81743,-8.26,1.742848,9286.0,
,61762,26161,apf,rbol.497,2458735.807238,-6.44,2.448184,3919.0,
,61763,26161,apf,rbon.894,2458737.800286,-9.34,2.297372,6731.0,
,61764,26161,apf,rbop.424,2458739.795741,-4.12,2.206628,5125.0,
,61765,26161,apf,rbot.587,2458743.804447,-6.10,2.641164,3884.0,
,61766,26161,apf,rbou.116,2458744.795024,-3.53,2.393725,4835.0,
,61767,26161,apf,rbox.187,2458747.958749,-5.84,1.573882,12568.0,
,61768,26161,apf,rboy.412,2458748.774841,3.08,1.910528,7200.0,
,61769,26161,apf,rboz.708,2458749.769953,-25.06,2.89904,3234.0,
,61770,26161,apf,rbpb.417,2458751.801347,-12.22,1.855269,10959.0,
,61771,26161,apf,rbpc.845,2458752.851542,-5.78,1.664187,11631.0,
,61772,26161,apf,rbpd.130,2458753.880798,-0.75,1.761974,9661.0,
,61773,26161,apf,rbpe.382,2458754.883893,-6.14,2.781354,3936.0,
,61774,26161,apf,rbpi.411,2458758.75285,-2.68,2.352408,5760.0,
,61775,26161,apf,rbpj.707,2458759.742849,-0.63,2.018135,8068.0,
,61776,26161,apf,rbpk.112,2458760.738531,-24.67,2.801956,3441.0,
,61777,26161,apf,rbpm.714,2458762.736814,-11.44,2.655897,4928.0,
,61778,26161,apf,rbpo.406,2458764.730023,0.16,2.169523,7306.0,
,61779,26161,apf,rbpp.723,2458765.729323,0.05,2.823152,4695.0,
,61780,26161,apf,rbps.400,2458768.731279,-2.31,2.380322,6101.0,
,61781,26161,apf,rbpz.102,2458775.710235,-6.65,3.150221,3278.0,
,61782,26161,apf,rbqc.070,2458779.000389,12.43,2.319444,6366.0,
,61783,26161,apf,rbqd.297,2458779.836619,-6.54,2.440627,5042.0,
,61784,26161,apf,rbqf.590,2458781.795618,-8.78,2.036408,8472.0,
,61785,26161,apf,rbqh.298,2458783.776778,-1.50,1.977853,9602.0,
,61786,26161,apf,rbqn.403,2458789.745722,3.76,2.016593,9923.0,
,61787,26161,apf,rbqo.703,2458790.767595,-3.31,1.733262,12982.0,
,61788,26161,apf,rbqp.089,2458791.659021,6.83,2.244101,8555.0,
,61789,26161,apf,rbqq.310,2458792.75837,-0.96,1.909647,9347.0,
,61790,26161,apf,rbqr.487,2458793.653427,8.35,2.279055,5635.0,
,61791,26161,apf,rbqs.789,2458794.680247,-3.43,2.047925,9117.0,
,61792,26161,apf,rbqu.394,2458796.729936,12.42,2.141965,10343.0,
,61793,26161,apf,rbqv.694,2458797.718555,-1.79,1.73642,15281.0,
,61794,26161,apf,rbqw.092,2458798.685413,-8.61,2.261704,7649.0,
,61795,26161,apf,rbqx.388,2458799.6511,5.11,2.16774,7716.0,
,61796,26161,apf,rbrb.492,2458803.783447,-2.06,2.348915,6134.0,
,61797,26161,apf,rbrc.789,2458804.69644,-8.36,2.97388,3901.0,
,61798,26161,apf,rbrd.087,2458805.64559,-1.95,2.224924,6683.0,
,61799,26161,apf,rbre.088,2458806.639091,1.07,2.00657,9267.0,
,61800,26161,apf,rbrg.593,2458808.62449,-12.25,3.357764,3035.0,
,61801,26161,apf,rbrh.085,2458809.772409,-1.15,2.293951,6838.0,
,61802,26161,apf,rbri.286,2458810.809016,8.78,1.901542,9968.0,
,61803,26161,apf,rbrj.594,2458811.731686,11.76,2.222348,7442.0,
,61804,26161,apf,rbrk.088,2458812.651588,9.07,2.14539,6711.0,
,61805,26161,apf,rbsf.292,2458833.899429,4.82,2.499586,4675.0,
,61806,26161,apf,rbsg.592,2458834.704057,0.04,2.13165,7113.0,
,61807,26161,apf,rbsj.490,2458837.764415,2.78,2.169945,6988.0,
,61808,26161,apf,rbsz.685,2458853.606036,15.98,2.912129,3309.0,
,61809,26161,apf,rbta.091,2458854.67229,14.71,2.122572,6218.0,
,61810,26161,apf,rbtf.291,2458859.678155,1.56,1.928994,10487.0,
,61811,26161,apf,rbtw.803,2458876.791517,15.56,2.582921,5037.0,
,61812,26161,apf,rbty.292,2458878.738129,14.79,2.141451,6894.0,
,61813,26161,apf,rbtz.595,2458879.711515,14.02,2.013265,7672.0,
,61814,26161,apf,rbua.092,2458880.724307,11.94,2.072378,7462.0,
,61815,26161,apf,rbub.386,2458881.660611,15.07,1.363066,23460.0,
,61816,26161,apf,rbuf.593,2458885.735087,12.03,1.710763,13687.0,
,61817,26161,apf,rbug.093,2458886.732946,8.56,1.47133,27832.0,
,61818,26161,apf,rbuh.387,2458887.68156,14.85,1.901505,13176.0,
,61819,26161,apf,rbui.689,2458888.857318,13.72,2.769921,4747.0,
,61820,26161,apf,rbul.491,2458891.793589,13.33,1.431883,31688.0,
,61821,26161,apf,rbuq.095,2458896.771255,13.79,1.84998,12027.0,
,61822,26161,apf,rbus.497,2458898.823971,12.69,1.813657,12271.0,
,61823,26161,apf,rbut.693,2458899.769491,16.28,1.743833,13874.0,
,61824,26161,apf,rbuu.090,2458900.734755,11.31,1.831427,9937.0,
,61825,26161,apf,rbvi.787,2458914.776129,19.35,2.27858,8574.0,