2452514.776,-94.06,1.67,Keck
2452535.743,-77.82,1.44,Keck
2452539.855,-75.31,1.60,Keck
2452572.741,-67.28,1.66,Keck
2452573.807,-58.06,1.52,Keck
2452803.958,-11.06,1.52,Keck
2452834.956,-13.53,1.59,Keck
2452898.774,-1.40,1.40,Keck
2453195.875,46.32,1.75,Keck
2453551.999,-62.85,1.01,Keck
2453961.924,-8.77,1.39,Keck
2454689.041,-53.56,1.50,Keck
2454805.722,-90.02,1.07,Keck
2455043.779,-35.56,1.36,Keck
2455379.060,33.11,1.21,Keck
2455545.683,59.22,1.57,Keck
2455635.155,84.38,1.30,Keck
2455704.082,90.71,1.27,Keck
2455726.994,87.99,1.22,Keck
2455763.786,64.98,1.15,Keck
2455782.838,47.44,1.24,Keck
2455798.734,21.51,1.11,Keck
2455841.882,-68.08,1.24,Keck
2455880.787,-90.29,1.26,Keck
2455904.695,-92.25,1.14,Keck
2456019.147,-63.99,1.36,Keck
2456098.124,-45.35,1.21,Keck
2456175.801,-35.88,1.32,Keck
2456477.085,21.08,1.34,Keck
2456613.767,46.92,1.28,Keck
2456637.693,54.07,1.08,Keck
2456892.060,82.70,1.24,Keck
2457210.136,-59.57,1.42,Keck
2452514.77623,-72.56,1.69,0.1365,-1.00000,87592,88
2452535.74338,-61.72,1.69,0.1333,-1.00000,88929,77
2452539.85496,-59.80,1.71,0.1313,-1.00000,90206,95
2452572.74103,-50.15,1.88,0.1250,-1.00000,97900,143
2452573.80676,-47.52,1.67,0.1169,-1.00000,99996,139
2452803.95804,5.64,1.76,0.1145,-1.00000,100203,102
2452834.95642,0.00,1.76,0.1216,-1.00000,99775,95
2452898.77448,14.31,1.50,0.1094,-1.00000,115274,132
2453195.87471,63.70,1.93,0.1330,-1.00000,53045,60
2453551.99899,-46.40,1.45,0.1264,0.03046,102910,108
2453961.92389,8.20,2.13,0.1232,0.03048,29489,39
2454689.04089,-35.83,2.14,0.1316,0.03062,22055,33
2454805.72200,-70.98,1.75,0.1319,0.03057,44947,67
2455043.77499,-9.80,1.86,0.1321,0.03050,47528,78
2455379.05693,48.66,1.78,0.1349,0.03040,50058,55
2455545.68591,82.84,1.89,0.0963,0.03023,24188,66
2455635.15764,104.02,1.72,0.1223,0.03032,50012,79
2455704.08095,109.22,1.67,0.1266,0.03047,51350,57
2455726.99119,104.05,1.90,0.1281,0.03038,49288,56
2455763.78222,84.76,1.74,0.1366,0.03046,49363,74
2455782.83380,63.14,1.79,0.1338,0.03033,49637,69
2455798.72990,30.35,1.62,0.1316,0.03047,49576,46
2455841.88054,-49.37,1.72,0.1145,0.03034,48226,122
2455880.78795,-67.78,1.59,0.1528,0.03054,49871,71
2455904.69742,-73.94,1.68,0.1351,0.03050,50164,52
2456019.14941,-40.18,1.79,0.1028,0.03019,47990,98
2456098.12067,-22.80,1.70,0.1313,0.03041,50031,71
2456175.79727,-19.46,1.74,0.1381,0.03059,50048,131
2456477.08132,38.42,1.63,0.1342,0.03033,49355,57
2456613.76821,73.97,1.74,0.1371,0.03043,49430,71
2456637.69572,73.11,1.59,0.1326,0.03051,50245,80
2450652.5558,-50178,7,1
2450655.5414,-50179,8,1
2450657.5664,-50169,7,1
2451034.5097,-50110,8,1
2451037.4670,-50094,8,1
2451058.3993,-50109,7,1
2451118.2866,-50101,8,1
2451359.5657,-50275,8,1
2451391.5174,-50267,8,1
2451422.4512,-50271,9,1
2451423.4231,-50260,9,1
2451439.4051,-50257,10,1
2451466.3360,-50255,8,1
2451507.3066,-50239,9,1
2451510.2703,-50241,8,1
2451542.2333,-50215,11,1
2451543.2354,-50240,9,1
2451690.5953,-50194,8,1
2451693.5757,-50184,8,1
2451722.5837,-50175,9,1
2451727.5937,-50189,8,1
2451754.5222,-50175,11,1
2451780.4666,-50157,10,1
2451783.4688,-50166,10,1
2451802.4104,-50188,8,1
2451803.3935,-50177,8,1
2451836.3671,-50173,8,1
2451853.2656,-50171,8,1
2451900.2585,-50165,14,1
2451906.2431,-50151,10,1
2452074.5957,-50133,8,1
2452080.5503,-50128,7,1
2452081.5827,-50128,8,1
2452111.5162,-50128,9,1
2452116.4972,-50106,9,1
2452136.4752,-50108,8,1
2452158.4543,-50114,10,1
2452161.3028,-50110,8,1
2452164.3229,-50105,10,1
2452194.3634,-50106,7,1
2452196.3688,-50088,8,1
2452216.3246,-50095,8,1
2452220.3234,-50094,11,1
2452220.3366,-50098,13,1
2452247.2426,-50096,9,1
2452251.2638,-50109,9,1
2452458.5758,-50289,9,1
2452482.5438,-50269,8,1
2452532.3720,-50269,8,1
2452533.4005,-50268,9,1
2452598.2425,-50265,8,1