4112.805,-166.6,10.5,
4316.480,91.8,8.2
4113.784,-171.2,8.0,
4492.899,120.5,9.4
4120.857,-111.7,7.4,
4495.852,106.0,7.3
4120.861,-112.5,7.9,
5260.801,53.7,7.2
4159.903,-15.0,8.3,
5262.783,42.7,5.0
4161.809,-5.6,9.5,
5309.667,40.9,11.4
4216.540,-74.1,7.2,
5356.570,156.1,7.8
4217.765,-64.0,8.9,
5586.890,-13.0,5.0
4217.770,-64.7,8.8,
5615.805,-10.1,9.2
4309.474,79.8,9.4,
5615.895,1.0,8.4
4309.479,85.6,9.3,
5630.733,-22.2,7.8
4312.487,93.6,9.4,
5672.706,-134.2,7.1
4313.560,73.9,11.2,
4235.759,38.1,0.3,
4891.766,-12.2,0.2
4560.834,364.5,0.3,
4931.641,20.2,0.2
4594.768,289.4,0.4,
5918.873,-19.2,0.2
4595.565,284.6,0.3,
5934.864,-28.9,0.2
4596.735,287.5,0.4,
5935.844,-15.5,0.2
4622.599,189.3,0.3,
5936.861,-16.4,0.2
4623.663,204.5,0.4,
5937.861,-15.6,0.2
4684.471,272.4,0.2,
5938.860,-37.8,0.2
4685.514,247.0,0.3,
