,70475,40979,k,rk58.269,2452220.10566,-83.33,2.298026,79511.0,
,70476,40979,k,rk59.89,2452235.966667,-96.15,2.082093,102933.0,
,70477,40979,k,rk59.378,2452237.903218,-90.19,1.833378,100831.0,
,70478,40979,k,rk59.490,2452238.908171,-96.01,1.999935,91123.0,
,70479,40979,k,rk59.580,2452243.002685,-91.28,2.094089,92885.0,
,70480,40979,k,rk60.83,2452307.858565,14.92,2.27211,80522.0,
,70481,40979,k,rk61.236,2452334.814687,92.62,2.317426,84205.0,
,70482,40979,k,rk67.147,2452536.130914,-74.84,2.333855,84482.0,
,70483,40979,k,rk67.332,2452537.090648,-73.93,2.222318,86922.0,
,70484,40979,k,rk67.502,2452538.048924,-63.49,2.400835,84558.0,
,70485,40979,k,rk68.91,2452573.065185,44.45,2.084534,103308.0,
,70486,40979,k,rk68.280,2452574.002083,35.43,2.028538,95281.0,
,70487,40979,k,rk68.482,2452575.005127,39.78,1.772993,96563.0,
,70488,40979,k,rk68.685,2452576.029769,39.34,2.075543,94086.0,
,70489,40979,k,rk69.108,2452601.002928,175.37,2.214958,97156.0,
,70490,40979,k,rk69.307,2452602.044583,138.03,2.008253,110181.0,
,70491,40979,k,rk70.64,2452651.870185,80.90,2.216865,108904.0,
,70492,40979,k,rk72.43,2452711.751759,-89.09,2.580562,82436.0,
,70493,40979,k,rk72.230,2452712.808947,-40.91,2.426704,92675.0,
,70494,40979,k,rk79.187,2452925.044514,56.20,1.89163,102456.0,
,70495,40979,k,rk84.71,2453071.825914,-66.31,2.090736,96424.0,
,70496,40979,j,rj02.596,2453303.018044,-71.83,1.523706,0.233,101744.0,
,70497,40979,j,rj03.199,2453338.85441,-66.57,1.958323,0.219,94910.0,
,70498,40979,j,rj03.608,2453340.104572,-29.02,1.897993,0.222,100039.0,
,70499,40979,j,rj04.429,2453368.894583,42.85,1.675143,0.231,96520.0,
,70500,40979,j,rj15.202,2453747.010278,-19.70,1.727998,0.231,95102.0,
,70501,40979,j,rj77.1111,2455111.036657,-117.86,2.441526,0.235,18693.0,
,70502,40979,j,rj97.3063,2455440.126016,-73.19,1.596287,0.22,44576.0,
,70503,40979,j,rj106.588,2455523.047989,128.41,1.991724,0.229,47215.0,
,70504,40979,j,rj146.670,2455994.868714,-62.26,2.500662,0.221,20480.0,
,70505,40979,j,rj157.321,2456165.124029,-46.63,1.673472,0.228,46752.0,
,70506,40979,j,rj182.192,2456585.156458,121.11,1.724816,0.234,46669.0,
,70507,40979,j,rj183.201,2456588.061212,128.17,1.73101,0.226,47706.0,
,70508,40979,j,rj185.818,2456639.907868,64.29,1.925373,0.2354,44763.0,
,70509,40979,j,rj194.563,2456909.148324,67.84,1.616844,0.241,45548.0,
,70510,40979,j,rj213.169,2457291.14812,-44.73,1.723223,0.2293,46308.0,
,70511,40979,j,rj213.278,2457294.14746,-74.43,1.541138,0.2421,45594.0,
,70512,40979,j,rj240.148,2457652.144439,132.45,1.548585,0.2242,46499.0,
,70513,40979,j,rj249.482,2457765.867286,-53.42,1.981019,0.2357,45154.0,
,70514,40979,j,rj274.149,2458029.155883,-43.71,2.079117,0.2299,24125.0,
,70515,40979,j,rj302.120,2458364.143604,-87.98,1.569899,0.2246,50241.0,
,70516,40979,j,rj315.96,2458479.085032,91.86,1.981433,0.2256,47427.0,
,70517,40979,j,rj350.140,2458788.158418,-13.23,1.81325,0.2269,48171.0,
,70518,40979,lick,rb66.33,2450831.771484,3.72,16.680326,4329.0,
,70519,40979,lick,rb81.111,2451175.952148,-32.85,15.701346,6058.0,
,70520,40979,lick,rd26.19,2451859.976562,97.25,10.928886,20661.0,
,70521,40979,lick,rd26.67,2451860.944336,74.72,11.26686,19574.0,
,70522,40979,lick,rd43.10,2451998.701172,-41.87,13.625404,7718.0,
,70523,40979,lick,rd43.71,2452000.654297,-52.79,12.278943,9411.0,
,70524,40979,lick,rd43.72,2452000.682617,-23.70,14.432414,7937.0,
,70525,40979,lick,rd43.105,2452001.657227,-26.49,17.712587,6390.0,
,70526,40979,lick,rd43.106,2452001.692383,-4.68,14.951873,7736.0,
,70527,40979,lick,rd44.11,2452028.673828,-4.29,16.383469,6325.0,
,70528,40979,lick,rd45.12,2452033.665039,27.15,8.603354,31281.0,
,70529,40979,lick,rd45.13,2452033.675781,34.45,9.572167,24576.0,
,70530,40979,lick,rd46.11,2452040.676758,53.18,8.902253,59705.0,
,70531,40979,lick,rd46.63,2452041.671875,58.54,15.265028,6498.0,
,70532,40979,lick,rd46.64,2452041.68457,35.40,20.88131,4559.0,
,70533,40979,lick,rd59.55,2452158.027344,32.54,11.885527,16200.0,
,70534,40979,lick,rd59.186,2452160.030273,7.87,8.991361,42039.0,
,70535,40979,lick,rd59.254,2452161.029297,38.50,9.011579,36167.0,
,70536,40979,lick,rd59.320,2452162.02456,14.40,9.815536,50992.0,
,70537,40979,lick,rd65.99,2452202.013672,7.62,12.490897,9048.0,
,70538,40979,lick,rd65.100,2452202.042969,-24.09,12.538435,9517.0,
,70539,40979,lick,rd66.28,2452203.011719,-20.57,15.085417,8694.0,
,70540,40979,lick,rd66.29,2452203.041016,-53.01,19.88847,4526.0,
,70541,40979,lick,rd66.71,2452203.977539,-22.80,14.229606,9521.0,
,70542,40979,lick,rd66.72,2452204.006836,-25.56,13.336825,8260.0,
,70543,40979,lick,rd66.115,2452205.026367,-58.13,15.442018,6246.0,
,70544,40979,lick,rd66.116,2452205.055664,-85.06,16.613592,5997.0,
,70545,40979,lick,rd70.24,2452217.956055,-66.54,11.931574,9021.0,
,70546,40979,lick,rd70.25,2452217.985352,-57.54,12.480155,9368.0,
,70547,40979,lick,rd70.26,2452218.015625,-76.34,13.500724,9032.0,
,70548,40979,lick,rd71.26,2452218.90918,-47.93,13.579313,8205.0,
,70549,40979,lick,rd71.27,2452218.939453,-38.26,15.904766,8915.0,
,70550,40979,lick,rd71.93,2452220.989258,-99.20,14.307545,7613.0,
,70551,40979,lick,rd71.94,2452221.020508,-47.97,14.255763,7481.0,
,70552,40979,lick,rd71.134,2452221.939453,-43.73,14.587276,7808.0,
,70553,40979,lick,rd71.135,2452221.96875,-46.29,13.507985,8439.0,
,70554,40979,lick,rd71.136,2452221.999023,-29.22,15.43967,7612.0,
,70555,40979,lick,rd77.23,2452267.835938,-20.56,7.982335,53284.0,
,70556,40979,lick,rd77.24,2452267.855469,-29.75,8.316213,46101.0,
,70557,40979,lick,rd78.109,2452281.923828,-12.59,19.68002,5269.0,
,70558,40979,lick,rd78.110,2452281.953125,-28.37,17.91148,6315.0,
,70559,40979,lick,rd78.138,2452282.931641,-47.86,17.658546,4814.0,
,70560,40979,lick,rd78.139,2452282.961914,-26.74,25.244577,3488.0,
,70561,40979,lick,rd79.13,2452285.916992,-22.96,19.23864,4521.0,
,70562,40979,lick,rd79.14,2452285.943359,-13.81,17.932375,5613.0,
,70563,40979,lick,rd79.66,2452287.853516,-72.11,20.030584,4584.0,
,70564,40979,lick,rd79.67,2452287.881836,-52.73,20.021341,5480.0,
,70565,40979,lick,rd79.68,2452287.912109,-65.96,20.869905,4247.0,
,70566,40979,lick,rd81.44,2452299.707031,50.32,11.072629,15828.0,
,70567,40979,lick,rd84.88,2452316.732422,88.25,12.80752,7235.0,
,70568,40979,lick,rd84.89,2452316.762695,85.32,14.9914,7329.0,
,70569,40979,lick,rd84.90,2452316.792969,102.11,18.364233,4235.0,
,70570,40979,lick,rd85.3,2452333.695312,153.29,8.677612,36312.0,
,70571,40979,lick,rd85.61,2452334.666016,140.78,10.210808,28531.0,
,70572,40979,lick,rd86.14,2452335.673828,108.03,10.080153,22513.0,
,70573,40979,lick,rd88.11,2452345.689453,191.80,16.54965,5774.0,
,70574,40979,lick,rd88.12,2452345.71582,148.19,16.019049,6307.0,
,70575,40979,lick,rd89.11,2452348.643555,146.53,13.853942,8431.0,
,70576,40979,lick,rd89.12,2452348.674805,154.31,14.565311,6416.0,
,70577,40979,lick,rf15.51,2452534.992188,-16.39,9.031004,37668.0,
,70578,40979,lick,rf15.52,2452535.003906,-26.75,9.644054,33890.0,
,70579,40979,lick,rf53.25,2453008.826172,-23.12,8.790277,16954.0,
,70580,40979,lick,rf59.6,2453068.666992,-47.14,10.04152,13272.0,
,70581,40979,lick,rf90.138,2453281.983398,-32.37,8.225607,39130.0,
,70582,40979,lick,rg60.278,2453989.00566,62.80,10.760856,24782.0,
,70583,40979,lick,rg70.210,2454099.891296,-51.97,9.658702,17502.0,
,70584,40979,lick,ri13.158,2454548.680637,30.62,8.528851,27190.0,
,70585,40979,lick,ri36.283,2454786.01213,41.49,10.216584,15061.0,
,70586,40979,lick,ri36.284,2454786.024213,32.56,11.048197,12481.0,
,70587,40979,lick,ri54.318,2455167.873148,-47.20,13.83952,13911.0,
,70588,40979,lick,ri54.319,2455167.882269,-36.25,14.131327,14441.0,
,70589,40979,lick,ri54.320,2455167.891574,-25.77,13.705944,13203.0,
,70590,40979,lick,ri54.321,2455167.900324,-45.91,14.217868,14121.0,
,70591,40979,lick,ri54.322,2455167.908241,-55.39,13.929005,14494.0,
,70592,40979,lick,ri54.501,2455168.849352,-76.90,16.061779,8142.0,
,70593,40979,lick,ri54.502,2455168.857477,-74.06,12.58019,8264.0,
,70594,40979,lick,ri54.503,2455168.865868,-75.11,14.34444,8153.0,
,70595,40979,lick,ri54.504,2455168.874873,-40.77,14.76096,7922.0,
,70596,40979,lick,ri54.505,2455168.883889,-30.49,14.472334,7684.0,