2455785.74573,30.19,0.91,0.227,
2458717.64622,47.90,0.79,0.212
2455787.83202,30.82,0.96,0.186,
2458738.67411,48.70,0.89,0.203
2455787.83472,31.86,0.95,0.187,
2458738.67807,47.74,0.92,0.201
2455790.76822,32.10,1.04,0.257,
2458744.68167,49.47,1.10,0.267
2455790.77201,29.42,1.02,0.255,
2458744.68998,46.72,1.15,0.251
2455793.79756,29.46,0.93,0.246,
2459153.66133,29.66,0.79,0.222
2455796.77370,28.75,1.03,0.246,
2459153.66421,30.49,0.81,0.232
2455796.77832,29.11,1.19,0.263,
2459153.66720,30.10,0.81,0.224
2456139.75501,23.85,1.06,0.248,
2459363.89612,24.41,0.94,0.211
2456175.76174,26.57,1.04,0.262,
2459363.89946,24.76,0.92,0.223
2456176.72566,28.48,1.03,0.234,
2459447.69813,14.24,0.83,0.214
2456501.82731,14.66,0.96,0.239,
2459447.70012,15.71,0.87,0.205
2456550.66118,18.60,0.92,0.249,
2459447.70211,15.95,0.82,0.205
2456552.67848,17.30,1.10,0.240,
2459447.70413,16.88,0.81,0.212
2456604.60810,14.66,0.79,0.241,
2459507.67315,12.93,0.89,0.203
2456607.58228,10.50,1.02,0.237,
2459507.67574,11.37,0.79,0.211
2456818.94017,8.20,0.99,0.231,
2459507.67833,11.76,0.87,0.208
2456867.83024,11.15,1.01,0.214,
2459748.92057,3.25,0.97,0.227
2456871.77590,11.73,0.87,0.220,
2459748.92316,3.14,0.91,0.227
2457260.79250,0.00,0.88,0.246,
2459748.92580,4.47,0.88,0.227
2457319.66988,1.44,0.90,0.235,
2459829.72691,0.71,0.97,0.223
2457326.61668,2.51,0.88,0.233,
2459829.72941,1.13,0.94,0.221
2457536.93357,6.80,1.09,0.244,
2459829.73202,1.42,0.95,0.225
2457555.92679,7.15,0.90,0.228,
2459861.65634,0.18,0.86,0.214
2457616.77039,10.82,0.87,0.212,
2459861.65892,1.42,0.81,0.214
2457619.78799,8.38,1.11,0.342,
2459861.66147,0.91,0.94,0.227
2457737.54332,12.65,0.88,0.218,
2459890.54516,4.26,0.92,0.240
2458271.85419,44.44,0.90,0.210,
2459890.55021,3.55,0.94,0.236
2458293.88374,39.93,0.81,0.204,
2460124.93080,7.41,0.88,0.223
2458675.82705,47.65,0.89,0.220,
2460124.93330,9.37,0.92,0.218
2458675.83079,47.53,0.98,0.226,
2460124.93589,7.52,0.80,0.215
2458675.83326,47.09,0.92,0.227,