2455268.9086205,-22.1,9.0,
2454248.6023117,16.75,1.66
2455269.8196218,-34.1,9.0,
2454248.6108994,21.79,1.69
2455349.6784180,-16.1,9.0,
2454248.6176931,17.99,0.69
2455350.6814856,14.9,9.0,
2454367.5031968,-31.24,0.66
2455351.6612024,-4.1,9.0,
2454369.5091063,-37.97,2.49
2455352.6667444,-6.1,9.0,
2454577.6158842,35.96,0.48
2455609.8365887,-27.1,14.0,
2454578.5680249,35.50,0.52
2455611.8334577,-13.1,9.0,
2454581.7357981,41.67,0.47
2455699.7015878,9.9,9.0,
2455271.8690903,-23.11,0.36
2455967.8551252,27.9,9.0,
2455649.7321937,-6.46,0.46
2455968.8240257,39.9,9.0,
2455650.7148680,-6.51,0.49
2455970.8305273,20.9,9.0,
2455651.7295683,-7.26,0.50
2455971.7742759,31.9,9.0,
2455786.4827996,50.87,0.51
2455972.8507044,46.9,9.0,
2455787.4566297,49.97,0.36
2456034.8259987,11.9,9.0,
2455992.7730262,9.21,0.39
2456037.8192588,27.9,9.0,
2455993.7048066,9.29,0.52
2456160.4758000,-6.1,9.0,
2456063.6469346,34.67,0.78
2456164.4757457,-9.1,9.0,
2456064.6145915,35.94,0.45
2456381.7122851,15.9,9.0,
2456065.6564584,36.26,0.43
2456463.5427541,-23.1,9.0,
2456183.4873901,-31.26,0.60
2456464.6240954,-35.1,9.0,
2456442.6772101,-46.63,0.46
2456465.6419917,-45.1,9.0,
2456443.6828424,-46.21,0.77
2456467.5931893,-26.1,16.0,
2456444.6629996,-45.18,0.91
2456467.6621264,-24.1,9.0,
2456450.4938930,-40.30,0.62
2456676.8044908,19.8,9.0,
2456462.6290393,-36.01,0.54
2456734.7225188,-35.2,10.0,
2456463.5862333,-35.50,0.80
2456752.8173417,-30.2,12.0,
2456562.4755850,-3.37,0.56
2456823.7074373,1.8,14.0,,,
2456825.7157702,6.8,12.0,,,
2456881.5522933,4.8,12.0,,,
2456882.5702439,20.8,15.0,,,
