2455268.5536332,11.4,9.0,
2456442.5125503,-21.04,1.51
2455269.5471815,0.4,9.0,
2456444.4892384,-17.13,1.66
2455270.5544347,4.4,9.0,
2456562.9026514,12.99,1.46
2456034.5316938,-45.6,9.0,
2456563.8260976,13.44,1.51
2456037.5405384,-31.6,9.0,
2456563.9098232,11.72,2.07
2456307.7270563,-32.6,9.0,
2456308.7455901,-18.6,9.0,
2456675.7326419,47.4,16.0,
2456675.7405950,64.4,17.0,
2456735.5968024,45.0,12.0,
2456736.6337750,33.0,14.0,
2456752.5562350,38.0,13.0,
2456754.5693098,53.0,15.0,
2456823.4935737,33.0,15.0,
2456825.4656166,8.0,12.0,
2457075.6564372,-43.1,14.0,
2457318.8514672,-19.1,14.0,