3899.050803,-378.0,13.6,
5171.382920,-284.0,17.0,
7475.036828,-58.5,16.1
3899.056115,-377.4,13.2,
5248.204644,-244.5,15.3,
7525.054240,-239.1,15.7
4147.311993,28.3,15.8,
5356.997152,-352.5,14.1,
8092.335474,-160.6,16.3
4458.417618,-225.9,15.6,
5554.376531,230.7,20.2,
8234.081431,218.5,15.3
4470.414622,-268.3,16.2,
5672.153955,5.2,17.5,
9330.050431,241.2,21.4
4505.242519,-230.4,16.4,
6024.231099,77.0,16.7,
9330.967062,350.6,15.5
4516.268428,184.5,16.0,
7429.173250,183.4,19.7,
9330.048695,288.8,104.6
4537.175405,261.5,15.5,
7429.177313,158.5,18.6,
9552.332309,6.7,15.0
4619.020239,280.3,15.4,
7429.181283,183.6,20.5,
9552.332309,9.2,14.1
4847.385270,-227.5,14.8,
7469.122485,147.4,16.6,
9552.332309,-4.5,13.4
4930.153182,-131.5,15.4,
7469.125471,145.5,15.7,
9561.378265,-32.8,16.5
4971.051757,75.2,16.6,
7469.129730,139.4,14.5,,