5455.3263,-81.0,12.6,
6808.0381,95.8,15.8
5842.1888,-89.3,12.4,
6922.0962,-22.3,13.9
5933.0289,-3.8,13.8,
6965.2304,65.0,13.8
5961.9263,-113.9,14.5,
6975.1407,91.3,13.3
6259.0790,3.4,10.1,
7024.8943,-147.6,14.2
6286.0988,118.0,15.3,
7065.9045,-12.1,16.4
6288.1424,127.8,12.4,
7065.9214,-45.3,17.2
6551.1848,29.0,14.1,
7066.9422,-47.8,14.0
6578.2328,22.6,15.3,
7068.0982,-15.1,16.0
6616.9759,-100.0,10.9,
7084.0117,57.5,18.5
6620.1065,-99.2,16.3,
7084.0261,55.5,15.0
6679.2195,76.2,15.8,
7090.9466,64.3,16.4
6711.3220,53.5,13.4,
7111.0923,42.3,22.4
6738.9917,-75.6,14.6,
7147.9716,-50.6,18.7