31889,168443,k,rk5.106,2450276.9089,-221.44,1.730886,70155.0,
,31890,168443,k,rk12.95,2450603.01184,54.39,1.015096,156197.0,
,31891,168443,k,rk13.8,2450665.867812,18.53,1.240871,157474.0,
,31892,168443,k,rk15.13,2450713.737697,14.84,1.144994,162702.0,
,31893,168443,k,rk15.69,2450714.766493,16.47,1.134239,182471.0,
,31894,168443,k,rk20.72,2450955.010394,82.29,1.122057,172848.0,
,31895,168443,k,rk20.174,2450955.958623,82.73,1.021244,143632.0,
,31896,168443,k,rk20.286,2450957.071053,83.18,1.049565,116393.0,
,31897,168443,k,rk21.36,2450981.880116,-480.83,1.011603,151058.0,
,31898,168443,k,rk21.86,2450982.891319,-404.53,1.099412,175381.0,
,31899,168443,k,rk21.120,2450983.076898,-384.70,1.097499,139843.0,
,31900,168443,k,rk21.169,2450983.822315,-332.54,1.164184,80912.0,
,31901,168443,k,rk21.216,2450984.061377,-319.78,1.13819,89331.0,
,31902,168443,k,rk22.29,2451009.870093,109.89,1.335859,132125.0,
,31903,168443,k,rk22.71,2451010.059942,112.79,0.931724,104354.0,
,31904,168443,k,rk22.120,2451010.848252,111.79,1.383139,68000.0,
,31905,168443,k,rk22.121,2451010.856505,100.20,2.20799,18413.0,
,31906,168443,k,rk22.163,2451011.860775,113.05,1.370261,95381.0,
,31907,168443,k,rk22.307,2451012.954132,107.04,1.138822,99567.0,
,31908,168443,k,rk22.343,2451013.065602,108.75,1.208866,85761.0,
,31909,168443,k,rk22.344,2451013.069757,107.65,1.123591,80190.0,
,31910,168443,k,rk22.392,2451013.827905,103.55,1.153953,193379.0,
,31911,168443,k,rk22.418,2451013.929826,103.19,1.195009,96842.0,
,31912,168443,k,rk23.7,2451042.955567,-239.02,1.085222,167605.0,
,31913,168443,k,rk23.72,2451043.956019,-188.47,1.188803,144567.0,
,31914,168443,k,rk24.34,2451050.814062,10.18,1.263811,154229.0,
,31915,168443,k,rk25.28,2451068.770417,142.07,1.079647,145140.0,
,31916,168443,k,rk25.147,2451069.785961,148.72,1.088796,133142.0,
,31917,168443,k,rk25.278,2451070.798067,140.66,1.086178,123342.0,
,31918,168443,k,rk25.409,2451071.769977,138.84,1.113567,142455.0,
,31919,168443,k,rk25.541,2451072.762708,135.62,1.260334,118010.0,
,31920,168443,k,rk26.808,2451074.785139,126.93,1.091473,86346.0,
,31921,168443,k,rk29.234,2451228.161111,179.67,1.067544,121402.0,
,31922,168443,k,rk29.348,2451229.149421,183.48,1.315745,75837.0,
,31923,168443,k,rk30.70,2451311.041736,239.20,1.273959,169263.0,
,31924,168443,k,rk30.164,2451312.077569,225.52,1.233606,135296.0,
,31925,168443,k,rk30.268,2451313.075891,212.54,1.182724,136378.0,
,31926,168443,k,rk30.373,2451314.086991,191.28,1.203954,139086.0,
,31927,168443,k,rk31.79,2451341.026609,197.52,1.11465,90571.0,
,31928,168443,k,rk31.132,2451341.90588,217.57,1.034736,148301.0,
,31929,168443,k,rk31.254,2451342.971435,230.15,1.202874,87633.0,
,31930,168443,k,rk32.40,2451367.860648,302.16,1.300906,61932.0,
,31931,168443,k,rk32.159,2451368.843137,293.05,1.402826,63887.0,
,31932,168443,k,rk32.373,2451370.011505,276.69,1.137788,79565.0,
,31933,168443,k,rk32.481,2451370.916111,260.08,1.058964,400520.0,
,31934,168443,k,rk32.482,2451370.921019,257.99,1.020226,125338.0,
,31935,168443,k,rk32.646,2451371.910243,240.98,1.105232,94868.0,
,31936,168443,k,rk32.836,2451372.878113,219.04,1.164066,76003.0,
,31937,168443,k,rk32.1007,2451373.794965,193.16,1.438338,57524.0,
,31938,168443,k,rk33.63,2451409.850046,364.13,1.143566,104814.0,
,31939,168443,k,rk33.209,2451410.845845,366.39,1.294251,92811.0,
,31940,168443,k,rk33.338,2451411.846412,376.56,1.20717,77655.0,
,31941,168443,k,rk35.22,2451438.738079,-194.96,1.19428,91723.0,
,31942,168443,k,rk35.122,2451439.730567,-326.72,1.17566,95364.0,
,31943,168443,k,rk35.221,2451440.718299,-439.83,1.21503,75840.0,
,31944,168443,k,rk35.325,2451441.739965,-528.85,1.20338,70222.0,
,31945,168443,k,rk40.45,2451679.048009,-21.94,1.087604,89769.0,
,31946,168443,k,rk40.160,2451680.071806,67.58,1.294447,87599.0,
,31947,168443,k,rk41.51,2451703.017593,576.54,1.19146,94334.0,
,31948,168443,k,rk41.145,2451703.988403,576.75,1.172226,88496.0,
,31949,168443,k,rk41.265,2451705.038993,581.31,1.274914,84761.0,
,31950,168443,k,rk41.436,2451705.958461,587.32,1.299779,93961.0,
,31951,168443,k,rk41.657,2451707.08125,590.62,1.198425,96168.0,
,31952,168443,k,rk43.36,2451754.858831,561.00,1.662258,32266.0,
,31953,168443,k,rk43.172,2451755.909861,577.37,1.063118,108719.0,
,31954,168443,k,rk45.20,2451792.74647,-248.45,1.409429,66687.0,
,31955,168443,k,rk45.21,2451792.748819,-252.75,1.46208,67841.0,
,31956,168443,k,rk45.105,2451793.800081,-135.24,1.246137,71236.0,
,31957,168443,k,rk46.20,2451882.68169,585.47,1.308606,69613.0,
,31958,168443,k,rk46.21,2451882.684676,582.57,1.184315,74194.0,
,31959,168443,k,rk46.157,2451883.681134,586.25,1.513002,60284.0,
,31960,168443,k,rk46.158,2451883.683484,586.11,1.048111,66728.0,
,31961,168443,k,rk49.162,2451983.158854,420.93,1.011729,104451.0,
,31962,168443,k,rk49.270,2451984.153958,423.84,1.353982,104068.0,
,31963,168443,k,rk50.199,2452004.123171,444.86,1.325928,106732.0,
,31964,168443,k,rk51.9,2452005.147373,440.07,1.37471,97154.0,
,31965,168443,k,rk51.158,2452007.133808,417.66,1.164722,96793.0,
,31966,168443,k,rk51.285,2452008.035972,399.00,1.374954,94499.0,
,31967,168443,k,rk51.445,2452009.104907,382.02,1.244472,104462.0,
,31968,168443,k,rk52.33,2452030.981956,59.89,1.2565,107303.0,
,31969,168443,k,rk53.43,2452061.949688,366.17,1.369704,97343.0,
,31970,168443,k,rk53.172,2452062.960336,347.17,1.54033,86834.0,
,31971,168443,k,rk54.61,2452094.886343,166.23,1.403772,72026.0,
,31972,168443,k,rk54.340,2452096.9336,197.96,1.522318,70743.0,
,31973,168443,k,rk54.468,2452098.01419,214.82,1.379089,88010.0,
,31974,168443,k,rk54.676,2452099.022685,233.50,1.335997,88928.0,
,31975,168443,k,rk54.855,2452099.933194,235.33,1.231902,78820.0,
,31976,168443,k,rk54.1078,2452100.943877,246.38,1.411255,81003.0,
,31977,168443,k,rk54.1263,2452101.885104,259.57,1.424159,82896.0,
,31978,168443,k,rk55.46,2452127.863472,145.74,1.513097,84863.0,
,31979,168443,k,rk55.231,2452128.794028,118.42,1.229983,86255.0,
,31980,168443,k,rk55.526,2452133.786713,-122.76,1.533375,83472.0,
,31981,168443,k,rk56.41,2452160.806991,166.97,1.479621,85126.0,
,31982,168443,k,rk57.188,2452189.76875,-68.93,1.428958,84103.0,
,31983,168443,k,rk64.68,2452445.935556,-104.74,1.375768,108598.0,
,31984,168443,k,rk65.36,2452486.811655,-842.41,1.380387,88136.0,
,31985,168443,k,rk66.229,2452515.757546,2.56,1.436107,99716.0,
,31986,168443,k,rk67.236,2452536.747986,-170.94,1.390873,88781.0,
,31987,168443,k,rk68.17,2452572.691215,13.27,1.312772,98930.0,
,31988,168443,k,rk72.309,2452713.146887,-192.72,1.332836,89445.0,
,31989,168443,k,rk73.204,2452778.026053,-803.26,1.356789,99198.0,
,31990,168443,k,rk74.78,2452804.060822,99.87,1.247,98530.0,
,31991,168443,k,rk75.851,2452834.881516,-642.85,1.310318,100616.0,
,31992,168443,k,rk76.37,2452848.803958,-45.84,1.291169,92796.0,
,31993,168443,k,rk77.205,2452855.965903,88.08,1.278705,99971.0,
,31994,168443,k,rk78.219,2452898.717396,-491.68,1.160356,92888.0,
,31995,168443,k,rk85.102,2453154.041759,348.03,1.494232,100629.0,
,31996,168443,k,rk86.251,2453180.902222,-95.37,1.374486,102149.0,
,31997,168443,k,rk88.58,2453195.849653,146.46,1.130612,100850.0,
,31998,168443,j,rj01.402,2453238.881505,-34.16,1.160957,0.149,113543.0,
,31999,168443,j,rj02.133,2453301.737431,-476.13,1.281671,0.149,100524.0,
,32000,168443,j,rj08.184,2453546.890637,420.69,1.199122,0.147,94106.0,
,32001,168443,j,rj18.735,2453842.126296,215.48,1.154908,0.148,81477.0,
,32002,168443,j,rj19.972,2453927.877882,85.55,1.16661,0.148,90797.0,
,32003,168443,j,rj23.1478,2453984.836829,37.43,0.953031,0.148,91809.0,
,32004,168443,j,rj41.4194,2454314.995394,-12.18,1.230691,0.148,70507.0,
,32005,168443,j,rj43.182,2454335.955625,-104.65,1.222715,0.143,74938.0,
,32006,168443,j,rj45.168,2454343.883449,-531.86,0.972204,0.148,70572.0,
,32007,168443,j,rj45.578,2454344.941586,-656.65,1.191188,0.149,71783.0,
,32008,168443,j,rj47.710,2454398.746424,-256.25,1.103779,0.143,72314.0,
,32009,168443,j,rj52.590,2454546.115451,75.20,1.052618,0.148,71129.0,
,32010,168443,j,rj53.310,2454548.154039,100.56,1.243633,0.148,45205.0,
,32011,168443,j,rj59.1002,2454720.840718,190.52,1.212219,0.148,45078.0,
,32012,168443,j,rj68.580,2454956.128333,376.43,1.477692,0.149,44599.0,
,32013,168443,j,rj70.503,2454985.110143,-386.12,1.304381,0.147,45809.0,
,32014,168443,j,rj72.161,2455014.977066,419.76,1.134869,0.147,45495.0,
,32015,168443,j,rj73.66,2455026.961856,408.54,1.211214,0.147,45073.0,
,32016,168443,j,rj77.67,2455106.748085,-189.04,1.199107,0.149,45353.0,
,32017,168443,j,rj87.441,2455286.114994,263.13,1.175096,0.148,47515.0,
,32018,168443,j,rj90.1074,2455322.084809,491.99,1.187522,0.147,47497.0,
,32019,168443,j,rj91.163,2455343.002532,193.99,1.356422,0.146,46439.0,
,32020,168443,j,rj93.515,2455374.841987,541.58,1.126501,0.147,45416.0,
,32021,168443,j,rj93.1490,2455378.820827,503.09,1.212177,0.149,47243.0,
,32022,168443,j,rj95.881,2455403.817392,287.25,1.21849,0.148,46649.0,
,32023,168443,j,rj104.269,2455490.735064,435.81,1.308428,0.149,47181.0,
,32024,168443,j,rj116.673,2455636.135402,-38.35,1.043165,0.148,47569.0,
,32025,168443,j,rj117.408,2455668.059097,130.88,1.172094,0.149,47977.0,
,32026,168443,j,rj120.321,2455703.902608,68.41,1.282041,0.149,46292.0,
,32027,168443,j,rj122.260,2455726.945684,45.64,1.239806,0.149,46557.0,
,32028,168443,j,rj130.1470,2455793.727865,-261.80,1.280346,0.147,47687.0,
,32029,168443,j,rj133.74,2455841.756845,-28.93,1.330463,0.134,45565.0,
,32030,168443,j,rj146.717,2455995.148553,-72.47,1.301383,0.142,44329.0,
,32031,168443,j,rj161.269,2456208.704485,-866.37,1.091666,0.148,48996.0,
,32032,168443,j,rj172.1481,2456478.782879,182.90,1.274541,0.146,48628.0,
,32033,168443,j,rj192.251,2456880.75684,500.13,1.304221,0.1477,47739.0,
,32034,168443,j,rj201.593,2457200.91436,-1.46,1.249654,0.1471,48411.0,
,32035,168443,j,rj234.368,2457594.816583,-294.19,1.485218,0.1485,45806.0,
,32036,168443,j,rj238.299,2457621.819775,-76.46,1.134455,0.1473,47003.0,
,32037,168443,j,rj253.333,2457830.156692,-524.35,1.362528,0.1471,22455.0,
,32038,168443,j,rj253.546,2457831.148777,-630.30,1.240221,0.1487,48207.0,
,32039,168443,j,rj254.212,2457854.071426,-68.37,1.139001,0.1478,48655.0,
,32040,168443,j,rj292.362,2458292.92796,-91.13,1.261393,0.1486,48963.0,
,32041,168443,j,rj293.283,2458299.859375,-710.30,1.187292,0.1454,46948.0,
,32042,168443,j,rj339.470,2458715.738099,267.71,1.08018,0.148,47622.0,
,32043,168443,apf,raaa.41,2456504.793284,-279.01,2.228138,28748.0,
,32044,168443,apf,raab.68,2456505.844698,-219.68,2.155454,31408.0,
,32045,168443,apf,raad.115,2456515.790084,60.16,2.370444,28027.0,
,32046,168443,apf,raae.115,2456516.832075,69.40,2.641023,27953.0,
,32047,168443,apf,raaf.109,2456517.728519,78.36,2.256445,28682.0,
,32048,168443,apf,raag.111,2456518.74228,96.85,2.250036,33004.0,
,32049,168443,apf,raah.108,2456525.707787,136.50,2.211092,29856.0,
,32050,168443,apf,raai.106,2456526.71345,139.42,2.079948,29116.0,
,32051,168443,apf,raaj.105,2456530.762306,146.20,2.374293,29483.0,
,32052,168443,apf,raak.105,2456534.727728,140.48,2.122308,28496.0,
,32053,168443,apf,raal.107,2456535.704937,134.65,2.184993,28518.0,
,32054,168443,apf,raam.126,2456536.744952,129.70,2.481841,29927.0,
,32055,168443,apf,raan.106,2456539.679718,107.30,2.044192,28637.0,
,32056,168443,apf,raao.106,2456540.699026,97.40,2.032778,28648.0,
,32057,168443,apf,raap.106,2456541.681207,83.16,2.080818,28280.0,
,32058,168443,apf,raaq.152,2456542.658168,66.33,2.02528,29449.0,
,32059,168443,apf,raar.105,2456547.691041,-63.05,2.368465,33607.0,
,32060,168443,apf,raas.102,2456548.641589,-116.07,2.14987,35336.0,
,32061,168443,apf,raas.104,2456548.680949,-117.82,2.445551,27788.0,
,32062,168443,apf,raat.159,2456562.711281,-248.62,2.628777,11474.0,
,32063,168443,apf,raau.151,2456563.615326,-199.72,2.299786,10687.0,
,32064,168443,apf,raax.153,2456570.607779,35.70,2.465618,11633.0,
,32065,168443,apf,rabd.162,2456582.664067,173.01,2.160498,30147.0,
,32066,168443,apf,radi.227,2456741.982065,104.99,3.559352,6427.0,
,32067,168443,apf,radi.238,2456742.044316,101.87,3.084087,8025.0,
,32068,168443,apf,rady.235,2456785.021002,-264.61,2.778964,13734.0,
,32069,168443,apf,radz.205,2456788.968259,-617.69,2.761778,13004.0,
,32070,168443,apf,raec.220,2456793.969417,-158.94,2.741141,12868.0,
,32071,168443,apf,raee.202,2456800.902501,171.27,3.173535,11298.0,
,32072,168443,apf,raef.199,2456801.914139,193.77,3.282407,11246.0,
,32073,168443,apf,raeg.250,2456805.003829,256.22,2.987042,12070.0,
,32074,168443,apf,raeh.217,2456805.928907,268.63,2.766191,12923.0,
,32075,168443,apf,raem.206,2456816.965436,359.42,3.149119,10268.0,
,32076,168443,apf,raem.207,2456816.972924,359.45,3.049147,10803.0,
,32077,168443,apf,raem.208,2456816.982195,363.02,2.931463,11995.0,
,32078,168443,apf,raeo.190,2456821.867703,358.28,2.444634,18674.0,
,32079,168443,apf,raeo.191,2456821.881893,356.72,2.461145,16715.0,
,32080,168443,apf,raep.201,2456822.829818,359.46,2.635408,17676.0,
,32081,168443,apf,raep.202,2456822.843106,361.37,2.660933,17845.0,
,32082,168443,apf,raeq.211,2456825.888485,356.07,2.301741,27516.0,
,32083,168443,apf,raer.206,2456826.857388,344.97,2.182532,31126.0,
,32084,168443,apf,raet.209,2456831.875031,305.20,2.318036,30866.0,
,32085,168443,apf,rafc.214,2456850.853827,-225.00,2.740803,30725.0,
,32086,168443,apf,rail.278,2457122.039559,394.24,2.371009,19575.0,
,32087,168443,apf,raiv.259,2457139.012762,-423.32,3.329042,7409.0,
,32088,168443,apf,raiy.301,2457144.024592,34.58,2.441675,18684.0,
,32089,168443,apf,rajj.303,2457168.975376,424.87,2.305326,29919.0,
,32090,168443,apf,rajk.301,2457170.979719,420.02,2.541418,18824.0,
,32091,168443,apf,rakb.249,2457204.876558,118.43,2.891882,21573.0,
,32092,168443,apf,rakd.236,2457207.837388,211.66,2.51489,17248.0,
,32093,168443,apf,rakf.226,2457211.851382,284.67,2.491212,20117.0,
,32094,168443,apf,raki.172,2457217.840068,339.22,3.012493,11722.0,
,32095,168443,apf,rarf.206,2457593.80312,-333.16,2.873204,11561.0,
,32096,168443,apf,rarm.231,2457605.806094,-765.88,2.34581,18777.0,
,32097,168443,apf,raro.231,2457608.783852,-523.31,2.527413,15014.0,
,32098,168443,apf,ratm.202,2457702.610854,-176.02,2.751925,15459.0,
,32099,168443,apf,ratp.200,2457707.588099,-274.14,2.643414,20032.0,
,32100,168443,apf,ravj.256,2457797.07718,-166.00,3.102662,9340.0,
,32101,168443,apf,ravz.267,2457824.028796,-266.57,3.257747,10300.0,
,32102,168443,apf,rawa.267,2457825.014513,-302.25,2.77974,11066.0,
,32103,168443,apf,rawb.266,2457826.997803,-386.31,2.709511,13727.0,
,32104,168443,apf,rawc.261,2457830.044482,-608.98,2.792949,13865.0,
,32105,168443,apf,rawl.249,2457845.996726,-322.97,2.819735,13257.0,
,32106,168443,apf,rawm.271,2457847.977587,-261.58,2.783472,12852.0,
,32107,168443,apf,rawq.240,2457853.933091,-172.17,2.764345,10462.0,
,32108,168443,apf,rawx.248,2457866.004536,-107.34,2.495164,14309.0,
,32109,168443,apf,raxb.260,2457871.984156,-114.97,2.989127,10128.0,
,32110,168443,apf,raxc.268,2457872.946873,-120.59,2.894874,12442.0,
,32111,168443,apf,raxe.229,2457875.835562,-141.27,3.075749,14169.0,
,32112,168443,apf,raxe.265,2457875.988293,-147.43,2.49304,19674.0,
,32113,168443,apf,raxf.249,2457877.983851,-159.64,2.466505,23013.0,
,32114,168443,apf,raxh.227,2457881.829353,-241.45,3.284199,10072.0,
,32115,168443,apf,raxi.239,2457882.97507,-284.97,2.870298,15760.0,
,32116,168443,apf,raxm.228,2457891.807066,-1004.99,3.066862,9861.0,
,32117,168443,apf,raxt.234,2457903.80392,-307.56,3.412609,7645.0,
,32118,168443,apf,raxt.268,2457903.920418,-297.48,2.888176,10849.0,
,32119,168443,apf,raxw.235,2457909.867301,-179.49,2.747886,12851.0,
,32120,168443,apf,raxx.230,2457911.845502,-152.24,2.507752,17865.0,
,32121,168443,apf,rayc.216,2457917.774049,-103.85,3.00059,12304.0,
,32122,168443,apf,rayc.233,2457917.853669,-98.29,2.513795,18182.0,
,32123,168443,apf,rayd.189,2457918.858319,-96.32,2.585189,16664.0,
,32124,168443,apf,raye.188,2457919.867841,-90.09,2.429398,24653.0,
,32125,168443,apf,rayf.203,2457921.807492,-82.19,3.142869,13922.0,
,32126,168443,apf,rayi.226,2457927.780102,-74.63,2.822929,13564.0,
,32127,168443,apf,rayk.228,2457931.832137,-95.68,2.642872,20470.0,
,32128,168443,apf,rayl.230,2457933.822098,-111.58,2.598547,17719.0,
,32129,168443,apf,raym.234,2457937.853169,-170.42,2.626726,19407.0,
,32130,168443,apf,rays.205,2457950.793019,-1018.07,2.992261,12056.0,
,32131,168443,apf,raza.167,2457961.792801,-284.98,2.74526,16358.0,
,32132,168443,apf,razd.226,2457964.753536,-207.66,3.062186,12212.0,
,32133,168443,apf,razh.226,2457972.776083,-93.77,2.500796,17951.0,
,32134,168443,apf,razm.224,2457982.79453,-52.69,2.768602,19189.0,
,32135,168443,apf,rbab.217,2458010.724049,-898.33,2.806864,14608.0,
,32136,168443,apf,rbac.218,2458011.727635,-788.18,3.214249,7656.0,
,32137,168443,apf,rbaq.205,2458041.646384,-18.49,3.149056,8333.0,
,32138,168443,apf,rbar.212,2458042.674392,-29.96,2.666032,12529.0,
,32139,168443,apf,rbcu.283,2458163.07882,38.23,2.707238,10904.0,
,32140,168443,apf,rbdq.212,2458206.008281,46.57,3.229039,7240.0,
,32141,168443,apf,rbdr.241,2458207.91953,54.18,2.761024,10186.0,
,32142,168443,apf,rbef.229,2458240.901403,-840.31,2.795013,12312.0,
,32143,168443,apf,rbeh.236,2458244.997153,-555.21,2.242789,23277.0,
,32144,168443,apf,rbek.221,2458248.947307,-254.50,2.750219,12575.0,
,32145,168443,apf,rbel.286,2458250.934885,-160.50,2.787862,10727.0,
,32146,168443,apf,rbem.209,2458253.937684,-61.93,2.501123,14757.0,
,32147,168443,apf,rbeo.228,2458256.929569,3.47,2.642682,12642.0,
,32148,168443,apf,rbep.248,2458260.91497,60.16,2.996656,11617.0,
,32149,168443,apf,rbeq.225,2458261.879813,68.26,2.850605,15974.0,
,32150,168443,apf,rbet.235,2458267.964902,116.38,2.702432,14892.0,
,32151,168443,apf,rbew.210,2458273.914029,122.57,2.652321,14301.0,
,32152,168443,apf,rbex.286,2458275.982329,126.09,2.61782,17272.0,
,32153,168443,apf,rbfa.199,2458283.894993,78.83,2.575418,15252.0,
,32154,168443,apf,rbfb.262,2458286.005438,47.26,2.806834,14273.0,
,32155,168443,apf,rbfe.231,2458289.849056,-48.70,2.687402,14669.0,
,32156,168443,apf,rbff.210,2458291.776875,-130.79,2.701575,10354.0,
,32157,168443,apf,rbff.231,2458291.835348,-130.27,2.535119,12000.0,
,32158,168443,apf,rbfg.207,2458294.831232,-343.13,2.645658,14942.0,
,32159,168443,apf,rbfh.230,2458299.818761,-804.94,2.99162,10487.0,
,32160,168443,apf,rbfk.227,2458304.821575,-361.75,2.719875,13158.0,
,32161,168443,apf,rbfm.229,2458307.81279,-172.83,2.624784,16052.0,
,32162,168443,apf,rbfn.223,2458308.823292,-125.76,2.963794,12972.0,
,32163,168443,apf,rbfo.224,2458311.789027,-22.61,2.594025,18772.0,
,32164,168443,apf,rbfr.222,2458318.779793,100.39,2.723548,13506.0,
,32165,168443,apf,rbft.168,2458320.787128,113.17,2.801216,19741.0,
,32166,168443,apf,rbfu.233,2458321.797274,128.47,2.838107,18319.0,
,32167,168443,apf,rbfw.321,2458326.777397,159.79,3.017214,11472.0,
,32168,168443,apf,rbga.210,2458332.759491,169.20,2.630862,14492.0,
,32169,168443,apf,rbga.210,2458332.759491,169.20,2.630862,14492.0,
,32170,168443,apf,rbgh.208,2458342.747597,113.45,2.603601,17344.0,
,32171,168443,apf,rbgm.195,2458356.74402,-727.52,2.447044,13316.0,
,32172,168443,apf,rbgs.214,2458369.690623,-7.17,2.715213,13467.0,
,32173,168443,apf,rbgw.201,2458376.708286,144.38,2.552795,14413.0,
,32174,168443,apf,rbha.192,2458385.643721,201.50,2.409534,14451.0,
,32175,168443,apf,rbhc.205,2458389.725643,208.64,2.759121,16356.0,
,32176,168443,apf,rbhj.194,2458398.665503,181.16,2.856828,9969.0,
,32177,168443,apf,rbhl.204,2458400.669595,166.09,2.834525,12253.0,
,32178,168443,apf,rbkh.219,2458557.017826,320.69,2.837797,8581.0,
,32179,168443,apf,rbki.216,2458557.967152,326.11,2.662462,18619.0,
,32180,168443,apf,rbkx.233,2458586.89502,-293.92,2.812456,10177.0,
,32181,168443,apf,rbky.232,2458587.894753,-415.13,2.985236,11514.0,
,32182,168443,apf,rbky.232,2458587.894753,-415.13,2.985236,11514.0,
,32183,168443,apf,rbld.254,2458601.982552,181.62,2.942389,12938.0,
,32184,168443,apf,rbld.254,2458601.982552,181.62,2.942389,12938.0,
,32185,168443,apf,rble.243,2458605.927763,259.04,2.957419,10008.0,
,32186,168443,apf,rble.243,2458605.927763,259.04,2.957419,10008.0,
,32187,168443,apf,rblg.241,2458607.968001,294.32,2.665574,14274.0,
,32188,168443,apf,rblh.246,2458611.920596,341.58,2.99662,10151.0,
,32189,168443,apf,rblj.235,2458617.90898,374.11,2.477325,21031.0,
,32190,168443,apf,rbll.224,2458621.92908,386.30,2.918072,10295.0,
,32191,168443,apf,rbls.214,2458634.812124,307.59,3.063173,8592.0,
,32192,168443,apf,rblv.195,2458641.763874,68.16,3.841207,5419.0,
,32193,168443,apf,rblx.211,2458647.844815,-548.54,2.941385,13529.0,
,32194,168443,apf,rblz.191,2458648.743746,-535.54,4.906251,3081.0,
,32195,168443,apf,rbma.228,2458649.819717,-466.20,2.895155,10106.0,
,32196,168443,apf,rbmd.208,2458655.821876,54.33,2.763196,10530.0,
,32197,168443,apf,rbmh.201,2458660.804232,239.53,3.002943,10359.0,
,32198,168443,apf,rbmj.195,2458665.762612,334.62,3.032432,10536.0,
,32199,168443,apf,rbmk.201,2458667.780131,358.75,2.845703,10490.0,
,32200,168443,apf,rbml.192,2458669.814796,381.66,2.574801,15324.0,
,32201,168443,apf,rbmo.213,2458676.801023,419.57,2.85584,14626.0,
,32202,168443,apf,rbmp.118,2458677.844748,418.85,2.684475,12972.0,
,32203,168443,apf,rbmr.252,2458681.736073,418.33,3.212816,9684.0,
,32204,168443,apf,rbmt.202,2458686.751291,406.46,3.011072,11891.0,
,32205,168443,apf,rbmu.215,2458688.764242,387.69,2.779414,12793.0,
,32206,168443,apf,rbnb.383,2458699.720449,98.17,2.68084,12192.0,
,32207,168443,apf,rbnc.698,2458700.800109,19.87,2.874058,10805.0,
,32208,168443,apf,rbnk.483,2458708.706636,-357.66,2.685142,12414.0,
,32209,168443,apf,rbnm.974,2458710.694184,-150.31,2.678341,11076.0,
,32210,168443,apf,rbnn.294,2458711.797787,-49.71,2.971956,12443.0,
,32211,168443,apf,rbno.587,2458712.754547,20.64,2.891253,10116.0,
,32212,168443,apf,rbnp.890,2458713.742773,74.75,2.664721,16132.0,
,32213,168443,apf,rbnq.175,2458714.703686,128.09,2.675021,16669.0,
,32214,168443,apf,rbnr.280,2458715.688508,168.61,2.903816,11455.0,
,32215,168443,apf,rbnt.787,2458717.685161,237.75,3.425114,11124.0,
,32216,168443,apf,rbnw.584,2458720.670413,311.61,3.119555,11249.0,
,32217,168443,apf,rbnx.083,2458721.667346,329.00,3.296224,8766.0,
,32218,168443,apf,rboa.083,2458724.666393,374.07,2.748214,12340.0,
,32219,168443,apf,rboo.083,2458738.64341,445.33,2.752813,12383.0,
,32220,168443,apf,rbop.382,2458739.633654,447.14,2.690132,10758.0,
,32221,168443,apf,rboq.682,2458740.631732,445.64,2.495524,14017.0,
,32222,168443,apf,rbor.082,2458741.636118,431.84,2.793948,13883.0,
,32223,168443,apf,rbou.112,2458744.744586,430.79,3.012653,10714.0,
,32224,168443,apf,rbow.593,2458746.672389,417.25,2.785109,10640.0,
,32225,168443,apf,rbox.083,2458747.627808,406.35,2.696544,10252.0,
,32226,168443,apf,rbpc.804,2458752.674997,334.13,2.966729,10457.0,
,32227,168443,apf,rbpp.705,2458765.67301,-445.62,2.786002,10414.0,