5248.349219,76.0,9.3,
7703.935737,33.9,8.2,
8933.159881,103.4,12.1
5456.162247,13.0,7.4,
7705.013445,44.3,7.7,
8943.148932,31.1,9.5
5672.200478,-67.8,11.4,
7756.929401,42.4,8.7,
8943.164175,39.1,9.5
5844.052953,19.8,9.0,
7757.942321,60.4,11.8,
8944.179621,84.1,12.5
6287.934421,-71.1,8.7,
7856.322146,15.5,9.6,
8944.194933,92.4,10.4
6410.265546,7.5,8.5,
7893.146122,-25.4,8.9,
8945.143700,69.8,9.0
6681.350238,36.5,10.6,
7934.189754,-4.9,9.0,
8969.130023,41.5,11.4
6739.189411,59.9,11.8,
8015.076632,-99.0,7.8,
8970.154940,96.6,11.2
6805.230356,24.3,10.6,
8091.946858,-60.9,11.5,
9128.947432,-42.3,9.1
6921.989868,-45.8,8.7,
8109.912914,-11.3,9.0,
9148.987572,-29.7,10.7
6967.945510,-88.8,8.0,
8743.048983,31.0,7.6,
9149.969785,-33.4,8.5
7066.310819,-93.7,14.4,
8772.993155,27.0,8.7,
9150.957381,-8.6,9.8
7068.260174,-61.8,10.1,
8826.877616,24.2,9.2,
9152.007233,-90.8,8.8
7148.147847,4.3,10.9,
8829.916120,24.1,9.6,
9160.973048,-66.7,10.3
7171.236702,32.3,9.5,
8831.904548,33.7,11.2,
9160.987955,-75.4,8.9
7299.018323,0.6,11.7,
8852.388466,-16.7,11.9,
9161.975479,3.9,10.7
7475.271895,-139.2,10.7,
8863.322980,48.8,14.3,
9296.267940,-24.6,11.1
7525.170621,-125.0,7.2,
8898.315208,46.5,13.1,
9359.214704,6.6,12.6
7530.266309,-94.9,8.6,
8933.146224,73.4,13.5,
9370.212997,29.1,9.0
