,5930,114729,k,rk9.238,2450463.147373,-6.25,1.397692,120409.0,
,5931,114729,k,rk11.126,2450546.972164,-10.75,1.411703,136230.0,
,5932,114729,k,rk18.116,2450838.120336,-19.92,1.547533,88519.0,
,5933,114729,k,rk20.46,2450954.894282,-23.22,1.621731,127946.0,
,5934,114729,k,rk21.18,2450981.782743,-12.87,1.37882,126892.0,
,5935,114729,k,rk21.68,2450982.799398,-10.07,1.432035,107207.0,
,5936,114729,k,rk29.90,2451227.043669,10.18,1.47877,142113.0,
,5937,114729,k,rk30.218,2451312.851782,3.50,1.71473,101609.0,
,5938,114729,k,rk32.443,2451370.785602,13.74,1.843239,57179.0,
,5939,114729,k,rk39.107,2451581.115856,-5.33,1.488282,88953.0,
,5940,114729,k,rk39.217,2451582.038854,-2.47,1.563257,100391.0,
,5941,114729,k,rk39.237,2451582.136366,-1.35,1.17547,417307.0,
,5942,114729,k,rk39.239,2451582.148218,-7.73,1.576878,83609.0,
,5943,114729,k,rk39.335,2451583.048183,-0.59,1.632994,54785.0,
,5944,114729,k,rk39.358,2451583.131227,-1.42,1.566098,69858.0,
,5945,114729,k,rk39.475,2451584.101562,0.07,1.368234,75336.0,
,5946,114729,k,rk39.546,2451585.081655,-1.45,1.749463,68585.0,
,5947,114729,k,rk39.547,2451585.085012,-2.00,1.693804,65313.0,
,5948,114729,k,rk39.652,2451586.000683,-7.87,1.526251,65089.0,
,5949,114729,k,rk40.123,2451679.878507,-12.19,1.539404,97227.0,
,5950,114729,k,rk41.22,2451702.886424,-22.65,1.449203,92744.0,
,5951,114729,k,rk41.106,2451703.799005,-12.29,1.656369,86104.0,
,5952,114729,k,rk41.211,2451704.817049,-18.64,1.824982,76617.0,
,5953,114729,k,rk41.412,2451705.841331,-21.61,1.625,89910.0,
,5954,114729,k,rk41.615,2451706.859942,-14.96,1.515588,92308.0,
,5955,114729,k,rk48.70,2451972.079039,-22.11,1.354895,101451.0,
,5956,114729,k,rk48.143,2451973.086609,-17.50,1.449268,101215.0,
,5957,114729,k,rk48.252,2451974.053924,-14.47,1.86476,101887.0,
,5958,114729,k,rk49.35,2451981.98147,-26.19,1.565517,101797.0,
,5959,114729,k,rk50.24,2452002.96272,-27.20,1.770976,102534.0,
,5960,114729,k,rk50.153,2452003.88647,-16.42,1.943419,104025.0,
,5961,114729,k,rk51.415,2452008.950069,-24.40,1.679518,102088.0,
,5962,114729,k,rk53.131,2452062.770741,-26.79,1.681807,97135.0,
,5963,114729,k,rk54.28,2452094.755347,-11.73,1.668473,85989.0,
,5964,114729,k,rk54.1023,2452100.760509,-8.89,1.703807,84462.0,
,5965,114729,k,rk55.215,2452128.736123,-13.06,1.875257,86495.0,
,5966,114729,k,rk61.133,2452334.090185,0.53,1.708565,94734.0,
,5967,114729,k,rk62.131,2452364.004352,1.11,1.665777,144484.0,
,5968,114729,k,rk62.133,2452364.011539,3.62,1.754703,101925.0,
,5969,114729,k,rk63.132,2452390.944363,7.96,1.863121,131016.0,
,5970,114729,k,rk64.35,2452445.782025,9.68,1.566372,105861.0,
,5971,114729,k,rk65.215,2452487.739861,9.65,1.815975,85147.0,
,5972,114729,k,rk70.240,2452653.155694,0.47,1.813026,97344.0,
,5973,114729,k,rk73.170,2452777.865637,-10.55,1.724799,103065.0,
,5974,114729,k,rk81.1028,2453018.180139,-30.40,1.616695,107654.0,
,5975,114729,j,rj06.37,2453425.087674,7.28,1.223007,0.15,91290.0,
,5976,114729,j,rj18.672,2453841.929363,0.62,1.354335,0.151,78421.0,
,5977,114729,j,rj83.1037,2455232.144668,-16.90,1.396376,0.15,46259.0,
,5978,114729,j,rj120.867,2455706.739186,9.45,1.559596,0.15,46813.0,
,5979,114729,j,rj152.1076,2456102.739647,14.56,1.346349,0.148,44740.0,
,5980,114729,j,rj185.427,2456638.171127,-2.22,1.468116,0.1435,43674.0,
,5981,114729,j,rj185.664,2456639.156975,-6.99,1.436408,0.1425,45953.0,
,5982,114729,j,rj202.480,2457208.749516,10.00,1.328051,0.1484,45854.0,
,5983,114729,j,rj222.572,2457414.185351,-10.69,1.483335,0.1386,50841.0,
,5984,114729,j,rj233.1666,2457587.737046,-24.07,1.600439,0.1498,23849.0,
,5985,114729,j,rj259.82,2457932.740036,10.82,1.34524,0.1485,45829.0,
,5986,114729,j,rj297.272,2458337.738042,6.98,1.377057,0.1502,47052.0,
,5987,114729,j,rj319.166,2458533.129187,-9.47,1.667447,0.1532,24809.0,
,5988,114729,j,rj320.134,2458560.073353,-15.52,1.770656,0.1537,24844.0,