4736.119458,-91.0,16.5,
5454.126840,87.2,9.3
4752.152971,-84.2,11.3,
5697.263528,-148.0,20.2
4833.916842,-176.6,8.0,
5698.288703,-98.7,10.8
5018.194241,-82.3,11.0,
5711.267459,-125.7,12.8
5083.979529,-3.6,8.6,
5820.129124,-80.6,9.4
5131.919794,-5.7,10.9,
5842.035628,-208.3,11.1
5169.956708,69.6,11.1,
5911.006597,-138.1,10.7
5183.885600,53.1,10.2,
6024.330791,51.7,12.1
5224.889144,129.5,19.0,
6026.309597,38.4,15.3
5311.277212,79.7,10.4,
6069.265534,134.2,11.5
5321.264398,120.4,11.1,
6086.197407,202.6,30.0
5356.307074,183.2,9.2,
6088.318959,94.0,15.1
