2455196.5457833,-63.9,9.0,
2454365.6728323,-72.92,0.84,
2453189.91295,-2.66,2.86
2455197.5258897,-62.9,9.0,
2454724.7162997,87.00,0.93,
2453190.91771,0.00,3.27
2455198.5268449,-54.9,9.0,
2454725.6845580,87.50,1.02,
2453191.91314,7.12,2.85
2455352.9431841,-89.9,9.0,
2454726.6664725,89.44,0.65,
2453254.73446,-13.98,3.23
2455465.6728602,-55.9,9.0,
2454727.6026469,87.24,0.83,
2454338.83927,3.92,3.86
2455468.6569334,-51.9,9.0,
2455786.8072676,-5.84,0.80,
2454339.75448,-7.75,3.09
2455497.5904524,-52.9,9.0
2455787.6269341,-12.49,0.96,,,
2455514.6207088,-42.9,9.0
2455787.8105224,-16.34,0.73,,,
2455786.8585090,37.1,9.0
2455787.9313791,-14.21,0.82,,,
2455787.8646502,25.1,9.0
2455788.5991810,-14.30,1.26,,,
2455788.8218648,53.1,19.0
2455788.7826534,-14.01,1.33,,,
2455877.6116650,93.1,22.0
2455883.5865245,46.83,1.19,,,
2455878.5958784,92.1,9.0
2455885.5121047,54.40,1.30,,,
2455879.6063410,108.1,9.0
2455885.5744505,52.39,1.53,,,
2455969.5203878,158.1,16.0
2455885.7033086,51.81,1.43,,,
2455970.5204393,167.1,16.0
2456064.9384446,67.21,0.85,,,
2456160.6541736,-25.9,16.0
2456183.7248653,-67.99,0.86,,,
2456164.7802416,-4.9,16.0
2456185.6754003,-70.76,1.02,,,
2456554.6541123,-68.9,9.0
2456442.9267855,-116.37,1.14,,,
2456554.6624176,-54.9,9.0
2456461.8887446,-110.55,1.03,,,
2456555.7132051,-76.9,9.0
2456561.7050322,-109.01,0.97,,,
2456675.5534417,-27.9,16.0,,,,,,
2456824.9242966,5.9,13.0,,,,,,
2457317.6711775,-3.1,36.0,,,,,,
