,54206,217107,k,rk25.51,2451068.859549,-60.12,1.202208,120216.0,
,54207,217107,k,rk25.194,2451069.972766,-154.51,1.44747,118950.0,
,54208,217107,k,rk25.320,2451070.952928,-159.86,1.365156,68535.0,
,54209,217107,k,rk25.321,2451070.954549,-160.66,1.312544,147164.0,
,54210,217107,k,rk25.435,2451071.868681,-109.93,1.406587,164608.0,
,54211,217107,k,rk25.587,2451072.928762,-1.73,1.599801,168943.0,
,54212,217107,k,rk26.833,2451074.869549,88.19,1.25935,127343.0,
,54213,217107,k,rk26.940,2451075.826065,-39.70,1.515323,54192.0,
,54214,217107,k,rk26.941,2451075.831667,-39.68,1.728953,33346.0,
,54215,217107,k,rk27.159,2451171.703981,-92.62,1.312799,95553.0,
,54216,217107,k,rk27.315,2451172.706354,10.60,1.467272,138117.0,
,54217,217107,k,rk27.460,2451173.705197,114.37,1.281005,98034.0,
,54218,217107,k,rk30.173,2451312.103067,-118.14,1.219164,94988.0,
,54219,217107,k,rk31.270,2451343.033704,-50.20,1.261648,96876.0,
,54220,217107,k,rk32.70,2451367.960775,-3.25,1.624677,44206.0,
,54221,217107,k,rk32.526,2451371.087292,-87.45,1.308091,131437.0,
,54222,217107,k,rk32.706,2451372.06419,8.69,1.208753,110801.0,
,54223,217107,k,rk32.913,2451373.071227,118.60,1.570742,70929.0,
,54224,217107,k,rk32.1101,2451374.058727,130.55,1.472742,68922.0,
,54225,217107,k,rk33.109,2451410.024757,98.23,1.416522,109696.0,
,54226,217107,k,rk33.242,2451410.980509,-34.73,1.183978,92790.0,
,54227,217107,k,rk33.364,2451411.945243,-119.50,1.305811,99464.0,
,54228,217107,k,rk35.43,2451438.814271,65.05,1.310997,88993.0,
,54229,217107,k,rk36.49,2451488.78706,59.29,1.354196,344636.0,
,54230,217107,k,rk36.50,2451488.790475,61.04,1.323142,122308.0,
,54231,217107,k,rk38.286,2451552.699236,97.97,1.207372,103564.0,
,54232,217107,k,rk40.176,2451680.123669,168.27,1.187687,104470.0,
,54233,217107,k,rk41.177,2451704.112188,-90.99,1.25661,93647.0,
,54234,217107,k,rk41.282,2451705.10787,-107.42,1.450049,86472.0,
,54235,217107,k,rk41.473,2451706.116296,-57.28,1.168246,93279.0,
,54236,217107,k,rk41.667,2451707.116481,43.07,1.381595,92295.0,
,54237,217107,k,rk47.524,2451900.733229,165.46,1.316672,91002.0,
,54238,217107,k,rk53.214,2452063.116343,11.94,1.333928,89232.0,
,54239,217107,k,rk54.262,2452096.066192,-89.32,1.392413,78760.0,
,54240,217107,k,rk54.1289,2452102.008947,30.22,1.491301,80523.0,
,54241,217107,k,rk55.267,2452128.94059,179.69,1.426923,87683.0,
,54242,217107,k,rk56.267,2452162.891331,8.69,1.590983,104815.0,
,54243,217107,k,rk57.204,2452189.837373,-93.07,1.55724,83085.0,
,54244,217107,k,rk59.236,2452236.705903,136.50,1.333141,108749.0,
,54245,217107,k,rk65.109,2452487.133356,6.46,1.420561,93173.0,
,54246,217107,k,rk66.54,2452514.856053,105.12,1.557476,102682.0,
,54247,217107,k,rk67.61,2452535.835868,152.08,1.357966,90198.0,
,54248,217107,k,rk68.249,2452573.853843,-88.30,1.733159,100306.0,
,54249,217107,k,rk69.44,2452600.779977,48.64,1.43144,103204.0,
,54250,217107,k,rk70.32,2452651.70625,-56.90,1.577164,113830.0,
,54251,217107,k,rk70.33,2452651.708947,-63.35,1.47717,105631.0,
,54252,217107,k,rk73.60,2452776.127222,54.44,1.54876,98747.0,
,54253,217107,k,rk73.118,2452777.127234,161.08,1.363842,99715.0,
,54254,217107,k,rk74.302,2452805.10816,109.94,1.412425,100766.0,
,54255,217107,k,rk74.698,2452807.023576,121.27,1.382005,107284.0,
,54256,217107,k,rk75.358,2452832.073762,-53.27,1.329139,98136.0,
,54257,217107,k,rk76.66,2452848.973588,174.38,1.596527,99930.0,
,54258,217107,k,rk77.221,2452856.020532,185.09,1.412162,103864.0,
,54259,217107,k,rk78.67,2452897.85912,125.02,1.489818,107587.0,
,54260,217107,k,rk79.134,2452924.775694,-45.22,1.604269,107767.0,
,54261,217107,k,rk80.19,2452987.688831,-105.46,1.54936,98074.0,
,54262,217107,k,rk80.20,2452987.69103,-100.96,1.448115,99742.0,
,54263,217107,k,rk85.120,2453154.112963,80.98,1.441836,103749.0,
,54264,217107,k,rk86.99,2453180.112778,-100.84,1.412661,105234.0,
,54265,217107,k,rk86.301,2453181.094884,-69.02,1.494883,100700.0,
,54266,217107,k,rk86.508,2453182.089606,21.07,1.331617,104439.0,
,54267,217107,k,rk88.89,2453195.959213,-24.90,1.472366,101903.0,
,54268,217107,k,rk88.284,2453196.946262,84.99,1.668633,90830.0,
,54269,217107,j,rj01.417,2453238.915868,6.53,0.983683,0.148,113694.0,
,54270,217107,j,rj02.139,2453301.761088,-91.06,1.084931,0.149,81810.0,
,54271,217107,j,rj03.158,2453338.739016,8.83,0.904615,0.148,101048.0,
,54272,217107,j,rj03.545,2453339.727164,117.35,0.898551,0.148,99923.0,
,54273,217107,j,rj04.114,2453367.721794,57.58,0.922373,0.147,100365.0,
,54274,217107,j,rj08.1648,2453551.112917,-96.28,0.784796,0.148,98460.0,
,54275,217107,j,rj11.613,2453604.008183,183.41,1.145349,0.149,104769.0,
,54276,217107,j,rj11.614,2453604.009132,184.54,1.127929,0.148,103654.0,
,54277,217107,j,rj11.615,2453604.010093,187.39,1.147571,0.149,103915.0,
,54278,217107,j,rj19.1019,2453927.982106,-107.14,0.918599,0.148,92282.0,
,54279,217107,j,rj19.1020,2453927.983056,-104.69,0.902057,0.148,93081.0,
,54280,217107,j,rj19.1021,2453927.984144,-106.10,0.89841,0.148,95312.0,
,54281,217107,j,rj23.165,2453981.850081,162.00,0.914173,0.148,95100.0,
,54282,217107,j,rj23.166,2453981.851007,162.73,0.949554,0.149,93976.0,
,54283,217107,j,rj23.167,2453981.851921,163.35,0.988379,0.148,94609.0,
,54284,217107,j,rj26.141,2454083.776748,-44.92,0.994612,0.148,71351.0,
,54285,217107,j,rj26.142,2454083.778206,-45.09,0.985984,0.148,71218.0,
,54286,217107,j,rj26.143,2454083.779838,-43.61,0.955546,0.149,71353.0,
,54287,217107,j,rj32.229,2454247.096921,34.37,0.969769,0.149,71290.0,
,54288,217107,j,rj32.591,2454248.102847,-78.22,0.968699,0.149,71998.0,
,54289,217107,j,rj32.2219,2454252.125833,123.36,0.906702,0.149,72353.0,
,54290,217107,j,rj33.264,2454256.118507,-118.11,0.921071,0.148,55492.0,
,54291,217107,j,rj33.265,2454256.119248,-118.74,0.958627,0.148,56631.0,
,54292,217107,j,rj35.501,2454279.073009,-49.17,0.913435,0.148,72860.0,
,54293,217107,j,rj35.886,2454280.072766,57.25,0.994408,0.148,69898.0,
,54294,217107,j,rj36.180,2454286.078044,-62.15,1.055087,0.149,72376.0,
,54295,217107,j,rj38.243,2454295.058356,128.27,1.026879,0.149,70251.0,
,54296,217107,j,rj41.3868,2454314.142512,-95.30,1.086311,0.148,73109.0,
,54297,217107,j,rj43.202,2454336.002037,-58.48,1.038573,0.148,72733.0,
,54298,217107,j,rj45.165,2454343.875833,17.80,0.979308,0.149,73243.0,
,54299,217107,j,rj47.349,2454397.852245,-93.82,1.041132,0.149,71856.0,
,54300,217107,j,rj48.157,2454427.886042,-113.28,0.982624,0.147,73122.0,
,54301,217107,j,rj48.822,2454429.752951,47.66,0.872816,0.149,73935.0,
,54302,217107,j,rj55.364,2454635.053866,-92.01,1.005552,0.148,46710.0,
,54303,217107,j,rj58.145,2454688.99338,11.96,1.002521,0.149,45798.0,
,54304,217107,j,rj58.432,2454689.969583,-100.47,1.043513,0.147,47173.0,
,54305,217107,j,rj59.1357,2454721.944977,36.43,1.131244,0.149,46128.0,
,54306,217107,j,rj61.695,2454779.824051,121.49,1.091914,0.148,46411.0,
,54307,217107,j,rj63.690,2454807.781146,67.35,1.004606,0.149,46599.0,
,54308,217107,j,rj63.1012,2454808.826481,140.14,1.012503,0.149,47129.0,
,54309,217107,j,rj69.219,2454964.123955,14.62,0.949071,0.149,48132.0,
,54310,217107,j,rj70.231,2454984.098424,-125.93,1.079186,0.148,46906.0,
,54311,217107,j,rj70.1266,2454988.126364,26.78,0.988738,0.148,48725.0,
,54312,217107,j,rj70.1486,2454989.119192,-101.92,1.076863,0.148,46890.0,
,54313,217107,j,rj73.83,2455027.022107,-118.54,1.004139,0.148,47159.0,
,54314,217107,j,rj74.336,2455043.036794,66.46,1.200185,0.148,46349.0,
,54315,217107,j,rj825.206,2455050.112628,60.87,0.985402,0.0,75213.0,
,54316,217107,j,rj826.204,2455051.131485,126.16,0.981007,0.1495,74585.0,
,54317,217107,j,rj826.205,2455051.132365,124.82,0.917131,0.1488,74656.0,
,54318,217107,j,rj826.206,2455051.133279,124.81,1.00681,0.1497,73621.0,
,54319,217107,j,rj826.207,2455051.134193,122.30,0.992843,0.1481,74161.0,
,54320,217107,j,rj826.208,2455051.135073,127.36,0.943521,0.149,74646.0,
,54321,217107,j,rj827.187,2455052.040995,53.80,1.068202,0.1491,74546.0,
,54322,217107,j,rj827.188,2455052.041875,51.37,0.969043,0.1481,76439.0,
,54323,217107,j,rj827.189,2455052.042708,50.50,0.905665,0.1491,76656.0,
,54324,217107,j,rj827.190,2455052.04353,53.19,0.876258,0.1485,72999.0,
,54325,217107,j,rj827.191,2455052.044398,52.38,1.010016,0.1486,75393.0,
,54326,217107,j,rj76.524,2455076.066688,-156.80,1.03332,0.148,46902.0,
,54327,217107,j,rj77.891,2455109.928673,-75.46,1.33907,0.148,45323.0,
,54328,217107,j,rj78.442,2455134.919601,-30.79,1.416547,0.149,22837.0,
,54329,217107,j,rj832.158,2455166.883098,-75.47,0.99872,0.1473,76631.0,
,54330,217107,j,rj832.159,2455166.884359,-72.93,1.056358,0.1481,77583.0,
,54331,217107,j,rj832.160,2455166.885621,-69.43,1.042792,0.1475,77288.0,
,54332,217107,j,rj832.161,2455166.88694,-72.68,0.982229,0.1463,77314.0,
,54333,217107,j,rj834.139,2455168.808981,-163.45,1.029468,0.1489,76734.0,
,54334,217107,j,rj834.140,2455168.810127,-167.64,1.033228,0.1494,75878.0,
,54335,217107,j,rj834.141,2455168.811331,-165.55,0.945707,0.1483,73106.0,
,54336,217107,j,rj80.806,2455172.843934,80.53,1.021537,0.147,48673.0,
,54337,217107,j,rj93.348,2455374.132886,-141.78,1.042224,0.148,50202.0,
,54338,217107,j,rj94.124,2455396.112165,-181.84,1.288661,0.148,30483.0,
,54339,217107,j,rj95.1115,2455404.922699,-127.06,1.156723,0.146,47803.0,
,54340,217107,j,rj97.328,2455427.029861,-60.11,1.063388,0.148,48990.0,
,54341,217107,j,rj100.94,2455464.862709,76.12,1.066482,0.149,49532.0,
,54342,217107,j,rj105.91,2455500.863181,39.09,1.052884,0.12,45445.0,
,54343,217107,j,rj106.521,2455522.866908,-49.39,1.126301,0.149,49641.0,
,54344,217107,j,rj120.931,2455707.101297,76.93,1.01982,0.148,47978.0,
,54345,217107,j,rj122.69,2455726.045384,-108.42,1.110766,0.145,45318.0,
,54346,217107,j,rj123.320,2455732.034871,-189.64,1.052869,0.147,45523.0,
,54347,217107,j,rj126.308,2455753.063973,-202.24,1.188685,0.148,48060.0,
,54348,217107,j,rj130.1690,2455794.871847,-178.44,1.103775,0.149,49022.0,
,54349,217107,j,rj133.86,2455841.833178,73.47,1.141726,0.144,47233.0,
,54350,217107,j,rj137.904,2455881.821238,-187.11,1.101382,0.149,48543.0,
,54351,217107,j,rj138.758,2455904.67798,-67.69,0.941961,0.148,49575.0,
,54352,217107,j,rj153.720,2456113.137242,100.88,1.02273,0.145,48651.0,
,54353,217107,j,rj173.426,2456485.141368,-13.96,1.055067,0.146,49384.0,
,54354,217107,j,rj180.522,2456532.085132,30.93,1.072975,0.146,49202.0,
,54355,217107,j,rj185.578,2456638.710913,6.89,0.980888,0.149,49455.0,
,54356,217107,j,rj185.1063,2456640.703839,145.02,1.088081,0.1475,46109.0,
,54357,217107,j,rj912.121,2456676.719198,119.40,1.016739,0.1481,77455.0,
,54358,217107,j,rj912.122,2456676.720263,119.95,1.149814,0.1486,76829.0,
,54359,217107,j,rj912.123,2456676.721305,115.99,1.046776,0.1486,78508.0,
,54360,217107,j,rj912.124,2456676.722288,119.94,1.059746,0.1489,78298.0,
,54361,217107,j,rj190.77,2456860.968642,161.43,1.235157,0.1464,49605.0,
,54362,217107,j,rj192.98,2456878.949138,-114.21,1.202106,0.1426,47535.0,
,54363,217107,j,rj194.285,2456907.834985,-104.76,1.075792,0.1493,50005.0,
,54364,217107,j,rj194.499,2456908.90996,-40.67,1.058707,0.1481,47662.0,
,54365,217107,j,rj222.663,2457414.692684,-46.10,1.225595,0.08917,47983.0,
,54366,217107,j,rj231.124,2457569.005272,-45.36,1.064482,0.1488,48678.0,
,54367,217107,j,rj246.1284,2457717.787086,67.02,0.956112,0.1488,48590.0,
,54368,217107,j,rj248.259,2457760.689835,51.68,1.109499,0.1477,48843.0,
,54369,217107,j,rj248.369,2457761.692782,-62.48,1.134268,0.1433,48785.0,
,54370,217107,j,rj256.493,2457910.130202,87.76,0.933439,0.1479,48748.0,
,54371,217107,j,rj257.89,2457912.031614,-95.58,1.05843,0.1493,49209.0,
,54372,217107,j,rj258.95,2457924.120895,123.11,0.999354,0.148,47359.0,
,54373,217107,j,rj278.1060,2458117.682678,-30.21,0.983521,0.1478,49583.0,
,54374,217107,j,rj292.395,2458293.127638,146.53,0.972625,0.1482,48914.0,
,54375,217107,j,rj293.726,2458302.056458,88.90,1.070555,0.1491,49516.0,
,54376,217107,j,rj305.575,2458387.98543,26.49,1.203391,0.1496,49210.0,
,54377,217107,j,rj316.78,2458490.731079,-63.03,1.067923,0.1499,52377.0,
,54378,217107,j,rj334.109,2458651.114171,108.32,0.959082,0.1488,51088.0,
,54379,217107,j,rj334.305,2458652.116778,-29.53,1.113291,0.1488,49396.0,
,54380,217107,j,rj359.79,2458852.686218,-103.82,1.072909,0.1466,45904.0,
,54381,217107,apf,raat.168,2456562.768531,84.19,2.182262,11333.0,
,54382,217107,apf,raau.163,2456563.683406,-48.69,2.430177,10933.0,
,54383,217107,apf,raax.177,2456570.817279,-49.04,2.374363,10141.0,
,54384,217107,apf,raay.170,2456573.744311,-100.08,2.521506,10386.0,
,54385,217107,apf,raba.211,2456577.86903,-32.61,2.114795,33644.0,
,54386,217107,apf,rabc.191,2456581.765591,-15.27,1.809165,35666.0,
,54387,217107,apf,rabc.222,2456581.90174,5.55,2.032572,32655.0,
,54388,217107,apf,rabd.169,2456582.701134,102.99,1.776553,34546.0,
,54389,217107,apf,rabd.200,2456582.786927,114.36,1.953515,34088.0,
,54390,217107,apf,rabd.228,2456582.864214,113.46,1.909313,33026.0,
,54391,217107,apf,rabf.167,2456588.648475,-34.11,1.593057,35218.0,
,54392,217107,apf,rabf.193,2456588.717243,-24.95,1.814367,33813.0,
,54393,217107,apf,rabg.168,2456589.666318,86.67,1.854069,33569.0,
,54394,217107,apf,rabg.179,2456589.689939,90.04,1.778209,33712.0,
,54395,217107,apf,rabg.213,2456589.838621,102.81,1.891232,32759.0,
,54396,217107,apf,rabh.137,2456590.721843,134.96,1.837622,34328.0,
,54397,217107,apf,rabi.157,2456591.72899,27.86,2.021048,32671.0,
,54398,217107,apf,rabi.183,2456591.810952,12.10,1.821002,32467.0,
,54399,217107,apf,rabk.136,2456597.70667,134.36,1.672819,37474.0,
,54400,217107,apf,rabk.173,2456597.843557,132.48,1.896815,34238.0,
,54401,217107,apf,rabl.125,2456606.653784,-65.43,1.8961,34240.0,
,54402,217107,apf,rabl.155,2456606.758844,-76.91,2.072785,34325.0,
,54403,217107,apf,rabm.176,2456607.662837,-140.92,1.854424,36269.0,
,54404,217107,apf,rabm.205,2456607.816538,-144.98,2.015821,34755.0,
,54405,217107,apf,rabn.168,2456610.702743,49.77,2.051731,15580.0,
,54406,217107,apf,rabo.149,2456611.688335,132.97,1.832729,27873.0,
,54407,217107,apf,rabq.144,2456618.596345,125.00,2.171958,18194.0,
,54408,217107,apf,rabr.165,2456619.685163,102.09,1.850537,22819.0,
,54409,217107,apf,rabu.152,2456624.752857,26.37,2.414206,15685.0,
,54410,217107,apf,rabv.161,2456626.647298,117.43,1.914934,34203.0,
,54411,217107,apf,rabv.180,2456626.728424,115.19,1.941327,33411.0,
,54412,217107,apf,rabw.160,2456628.709858,-121.87,1.974475,21138.0,
,54413,217107,apf,rabx.150,2456629.625946,-140.74,2.003721,21005.0,
,54414,217107,apf,raby.141,2456631.604613,-10.44,2.309546,19616.0,
,54415,217107,apf,rabz.188,2456632.723563,129.27,2.326885,17054.0,
,54416,217107,apf,racd.202,2456647.689144,145.89,2.30754,19882.0,
,54417,217107,apf,racf.167,2456662.669254,78.89,1.868611,35533.0,
,54418,217107,apf,raer.216,2456826.92782,32.68,2.410527,17565.0,
,54419,217107,apf,raer.217,2456826.934858,32.89,2.354795,17116.0,
,54420,217107,apf,raew.225,2456839.002204,87.87,2.041757,30663.0,
,54421,217107,apf,raex.229,2456839.995626,148.73,2.313993,31015.0,
,54422,217107,apf,raey.212,2456841.933343,-60.15,2.140392,30152.0,
,54423,217107,apf,raez.217,2456843.960011,-122.09,2.040956,30511.0,
,54424,217107,apf,rafb.227,2456847.966969,85.16,2.192498,15695.0,
,54425,217107,apf,raff.224,2456856.99734,-120.63,2.203712,29918.0,
,54426,217107,apf,rafr.195,2456883.02482,138.90,2.265685,17104.0,
,54427,217107,apf,rafs.222,2456884.88084,-77.43,2.235114,17333.0,
,54428,217107,apf,rafx.232,2456892.912484,-132.25,2.313334,14377.0,
,54429,217107,apf,ragb.192,2456898.862818,-56.58,1.762027,28764.0,
,54430,217107,apf,ragh.212,2456908.869671,-60.83,2.134635,22241.0,
,54431,217107,apf,ragr.168,2456933.800113,45.05,2.089951,15801.0,
,54432,217107,apf,ragt.182,2456937.814556,-20.84,2.06843,17353.0,
,54433,217107,apf,ragu.199,2456939.803217,149.19,2.293865,11791.0,
,54434,217107,apf,ragv.122,2456941.773504,-69.28,2.164076,15634.0,
,54435,217107,apf,ragz.194,2456967.705913,138.10,2.255622,13495.0,
,54436,217107,apf,rajj.288,2457168.938122,52.48,2.965707,8782.0,
,54437,217107,apf,rajj.289,2457168.940241,54.07,2.681267,8716.0,
,54438,217107,apf,rajj.290,2457168.942313,47.73,2.779608,8837.0,
,54439,217107,apf,rajk.285,2457170.936197,-121.00,3.237941,7107.0,
,54440,217107,apf,rajk.286,2457170.93879,-123.03,3.422307,6146.0,
,54441,217107,apf,rajk.287,2457170.941568,-126.63,2.903592,6769.0,
,54442,217107,apf,rajr.221,2457185.939764,-117.91,3.234937,6421.0,
,54443,217107,apf,rajr.222,2457185.941686,-104.65,3.076865,6386.0,
,54444,217107,apf,rajr.223,2457185.943631,-113.84,3.141226,6339.0,
,54445,217107,apf,rajw.275,2457193.992541,-54.26,2.241173,9754.0,
,54446,217107,apf,rajw.276,2457193.994439,-50.65,2.584343,9623.0,
,54447,217107,apf,rajw.277,2457193.996372,-49.66,2.510356,9304.0,
,54448,217107,apf,raki.220,2457217.984168,152.87,2.799072,8542.0,
,54449,217107,apf,raki.221,2457217.98565,155.43,2.716123,8234.0,
,54450,217107,apf,raki.222,2457217.987178,151.07,2.808,8318.0,
,54451,217107,apf,rakj.315,2457218.998391,33.42,2.67414,8256.0,
,54452,217107,apf,rakj.316,2457218.99993,31.99,2.72951,7531.0,
,54453,217107,apf,rakj.317,2457219.001585,32.67,2.790608,7404.0,
,54454,217107,apf,rakk.264,2457220.889657,-116.36,2.671824,7625.0,
,54455,217107,apf,rakk.265,2457220.891243,-121.68,2.814526,7723.0,
,54456,217107,apf,rakk.266,2457220.89284,-113.59,2.930262,7694.0,
,54457,217107,apf,rakl.313,2457221.998085,-90.25,2.595435,8074.0,
,54458,217107,apf,rakl.314,2457221.999647,-86.84,2.691305,8092.0,
,54459,217107,apf,rakl.315,2457222.001198,-89.85,2.481592,8117.0,
,54460,217107,apf,rakm.220,2457222.956465,-14.02,2.930904,7653.0,
,54461,217107,apf,rakm.221,2457222.95804,-0.21,2.950444,8053.0,
,54462,217107,apf,rakm.222,2457222.959556,-9.73,3.108303,8003.0,
,54463,217107,apf,rakn.279,2457224.956725,158.84,2.629133,8601.0,
,54464,217107,apf,rakn.280,2457224.958241,158.36,2.931454,8503.0,
,54465,217107,apf,rakp.282,2457227.930171,-117.20,2.40503,13333.0,
,54466,217107,apf,rakp.283,2457227.932115,-121.76,2.251479,13294.0,
,54467,217107,apf,rakp.284,2457227.934071,-119.83,2.311876,13332.0,
,54468,217107,apf,rakq.307,2457229.96336,-18.66,2.794779,8153.0,
,54469,217107,apf,rakq.308,2457229.964853,-19.91,2.584391,7846.0,
,54470,217107,apf,rakq.309,2457229.966381,-16.83,2.479703,8079.0,
,54471,217107,apf,rakr.298,2457232.951881,72.82,2.51918,8114.0,
,54472,217107,apf,rakr.299,2457232.953386,72.71,2.639142,8162.0,
,54473,217107,apf,rakr.300,2457232.954937,77.05,2.612901,7979.0,
,54474,217107,apf,raks.286,2457233.924371,-56.06,3.052558,7153.0,
,54475,217107,apf,raks.287,2457233.926095,-52.83,3.021059,7209.0,
,54476,217107,apf,raks.288,2457233.927751,-53.30,2.987332,7686.0,
,54477,217107,apf,raku.301,2457238.941644,160.55,2.493274,13140.0,
,54478,217107,apf,raku.302,2457238.94345,161.82,2.361458,13186.0,
,54479,217107,apf,raku.303,2457238.945267,162.05,2.508156,13431.0,
,54480,217107,apf,rakw.186,2457243.901901,-39.66,2.794017,6598.0,
,54481,217107,apf,rakw.187,2457243.903719,-43.26,3.092525,6791.0,
,54482,217107,apf,rakw.188,2457243.905443,-47.35,2.880264,6895.0,
,54483,217107,apf,rakx.269,2457245.902639,157.38,2.104769,18391.0,
,54484,217107,apf,raky.280,2457247.924667,-26.70,2.318518,13074.0,
,54485,217107,apf,raky.281,2457247.92645,-21.93,2.404165,13262.0,
,54486,217107,apf,raky.282,2457247.928244,-19.40,2.292584,13334.0,
,54487,217107,apf,rakz.266,2457249.911075,-117.04,2.772621,7645.0,
,54488,217107,apf,rakz.267,2457249.912637,-111.10,2.893348,7682.0,
,54489,217107,apf,rakz.268,2457249.9142,-115.67,2.745097,7507.0,
,54490,217107,apf,rala.193,2457252.892764,146.00,2.580586,7734.0,
,54491,217107,apf,rala.194,2457252.894442,146.85,2.805986,7612.0,
,54492,217107,apf,rala.195,2457252.896085,145.00,2.717105,7810.0,
,54493,217107,apf,ralc.206,2457256.889524,-117.92,2.353937,13270.0,
,54494,217107,apf,ralc.207,2457256.891318,-120.65,2.390136,10665.0,
,54495,217107,apf,ralc.208,2457256.8931,-118.41,2.336011,13037.0,
,54496,217107,apf,rald.274,2457258.883253,23.57,3.080214,7753.0,
,54497,217107,apf,rald.275,2457258.884781,25.11,2.877015,7963.0,
,54498,217107,apf,rald.276,2457258.886297,31.51,2.866937,8104.0,
,54499,217107,apf,rale.276,2457260.871084,145.45,2.437092,11970.0,
,54500,217107,apf,rale.277,2457260.873075,140.58,2.330646,13130.0,
,54501,217107,apf,rale.278,2457260.87502,145.61,2.345825,13000.0,
,54502,217107,apf,ralf.244,2457262.893748,-96.58,2.867459,7792.0,
,54503,217107,apf,ralf.245,2457262.895473,-95.13,3.095816,6856.0,
,54504,217107,apf,ralf.246,2457262.897348,-95.58,2.994703,6810.0,
,54505,217107,apf,ralh.249,2457267.848623,155.27,2.375487,11820.0,
,54506,217107,apf,ralh.250,2457267.850602,154.06,2.571017,11667.0,
,54507,217107,apf,ralh.251,2457267.852639,154.14,2.474164,13089.0,
,54508,217107,apf,ralj.238,2457271.834001,-94.99,2.652033,7864.0,
,54509,217107,apf,ralj.239,2457271.835529,-94.67,2.722269,7696.0,
,54510,217107,apf,ralj.240,2457271.837056,-92.59,2.664175,7933.0,
,54511,217107,apf,ralk.239,2457274.807805,160.58,2.806856,7134.0,
,54512,217107,apf,ralk.240,2457274.809507,158.55,3.01616,7024.0,
,54513,217107,apf,ralk.241,2457274.811208,160.02,2.75121,6880.0,
,54514,217107,apf,ralm.194,2457277.814234,-123.80,2.402255,11163.0,
,54515,217107,apf,ralo.204,2457281.7787,164.04,2.263452,13750.0,
,54516,217107,apf,ralq.237,2457286.795049,-35.87,2.786647,7150.0,
,54517,217107,apf,ralq.238,2457286.796727,-32.52,2.941153,7425.0,
,54518,217107,apf,ralq.239,2457286.798417,-34.71,2.749814,7201.0,
,54519,217107,apf,ralr.193,2457290.796597,-36.32,2.929744,7352.0,
,54520,217107,apf,ralr.194,2457290.798298,-40.32,3.032764,7542.0,
,54521,217107,apf,ralr.195,2457290.799953,-38.31,2.987,7420.0,
,54522,217107,apf,rals.225,2457292.790746,-105.78,2.812314,8059.0,
,54523,217107,apf,rals.226,2457292.792286,-106.11,2.773034,7920.0,
,54524,217107,apf,rals.227,2457292.794149,-100.26,2.972109,9066.0,
,54525,217107,apf,ralx.216,2457305.750217,-102.39,2.850422,6687.0,
,54526,217107,apf,ralx.217,2457305.751676,-103.24,2.672733,6803.0,
,54527,217107,apf,ralx.218,2457305.753157,-100.73,2.925417,6692.0,
,54528,217107,apf,raly.224,2457308.747296,25.71,2.869432,7373.0,
,54529,217107,apf,raly.225,2457308.748639,31.68,3.009215,7328.0,
,54530,217107,apf,raly.226,2457308.749981,24.65,2.958202,7310.0,
,54531,217107,apf,rama.201,2457312.725632,-82.80,3.068487,7084.0,
,54532,217107,apf,rama.202,2457312.726975,-84.10,3.116506,7237.0,
,54533,217107,apf,rama.203,2457312.728306,-87.89,3.126973,6997.0,
,54534,217107,apf,ramc.213,2457318.737625,49.15,2.829432,6089.0,
,54535,217107,apf,ramc.214,2457318.739245,48.13,2.821315,6489.0,
,54536,217107,apf,ramc.215,2457318.740808,44.95,2.930478,6385.0,
,54537,217107,apf,ramd.209,2457321.725024,-87.66,2.175784,11082.0,
,54538,217107,apf,ramd.210,2457321.726818,-86.72,2.346795,10970.0,
,54539,217107,apf,ramd.211,2457321.7286,-88.32,2.327583,11026.0,
,54540,217107,apf,ramf.229,2457325.757076,55.53,3.087667,5923.0,
,54541,217107,apf,ramf.230,2457325.758719,53.22,3.307365,5942.0,
,54542,217107,apf,ramf.231,2457325.760339,52.53,2.961764,6281.0,
,54543,217107,apf,rami.225,2457332.677894,85.16,3.082619,5960.0,
,54544,217107,apf,rami.226,2457332.679583,86.98,3.119889,6345.0,
,54545,217107,apf,rami.227,2457332.68118,83.45,2.742182,6522.0,
,54546,217107,apf,ramm.203,2457340.664646,-32.79,2.422553,11043.0,
,54547,217107,apf,ramm.204,2457340.666232,-33.44,2.479932,11291.0,
,54548,217107,apf,ramm.205,2457340.667852,-29.66,2.327678,11256.0,
,54549,217107,apf,ramq.197,2457348.651146,-102.51,2.291639,12376.0,
,54550,217107,apf,ramq.198,2457348.653287,-100.07,2.317309,11743.0,
,54551,217107,apf,ramq.199,2457348.655254,-101.27,2.589238,11615.0,
,54552,217107,apf,ramr.193,2457350.638996,-60.31,2.209487,15812.0,
,54553,217107,apf,ramw.227,2457358.689853,35.34,3.256362,6173.0,
,54554,217107,apf,ramw.228,2457358.69145,35.95,3.194649,6382.0,
,54555,217107,apf,ramw.229,2457358.692955,36.64,3.006892,6640.0,
,54556,217107,apf,rapy.225,2457536.999979,52.88,3.611609,4092.0,
,54557,217107,apf,raqa.253,2457539.980743,-4.57,3.452268,5599.0,
,54558,217107,apf,raqa.254,2457539.982444,-9.81,3.111828,5539.0,
,54559,217107,apf,raqa.255,2457539.984099,0.34,3.194879,6007.0,
,54560,217107,apf,raqb.223,2457541.948087,-118.52,3.096945,5490.0,
,54561,217107,apf,raqb.224,2457541.949754,-112.08,3.088929,5492.0,
,54562,217107,apf,raqb.225,2457541.951421,-127.02,3.073442,5849.0,
,54563,217107,apf,raqf.228,2457549.927824,-78.34,3.39726,4375.0,
,54564,217107,apf,raqf.229,2457549.929919,-78.50,3.688174,4364.0,
,54565,217107,apf,raqf.230,2457549.931945,-82.12,3.912546,4251.0,
,54566,217107,apf,raqi.215,2457556.970287,-87.99,2.222123,18161.0,
,54567,217107,apf,raqk.223,2457558.922903,108.26,2.260066,16779.0,
,54568,217107,apf,raql.227,2457560.940849,54.13,2.192369,17080.0,
,54569,217107,apf,raqm.243,2457563.90564,-97.25,2.431051,13239.0,
,54570,217107,apf,raqo.224,2457566.897315,159.99,2.419756,11398.0,
,54571,217107,apf,raqp.227,2457567.92044,74.64,2.225826,15527.0,
,54572,217107,apf,rara.253,2457584.967045,-111.79,2.112059,17708.0,
,54573,217107,apf,rarb.263,2457586.966177,57.86,1.804672,29310.0,
,54574,217107,apf,rarc.267,2457587.967269,154.51,2.040249,16861.0,
,54575,217107,apf,rard.270,2457588.988698,118.34,2.237094,18741.0,
,54576,217107,apf,rare.265,2457591.966488,-113.53,2.178123,18300.0,
,54577,217107,apf,rarf.237,2457593.960384,42.08,1.909524,28604.0,
,54578,217107,apf,rarl.250,2457603.97279,19.90,2.175751,16846.0,
,54579,217107,apf,rarm.247,2457605.922012,-116.68,1.956515,17266.0,
,54580,217107,apf,raro.263,2457608.962309,129.22,1.906588,27630.0,
,54581,217107,apf,rarp.245,2457610.905568,46.42,2.218229,17059.0,
,54582,217107,apf,rarr.192,2457613.863814,-95.31,2.19385,15566.0,
,54583,217107,apf,raru.331,2457616.906148,157.93,2.004183,16633.0,
,54584,217107,apf,rarw.236,2457618.91751,-59.91,1.897317,27608.0,
,54585,217107,apf,rarz.325,2457625.901022,-48.14,2.093633,26959.0,
,54586,217107,apf,rasb.240,2457628.899257,-37.44,2.023843,25721.0,
,54587,217107,apf,rasg.210,2457635.843917,-51.16,2.222251,14078.0,
,54588,217107,apf,rasg.215,2457635.862158,-45.89,2.463908,11940.0,
,54589,217107,apf,rash.223,2457637.882775,160.94,2.127028,16111.0,
,54590,217107,apf,rasl.228,2457643.910187,52.95,2.454613,16047.0,
,54591,217107,apf,rasn.217,2457647.795112,-91.17,2.190042,16943.0,
,54592,217107,apf,rasp.220,2457649.79474,-69.75,2.127739,15105.0,
,54593,217107,apf,rasr.219,2457669.791392,-118.22,2.033334,19134.0,
,54594,217107,apf,rass.255,2457670.734306,-100.54,2.119753,17584.0,
,54595,217107,apf,rast.209,2457674.725032,90.23,1.925523,30680.0,
,54596,217107,apf,rasz.208,2457682.749194,-28.96,1.883236,22802.0,
,54597,217107,apf,rata.192,2457684.73579,-106.78,2.401639,11443.0,
,54598,217107,apf,ratc.195,2457687.675782,159.90,2.116337,19144.0,
,54599,217107,apf,ratg.109,2457694.665669,140.48,2.087859,16209.0,
,54600,217107,apf,rati.207,2457698.673223,-116.75,2.305339,14625.0,
,54601,217107,apf,ratk.187,2457700.635205,21.83,3.809735,3723.0,
,54602,217107,apf,ratm.210,2457702.65793,156.10,2.11741,30981.0,
,54603,217107,apf,ratn.203,2457703.697604,28.58,1.782239,32358.0,
,54604,217107,apf,ratp.209,2457707.635158,6.19,1.777512,29944.0,
,54605,217107,apf,ratx.204,2457722.584307,90.37,2.093856,15897.0,
,54606,217107,apf,ratx.208,2457722.621363,94.59,2.139885,17975.0,
,54607,217107,apf,raty.203,2457724.639575,89.18,2.195279,14942.0,
,54608,217107,apf,raua.197,2457727.662397,-102.07,2.22241,14473.0,
,54609,217107,apf,rauk.204,2457749.634836,-65.24,2.323049,14937.0,
,54610,217107,apf,raxf.255,2457878.010005,-59.27,2.180009,16963.0,
,54611,217107,apf,raxt.274,2457903.938406,-53.75,2.429553,11045.0,
,54612,217107,apf,raxw.248,2457909.91929,94.92,2.663618,9698.0,
,54613,217107,apf,rayi.254,2457927.87126,-64.24,2.36911,14918.0,
,54614,217107,apf,rayj.243,2457930.888496,140.18,2.311072,14760.0,
,54615,217107,apf,rayk.239,2457931.897303,6.09,2.280975,19407.0,
,54616,217107,apf,rayl.243,2457933.889972,-117.88,2.055718,17572.0,
,54617,217107,apf,raym.239,2457937.865232,150.22,2.217289,18414.0,
,54618,217107,apf,rayv.308,2457954.990869,-120.94,2.072901,17875.0,
,54619,217107,apf,rayw.182,2457956.915263,-10.70,2.24107,14612.0,
,54620,217107,apf,rayy.221,2457959.942666,74.89,1.819661,35675.0,
,54621,217107,apf,razc.250,2457962.942949,-101.70,1.919795,29324.0,
,54622,217107,apf,razd.285,2457964.959691,90.37,1.933027,31523.0,
,54623,217107,apf,razd.287,2457964.966451,94.48,2.044797,30613.0,
,54624,217107,apf,raze.230,2457966.950512,93.94,2.232081,19906.0,
,54625,217107,apf,razg.244,2457971.963428,81.40,2.118712,30318.0,
,54626,217107,apf,razh.258,2457972.973848,165.50,2.297786,30094.0,
,54627,217107,apf,razm.243,2457982.93872,-99.31,2.303321,18537.0,
,54628,217107,apf,razp.245,2457990.878748,-116.70,2.178967,17311.0,
,54629,217107,apf,razq.243,2457991.780525,-84.26,2.445978,17500.0,
,54630,217107,apf,razr.237,2457992.778402,10.80,2.242097,17928.0,
,54631,217107,apf,razs.240,2457995.87442,25.58,2.492058,13564.0,
,54632,217107,apf,razt.236,2457996.852973,-81.46,1.585514,31376.0,
,54633,217107,apf,razu.185,2457997.867381,-119.60,2.513702,15903.0,
,54634,217107,apf,razx.185,2458004.793907,-117.80,2.080251,30114.0,
,54635,217107,apf,razz.205,2458007.816599,107.53,2.022556,17532.0,
,54636,217107,apf,rbaa.225,2458009.836615,70.33,2.210128,16313.0,
,54637,217107,apf,rbab.229,2458010.757333,-48.39,2.173553,19559.0,
,54638,217107,apf,rbab.241,2458010.83261,-56.99,1.915236,31883.0,
,54639,217107,apf,rbac.229,2458011.770803,-114.35,2.256055,16198.0,
,54640,217107,apf,rbad.321,2458012.795741,-98.51,1.825356,25584.0,
,54641,217107,apf,rbaf.207,2458020.785617,-33.77,2.14437,31822.0,
,54642,217107,apf,rbag.206,2458021.774384,69.07,1.962324,18584.0,
,54643,217107,apf,rbah.217,2458022.806469,165.71,2.2298,18832.0,
,54644,217107,apf,rbai.217,2458024.768126,-20.30,1.968289,30351.0,
,54645,217107,apf,rbaj.217,2458025.775833,-106.81,2.05103,30769.0,
,54646,217107,apf,rbak.215,2458027.719033,-56.58,2.194517,16972.0,
,54647,217107,apf,rbal.216,2458031.769516,-5.21,2.123953,17400.0,
,54648,217107,apf,rbam.217,2458032.747826,-99.22,2.036231,16965.0,
,54649,217107,apf,rbao.193,2458039.66946,-89.84,2.043608,14988.0,
,54650,217107,apf,rbap.213,2458040.746168,-118.49,1.986174,18765.0,
,54651,217107,apf,rbaq.215,2458041.682882,-80.45,2.131194,16722.0,
,54652,217107,apf,rbar.227,2458042.760153,24.57,1.841109,30252.0,
,54653,217107,apf,rbav.204,2458051.668735,160.49,2.130628,17250.0,
,54654,217107,apf,rbaw.225,2458052.756432,50.27,2.005514,16731.0,
,54655,217107,apf,rbax.228,2458053.71894,-69.67,2.00482,17051.0,
,54656,217107,apf,rbbo.212,2458088.608605,17.06,2.167889,16297.0,
,54657,217107,apf,rbbs.207,2458094.624679,152.18,1.95728,17146.0,
,54658,217107,apf,rbcc.265,2458115.64767,169.37,2.02463,15513.0,
,54659,217107,apf,rbef.265,2458241.004251,-96.46,2.450136,12487.0,
,54660,217107,apf,rbeq.237,2458261.943078,-112.99,2.533121,14788.0,
,54661,217107,apf,rbet.240,2458267.985187,-104.20,2.291509,15941.0,
,54662,217107,apf,rbez.243,2458280.920394,35.14,2.54188,14334.0,
,54663,217107,apf,rbfa.219,2458283.955966,-86.95,2.189667,17137.0,
,54664,217107,apf,rbfb.241,2458285.905205,113.10,2.371378,14819.0,
,54665,217107,apf,rbff.239,2458291.891376,-19.92,2.296848,14452.0,
,54666,217107,apf,rbga.234,2458332.925032,-118.44,2.12972,17628.0,
,54667,217107,apf,rbgh.233,2458342.951385,115.56,2.127154,25571.0,
,54668,217107,apf,rbgp.242,2458359.838685,-40.39,2.061124,16488.0,
,54669,217107,apf,rbgp.244,2458359.845861,-41.72,2.04129,17334.0,
,54670,217107,apf,rbgr.237,2458368.839302,-117.80,1.970014,28074.0,
,54671,217107,apf,rbgs.238,2458369.776998,-72.13,2.269565,16086.0,
,54672,217107,apf,rbgt.233,2458372.788152,135.52,2.129438,14062.0,
,54673,217107,apf,rbgw.224,2458376.801559,-74.04,2.176987,17731.0,
,54674,217107,apf,rbgx.248,2458378.875878,145.46,1.847615,28204.0,
,54675,217107,apf,rbgy.235,2458379.776174,147.77,2.027199,27896.0,
,54676,217107,apf,rbgz.209,2458381.771295,-86.74,2.104608,15908.0,
,54677,217107,apf,rbgz.214,2458381.798285,-87.90,2.326117,16978.0,
,54678,217107,apf,rbhb.214,2458387.75325,41.18,2.339946,16193.0,
,54679,217107,apf,rbhc.221,2458389.780242,-120.92,2.136699,15738.0,
,54680,217107,apf,rbhh.202,2458390.780761,-88.66,1.901235,15129.0,
,54681,217107,apf,rbhj.206,2458398.702353,-23.30,2.287184,15078.0,
,54682,217107,apf,rbhl.217,2458400.749818,162.43,2.020826,17345.0,
,54683,217107,apf,rbhm.203,2458405.729899,-33.30,2.183103,16141.0,
,54684,217107,apf,rbhn.214,2458410.748068,-112.50,1.904295,27841.0,
,54685,217107,apf,rbhp.200,2458414.695494,155.01,2.097737,26810.0,
,54686,217107,apf,rbhr.212,2458418.735811,-112.54,1.88818,26072.0,
,54687,217107,apf,rbhs.211,2458419.716407,-54.39,1.951367,24911.0,
,54688,217107,apf,rblt.227,2458637.943573,-57.29,2.737951,11814.0,
,54689,217107,apf,rbmh.238,2458660.99303,-124.82,2.147497,15097.0,
,54690,217107,apf,rbmj.247,2458665.936591,0.21,2.220076,16546.0,
,54691,217107,apf,rbmk.258,2458667.96052,-124.91,2.303571,12913.0,
,54692,217107,apf,rbml.228,2458669.958587,15.20,1.993542,27603.0,
,54693,217107,apf,rbmn.310,2458675.965281,-90.07,2.028938,28049.0,
,54694,217107,apf,rbmo.223,2458676.822931,-16.76,2.61307,11860.0,
,54695,217107,apf,rbmp.153,2458677.935578,112.08,2.252317,15819.0,
,54696,217107,apf,rbmr.302,2458681.924844,-126.76,2.249948,13981.0,
,54697,217107,apf,rbmt.215,2458686.801933,73.37,2.660563,12108.0,
,54698,217107,apf,rbmu.225,2458688.798019,-127.12,2.578674,13799.0,
,54699,217107,apf,rbmv.237,2458690.798221,-43.86,2.623099,14733.0,
,54700,217107,apf,rbmw.237,2458694.888222,-50.00,2.089212,17750.0,
,54701,217107,apf,rbmw.238,2458694.891046,-53.58,2.095454,17836.0,
,54702,217107,apf,rbmx.209,2458695.779872,-118.60,2.415962,12892.0,
,54703,217107,apf,rbnr.324,2458715.92786,-8.93,1.953245,27614.0,
,54704,217107,apf,rbnr.325,2458715.931773,-14.20,1.891299,27001.0,
,54705,217107,apf,rbnv.306,2458719.883913,18.21,2.286331,15668.0,
,54706,217107,apf,rbnz.550,2458723.86553,-98.93,2.186004,26545.0,
,54707,217107,apf,rbol.504,2458735.848188,154.79,2.111074,13253.0,
,54708,217107,apf,rbpc.836,2458752.776197,-113.94,2.276914,15740.0,
,54709,217107,apf,rbpl.406,2458761.751763,-66.62,2.368154,12833.0,
,54710,217107,apf,rbpm.717,2458762.7513,38.33,2.171001,13692.0,
,54711,217107,lick,rb70.148,2451005.961914,-173.23,8.079914,8092.0,
,54712,217107,lick,rb70.242,2451006.966797,-160.31,8.869678,5705.0,
,54713,217107,lick,rb71.25,2451014.917969,-124.84,8.63556,5672.0,
,54714,217107,lick,rb72.68,2451025.980469,-61.23,8.239389,7344.0,
,54715,217107,lick,rb72.279,2451027.94043,-153.96,7.513092,6619.0,
,54716,217107,lick,rb73.229,2451049.811523,-179.22,10.382175,5035.0,
,54717,217107,lick,rb76.50,2451075.834961,-56.14,6.086353,12270.0,
,54718,217107,lick,rb76.51,2451075.856445,-50.87,6.10348,12271.0,
,54719,217107,lick,rb76.52,2451075.878906,-58.89,5.811897,12294.0,
,54720,217107,lick,rb76.126,2451077.851562,-176.35,7.044193,12298.0,
,54721,217107,lick,rb76.127,2451077.873047,-172.23,6.246963,11636.0,
,54722,217107,lick,rb76.128,2451077.895508,-160.91,7.409097,10285.0,
,54723,217107,lick,rb76.156,2451078.794922,-146.53,6.622292,13311.0,
,54724,217107,lick,rb76.157,2451078.816406,-141.66,6.697781,12943.0,
,54725,217107,lick,rb76.158,2451078.838867,-142.83,6.912471,13122.0,
,54726,217107,lick,rb76.182,2451079.695312,-54.43,8.666674,5931.0,
,54727,217107,lick,rb76.183,2451079.740234,-72.27,7.269245,9106.0,
,54728,217107,lick,rb76.187,2451079.833008,-51.91,10.230934,5015.0,
,54729,217107,lick,rb76.188,2451079.856445,-43.48,11.529459,3566.0,
,54730,217107,lick,rb76.189,2451079.87793,-45.67,7.512231,7103.0,
,54731,217107,lick,rb76.213,2451081.720703,101.14,7.311289,10291.0,
,54732,217107,lick,rb76.214,2451081.743164,96.38,6.798707,11095.0,
,54733,217107,lick,rb76.215,2451081.766602,89.47,6.890581,10823.0,
,54734,217107,lick,rb77.17,2451100.745117,-72.22,5.9128,4737.0,
,54735,217107,lick,rb77.18,2451100.767578,-64.96,6.459161,3877.0,
,54736,217107,lick,rb77.60,2451101.750977,24.04,7.113449,3580.0,
,54737,217107,lick,rb78.101,2451132.65332,-55.19,8.046452,7511.0,
,54738,217107,lick,rb89.54,2451352.963867,89.53,8.648791,7095.0,
,54739,217107,lick,rb90.27,2451362.958984,-124.79,5.439724,23143.0,
,54740,217107,lick,rb90.67,2451363.958984,-84.34,5.567343,23164.0,
,54741,217107,lick,rb90.118,2451364.955078,10.73,5.783012,18266.0,
,54742,217107,lick,rb91.21,2451377.890625,-106.41,6.359167,14907.0,
,54743,217107,lick,rb91.22,2451377.913086,-116.75,6.534463,15101.0,
,54744,217107,lick,rb91.59,2451378.935547,-34.40,5.729371,14711.0,
,54745,217107,lick,rb91.96,2451379.919922,89.78,5.764746,14426.0,
,54746,217107,lick,rb91.97,2451379.942383,87.32,6.140966,14697.0,
,54747,217107,lick,rb91.132,2451380.921875,127.46,5.781214,14401.0,
,54748,217107,lick,rb91.133,2451380.943359,118.46,6.330738,14385.0,
,54749,217107,lick,rb92.20,2451386.931641,61.91,6.534795,13083.0,
,54750,217107,lick,rb92.21,2451386.953125,67.79,6.60898,11727.0,
,54751,217107,lick,rb92.52,2451387.858079,129.35,6.409571,13503.0,
,54752,217107,lick,rb92.53,2451387.880046,135.23,5.892017,14455.0,
,54753,217107,lick,rb92.92,2451388.932617,54.39,6.522585,13954.0,
,54754,217107,lick,rb92.93,2451388.955078,57.33,7.15684,12850.0,
,54755,217107,lick,rb92.130,2451389.938477,-73.64,6.440923,13693.0,
,54756,217107,lick,rb92.131,2451389.959961,-78.82,6.529229,13157.0,
,54757,217107,lick,rb92.159,2451390.991211,-140.44,6.259286,11957.0,
,54758,217107,lick,rb92.193,2451391.953125,-115.40,6.572609,13575.0,
,54759,217107,lick,rb92.194,2451391.980469,-119.99,6.584067,12545.0,
,54760,217107,lick,rb92.228,2451392.93457,-31.10,6.768436,12826.0,
,54761,217107,lick,rb92.229,2451392.957031,-36.24,6.939026,12774.0,
,54762,217107,lick,rb93.11,2451401.836914,136.13,6.286784,13193.0,
,54763,217107,lick,rb93.12,2451401.859375,127.85,6.292679,11913.0,
,54764,217107,lick,rb93.41,2451402.835938,93.41,6.334117,14397.0,
,54765,217107,lick,rb93.42,2451402.858398,104.04,5.764761,14171.0,
,54766,217107,lick,rb93.74,2451403.826172,-36.06,7.031473,11955.0,
,54767,217107,lick,rb93.75,2451403.847656,-36.90,6.06861,13631.0,
,54768,217107,lick,rb94.20,2451416.77832,141.03,5.904794,20491.0,
,54769,217107,lick,rb94.36,2451416.936523,132.58,4.285045,41852.0,
,54770,217107,lick,rb94.92,2451417.882812,-8.86,6.004808,22866.0,
,54771,217107,lick,rb95.14,2451418.779297,-104.46,6.052974,12157.0,
,54772,217107,lick,rb95.15,2451418.802734,-104.58,6.705003,12453.0,
,54773,217107,lick,rb95.51,2451419.759766,-137.13,7.168161,11825.0,
,54774,217107,lick,rb95.52,2451419.782227,-143.63,6.413735,12071.0,
,54775,217107,lick,rs05.90,2451427.803711,-109.96,7.047797,12725.0,
,54776,217107,lick,rs05.91,2451427.826172,-110.50,5.932439,12677.0,
,54777,217107,lick,rs05.130,2451428.774414,-28.77,8.831989,5784.0,
,54778,217107,lick,rs05.131,2451428.795898,-23.75,9.384451,5811.0,
,54779,217107,lick,rs05.175,2451429.881836,98.93,7.09409,12266.0,
,54780,217107,lick,rs05.176,2451429.904297,98.35,7.49797,11627.0,
,54781,217107,lick,rs06.21,2451435.861328,-24.88,6.565338,14136.0,
,54782,217107,lick,rs06.22,2451435.883789,-29.56,6.180985,13604.0,
,54783,217107,lick,rs06.56,2451436.732422,65.70,6.392376,13224.0,
,54784,217107,lick,rs06.57,2451436.754883,62.15,6.034299,13034.0,
,54785,217107,lick,rs06.99,2451437.710938,131.29,7.651246,8598.0,
,54786,217107,lick,rs06.100,2451437.733398,133.98,7.706109,8839.0,
,54787,217107,lick,rs06.135,2451438.78125,46.57,6.598986,13874.0,
,54788,217107,lick,rs06.136,2451438.803711,26.67,6.039825,14229.0,
,54789,217107,lick,rb96.17,2451439.779297,-78.26,7.002663,10043.0,
,54790,217107,lick,rb96.18,2451439.800781,-70.25,7.776088,9164.0,
,54791,217107,lick,rb97.13,2451444.824219,172.72,6.320317,36993.0,
,54792,217107,lick,rb97.77,2451445.786133,105.94,5.021055,24478.0,
,54793,217107,lick,rb97.138,2451446.757812,-33.63,5.525452,25326.0,
,54794,217107,lick,rb97.194,2451447.713867,-108.96,5.324572,25125.0,
,54795,217107,lick,rb97.278,2451448.745995,-105.96,6.042948,20221.0,
,54796,217107,lick,rb98.19,2451453.811523,-45.02,5.528193,14240.0,
,54797,217107,lick,rb98.20,2451453.833984,-39.26,6.508098,13688.0,
,54798,217107,lick,rb98.56,2451454.708008,-113.07,6.867682,11132.0,
,54799,217107,lick,rb98.57,2451454.729492,-101.73,6.731211,11027.0,
,54800,217107,lick,rb99.54,2451468.677734,-100.17,6.223692,13950.0,
,54801,217107,lick,rb99.55,2451468.700195,-80.84,5.770836,14247.0,
,54802,217107,lick,rs07.16,2451477.700195,-103.48,6.083168,12827.0,
,54803,217107,lick,rs07.17,2451477.723633,-117.40,6.635544,12254.0,
,54804,217107,lick,rs07.106,2451480.758789,120.51,9.761938,6265.0,
,54805,217107,lick,rs07.107,2451480.782227,131.54,10.240596,5670.0,
,54806,217107,lick,rs07.146,2451481.685547,21.21,8.886249,6562.0,
,54807,217107,lick,rs07.147,2451481.708008,20.80,10.00175,6148.0,
,54808,217107,lick,rd02.13,2451496.650391,-47.49,6.590309,14671.0,
,54809,217107,lick,rd02.14,2451496.668945,-81.64,7.909568,8128.0,
,54810,217107,lick,rd06.45,2451533.586914,-109.49,6.029628,18472.0,
,54811,217107,lick,rd06.170,2451535.58169,-21.72,6.432964,10869.0,
,54812,217107,lick,rd06.171,2451535.591794,-11.83,5.332921,17427.0,
,54813,217107,lick,rd06.297,2451539.635742,-64.52,5.945775,17755.0,
,54814,217107,lick,rd12.108,2451751.941406,148.27,5.735816,32342.0,
,54815,217107,lick,rd12.165,2451752.891602,14.04,4.581271,38057.0,
,54816,217107,lick,rd13.28,2451774.865234,-42.51,4.383751,42504.0,
,54817,217107,lick,rd13.82,2451775.904297,-88.62,4.531333,42166.0,
,54818,217107,lick,rd16.10,2451802.889648,-8.17,6.6271,12808.0,
,54819,217107,lick,rd16.11,2451802.912109,-17.34,6.984009,12584.0,
,54820,217107,lick,rd16.64,2451803.905273,-117.93,6.140221,13805.0,
,54821,217107,lick,rd16.65,2451803.927734,-110.68,6.704936,9219.0,
,54822,217107,lick,rd16.106,2451804.883789,-110.38,5.909073,13900.0,
,54823,217107,lick,rd16.107,2451804.90625,-111.24,6.556728,13921.0,
,54824,217107,lick,rd18.57,2451823.705078,71.32,5.456437,20131.0,
,54825,217107,lick,rd18.58,2451823.739258,61.40,5.786553,20101.0,
,54826,217107,lick,rd18.95,2451824.683594,-45.53,5.161957,20229.0,
,54827,217107,lick,rd18.96,2451824.711914,-44.36,5.920679,18692.0,
,54828,217107,lick,rd24.14,2451841.69043,-52.14,6.355839,16187.0,
,54829,217107,lick,rd24.15,2451841.719727,-43.77,6.959655,15874.0,
,54830,217107,lick,rd26.41,2451860.646484,-64.16,5.46814,25714.0,
,54831,217107,lick,rd27.11,2451865.59082,165.36,6.837667,11884.0,
,54832,217107,lick,rd27.12,2451865.62207,154.78,7.796917,11782.0,
,54833,217107,lick,rd29.10,2451876.598633,-82.31,5.930142,15421.0,
,54834,217107,lick,rd29.11,2451876.62793,-86.69,6.119021,15757.0,
,54835,217107,lick,rd33.38,2451905.625977,-51.10,7.33802,10450.0,
,54836,217107,lick,rd33.39,2451905.655273,-63.38,7.489375,9589.0,
,54837,217107,lick,rd37.12,2451927.61706,-9.55,5.975464,24745.0,
,54838,217107,lick,rd49.83,2452076.970703,0.19,4.490555,35079.0,
,54839,217107,lick,rd52.140,2452104.914062,-70.37,7.135171,11284.0,
,54840,217107,lick,rd52.141,2452104.941406,-59.69,6.648451,11479.0,
,54841,217107,lick,rd53.78,2452112.924805,13.56,5.452142,13664.0,
,54842,217107,lick,rd54.40,2452120.876953,98.06,5.614545,19345.0,
,54843,217107,lick,rd54.108,2452121.834961,177.82,4.839748,34661.0,
,54844,217107,lick,rd54.203,2452122.892578,116.09,4.339636,35276.0,
,54845,217107,lick,rd55.77,2452127.947266,52.80,6.118737,12114.0,
,54846,217107,lick,rd56.103,2452136.905273,136.75,6.733972,12642.0,
,54847,217107,lick,rd56.104,2452136.932617,123.10,8.352157,7388.0,
,54848,217107,lick,rd58.52,2452144.865234,14.38,6.423012,15141.0,
,54849,217107,lick,rd58.53,2452144.894531,12.83,6.285754,14757.0,
,54850,217107,lick,rd59.24,2452157.760742,172.38,5.590933,27965.0,
,54851,217107,lick,rd59.148,2452159.768555,-40.27,5.150135,40842.0,
,54852,217107,lick,rd59.225,2452160.823242,-98.13,5.002088,34432.0,
,54853,217107,lick,rd61.92,2452182.745117,-103.78,5.507325,14987.0,
,54854,217107,lick,rd61.93,2452182.775391,-92.46,6.334756,14377.0,
,54855,217107,lick,rd62.73,2452186.710938,140.21,5.860572,13816.0,
,54856,217107,lick,rd62.74,2452186.740234,137.63,5.869313,13464.0,
,54857,217107,lick,rd71.77,2452220.644531,89.68,8.979565,7578.0,
,54858,217107,lick,rd71.78,2452220.673828,93.49,8.334025,8066.0,
,54859,217107,lick,rf05.31,2452470.921875,149.81,4.927082,13181.0,
,54860,217107,lick,rf05.32,2452470.932617,154.99,4.696512,39638.0,
,54861,217107,lick,rf05.33,2452470.941406,149.29,5.188487,38104.0,
,54862,217107,lick,rf07.166,2452491.774414,119.35,6.858366,12567.0,
,54863,217107,lick,rf07.167,2452491.796875,99.00,7.147333,18043.0,
,54864,217107,lick,rf07.168,2452491.819336,120.58,6.862439,12726.0,
,54865,217107,lick,rf08.34,2452492.926758,188.38,5.200185,26587.0,
,54866,217107,lick,rf08.77,2452493.799805,58.19,4.432532,44019.0,
,54867,217107,lick,rf08.80,2452493.839844,73.89,4.172434,39644.0,
,54868,217107,lick,rf08.86,2452493.883789,28.18,5.069845,50611.0,
,54869,217107,lick,rf08.90,2452493.932617,59.82,4.423697,51367.0,
,54870,217107,lick,rf08.98,2452493.970703,55.88,4.035942,46099.0,
,54871,217107,lick,rs60.136,2452496.908203,-56.03,8.052301,9049.0,
,54872,217107,lick,rs60.137,2452496.9375,-53.77,9.382739,8039.0,
,54873,217107,lick,rf09.27,2452508.823242,-72.14,5.317711,34776.0,
,54874,217107,lick,rf09.28,2452508.829102,-64.50,4.984875,44129.0,
,54875,217107,lick,rf09.90,2452509.814453,-134.06,5.557332,39832.0,
,54876,217107,lick,rf10.15,2452510.727539,-138.35,7.096324,11936.0,
,54877,217107,lick,rf10.16,2452510.75,-142.98,7.654315,12910.0,
,54878,217107,lick,rf10.17,2452510.772461,-124.82,6.350861,12643.0,
,54879,217107,lick,rf11.11,2452511.827148,-16.77,3.753872,43222.0,
,54880,217107,lick,rf11.89,2452512.817383,120.31,3.608428,32026.0,
,54881,217107,lick,rf15.80,2452535.741211,161.94,4.773125,25642.0,
,54882,217107,lick,rf15.81,2452535.760742,165.32,4.678177,73704.0,
,54883,217107,lick,rf29.73,2452657.620117,54.22,5.599155,10324.0,
,54884,217107,lick,rf29.74,2452657.642578,54.96,6.864171,7768.0,
,54885,217107,lick,rf29.196,2452659.616211,-101.23,4.968955,13603.0,
,54886,217107,lick,rf29.197,2452659.638672,-105.22,5.74165,11995.0,
,54887,217107,lick,rf29.198,2452659.661133,-120.21,6.766554,9204.0,
,54888,217107,lick,rf36.124,2452813.980469,123.82,5.611179,17212.0,
,54889,217107,lick,rf36.125,2452813.987305,126.54,5.043885,17220.0,
,54890,217107,lick,rf37.40,2452831.961914,-73.90,4.355551,54441.0,
,54891,217107,lick,rf37.41,2452831.973633,-72.97,4.694997,53673.0,
,54892,217107,lick,rf37.178,2452834.943403,174.39,4.158774,51142.0,
,54893,217107,lick,rf37.179,2452834.952512,159.76,4.055817,50880.0,
,54894,217107,lick,rf39.85,2452855.869141,175.01,5.72092,12234.0,
,54895,217107,lick,rf39.86,2452855.891602,189.93,5.630383,13181.0,
,54896,217107,lick,rf39.87,2452855.914062,185.62,5.338061,13499.0,
,54897,217107,lick,rf41.5,2452889.866211,12.89,5.710762,13827.0,
,54898,217107,lick,rf41.6,2452889.889648,9.22,5.711862,13718.0,
,54899,217107,lick,rf41.7,2452889.912109,7.30,5.642765,13643.0,
,54900,217107,lick,rf41.86,2452891.663086,164.65,6.883569,9060.0,
,54901,217107,lick,rf41.87,2452891.683594,177.40,9.489443,5977.0,
,54902,217107,lick,rf41.88,2452891.735352,146.36,7.728898,11282.0,
,54903,217107,lick,rf41.89,2452891.757812,150.76,5.824666,13478.0,
,54904,217107,lick,rf42.31,2452893.861328,-41.45,4.646765,26791.0,
,54905,217107,lick,rf42.82,2452894.773438,-84.96,4.523968,19935.0,
,54906,217107,lick,rf42.140,2452895.806641,-62.39,4.364836,20301.0,
,54907,217107,lick,rf42.255,2452897.769531,96.95,4.115006,66163.0,
,54908,217107,lick,rf51.73,2452991.62793,175.30,4.099093,49405.0,
,54909,217107,lick,rf76.55,2453210.994141,65.43,3.707762,40722.0,
,54910,217107,lick,rf76.135,2453211.977539,153.45,4.712484,40485.0,
,54911,217107,lick,rf76.206,2453212.896484,138.07,4.355323,37773.0,
,54912,217107,lick,rf79.124,2453220.899414,34.20,6.636302,6415.0,
,54913,217107,lick,rf79.125,2453220.922852,19.93,7.204413,6191.0,
,54914,217107,lick,rf81.30,2453236.874757,-128.76,5.628846,9343.0,
,54915,217107,lick,rf81.31,2453236.897269,-113.43,5.740552,10120.0,
,54916,217107,lick,rf81.32,2453236.919618,-123.73,5.167556,10636.0,
,54917,217107,lick,rf81.126,2453238.865234,-8.30,5.34199,9623.0,
,54918,217107,lick,rf81.127,2453238.887695,-33.53,5.731144,9797.0,
,54919,217107,lick,rf81.128,2453238.90918,-23.61,7.007945,4413.0,
,54920,217107,lick,rf84.47,2453250.9375,-91.15,5.073465,26838.0,
,54921,217107,lick,rf84.110,2453251.930664,-78.85,5.920386,11286.0,
,54922,217107,lick,rf84.111,2453251.94043,-80.13,6.066908,9848.0,
,54923,217107,lick,rf90.182,2453282.761719,114.99,4.896349,27806.0,
,54924,217107,lick,rg46.201,2453867.996863,171.95,4.367789,39227.0,
,54925,217107,lick,rg55.89,2453953.880116,136.84,4.967372,32785.0,
,54926,217107,lick,rg55.421,2453955.885243,-72.60,4.180366,30631.0,
,54927,217107,lick,rg55.753,2453957.829884,-76.84,4.548191,27426.0,
,54928,217107,lick,rg88.60,2454310.910714,69.67,4.348186,28938.0,
,54929,217107,lick,rg90.55,2454339.882905,15.21,4.095015,59438.0,
,54930,217107,lick,ri02.456,2454427.639352,-114.10,4.06922,29439.0,
,54931,217107,lick,ri32.366,2454674.906065,-27.14,5.255211,13775.0,
,54932,217107,lick,ri32.367,2454674.928912,-34.74,5.087789,13701.0,
,54933,217107,lick,ri32.368,2454674.951435,-23.81,4.887237,13648.0,
,54934,217107,lick,ri32.369,2454674.974201,-41.06,4.812342,13618.0,
,54935,217107,lick,ri36.143,2454784.617847,-105.05,4.698358,18206.0,
,54936,217107,lick,ri36.235,2454785.621019,-26.00,6.320462,8429.0,