,47462,195019,k,rk25.48,2451068.852037,-233.71,1.31687,79934.0,
,47463,195019,k,rk25.176,2451069.892998,-182.36,1.448708,133045.0,
,47464,195019,k,rk25.310,2451070.912731,-99.62,1.382497,111613.0,
,47465,195019,k,rk25.430,2451071.848866,-10.34,1.298645,81044.0,
,47466,195019,k,rk25.562,2451072.836933,83.53,1.35146,76072.0,
,47467,195019,k,rk26.829,2451074.856782,236.64,1.391606,83828.0,
,47468,195019,k,rk26.935,2451075.797037,277.81,1.677504,44606.0,
,47469,195019,k,rk30.168,2451312.090903,264.11,1.34595,138140.0,
,47470,195019,k,rk31.165,2451342.056204,-239.76,1.385793,132415.0,
,47471,195019,k,rk32.57,2451367.911968,277.04,1.479119,72239.0,
,47472,195019,k,rk33.85,2451409.930162,-88.12,1.342762,113997.0,
,47473,195019,k,rk33.347,2451411.875961,-230.71,1.517679,135309.0,
,47474,195019,k,rk35.32,2451438.767326,233.63,1.321188,77965.0,
,47475,195019,k,rk35.152,2451439.825914,281.93,1.310715,67259.0,
,47476,195019,k,rk40.59,2451679.093519,231.50,1.182487,89929.0,
,47477,195019,k,rk41.278,2451705.08765,-263.28,1.664953,81283.0,
,47478,195019,k,rk41.468,2451706.09235,-233.09,1.361112,88433.0,
,47479,195019,k,rk41.663,2451707.097222,-168.00,1.3867,96731.0,
,47480,195019,k,rk43.51,2451754.960451,-3.52,1.355809,107343.0,
,47481,195019,k,rk43.181,2451755.956678,-95.97,1.222687,107947.0,
,47482,195019,k,rk45.29,2451792.782812,-140.46,1.352956,64207.0,
,47483,195019,k,rk46.164,2451883.71169,-133.89,1.472404,77307.0,
,47484,195019,k,rk50.206,2452004.144699,275.29,1.311225,106760.0,
,47485,195019,k,rk51.311,2452008.142616,132.11,1.429247,95482.0,
,47486,195019,k,rk52.49,2452031.069282,-229.59,1.351708,105303.0,
,47487,195019,k,rk53.197,2452063.062164,115.14,1.557622,84618.0,
,47488,195019,k,rk54.68,2452094.904421,270.18,1.494406,71387.0,
,47489,195019,k,rk55.262,2452128.920266,118.89,1.423294,84695.0,
,47490,195019,k,rk65.51,2452486.865926,-258.22,1.259283,86980.0,
,47491,195019,k,rk67.741,2452539.772581,-190.68,1.202209,89041.0,
,47492,195019,k,rk73.224,2452778.115787,-249.96,1.494997,102749.0,
,47493,195019,k,rk74.274,2452804.998171,282.25,1.652962,100418.0,
,47494,195019,k,rk75.871,2452834.98022,-204.83,1.437575,99555.0,
,47495,195019,k,rk77.13,2452853.979294,-145.15,1.552118,97313.0,
,47496,195019,k,rk88.69,2453195.887708,-239.32,1.367442,98491.0,
,47497,195019,j,rj08.224,2453546.999838,-24.81,1.022213,0.159,91258.0,
,47498,195019,j,rj14.76,2453723.717558,-222.23,1.115804,0.158,99469.0,
,47499,195019,j,rj41.4195,2454314.997512,275.70,1.170559,0.16,67506.0,
,47500,195019,j,rj43.187,2454335.977234,272.36,1.069886,0.16,70371.0,
,47501,195019,j,rj45.130,2454343.760104,-252.04,1.033217,0.16,68893.0,
,47502,195019,j,rj45.580,2454344.946632,-235.24,1.044032,0.16,72206.0,
,47503,195019,j,rj47.320,2454397.761227,-236.54,0.940198,0.161,70818.0,
,47504,195019,j,rj48.1213,2454430.72765,-16.92,1.076822,0.16,69559.0,
,47505,195019,j,rj55.1447,2454639.986713,78.57,1.232242,0.16,45283.0,
,47506,195019,j,rj59.1913,2454723.906308,-177.66,1.134712,0.16,44234.0,
,47507,195019,j,rj60.105,2454725.844363,-248.38,1.144086,0.16,44047.0,
,47508,195019,j,rj60.536,2454726.96184,-237.26,1.129182,0.153,45161.0,
,47509,195019,j,rj63.72,2454805.720625,229.95,1.126761,0.161,45024.0,
,47510,195019,j,rj63.976,2454808.707859,285.89,1.346259,0.16,46076.0,
,47511,195019,j,rj63.1286,2454809.75713,243.74,1.277872,0.161,44579.0,
,47512,195019,j,rj74.474,2455043.787067,297.71,1.410494,0.161,44107.0,
,47513,195019,j,rj93.1504,2455379.062447,-165.04,1.241068,0.159,47070.0,
,47514,195019,j,rj129.287,2455782.842944,-226.34,1.249563,0.159,45151.0,
,47515,195019,j,rj153.304,2456110.922739,-197.24,1.055897,0.16,46551.0,
,47516,195019,j,rj179.866,2456525.733024,-164.22,1.247238,0.159,47287.0,
,47517,195019,j,rj185.271,2456637.695015,-233.93,1.234933,0.1605,46768.0,
,47518,195019,j,rj194.1074,2456911.73201,-211.76,1.205243,0.1607,48150.0,
,47519,195019,j,rj202.939,2457211.132243,299.57,1.21001,0.1591,48631.0,
,47520,195019,j,rj255.277,2457888.105886,76.73,1.309475,0.1605,46572.0,
,47521,195019,j,rj278.1264,2458118.687946,267.82,1.118985,0.1593,46139.0,
,47522,195019,j,rj293.523,2458301.135353,286.34,1.379499,0.1598,48097.0,
,47523,195019,j,rj341.260,2458723.725656,221.64,1.17131,0.1605,47798.0,
,47524,195019,lick,rb70.60,2451004.874132,191.48,11.477251,4555.0,
,47525,195019,lick,rb70.232,2451006.882812,50.45,11.978185,5061.0,
,47526,195019,lick,rb72.130,2451026.844727,-89.53,10.748439,5932.0,
,47527,195019,lick,rb72.264,2451027.869141,-146.99,10.297456,6285.0,
,47528,195019,lick,rb73.63,2451045.835938,-97.96,9.970078,5040.0,
,47529,195019,lick,rb76.47,2451075.765625,212.22,8.971134,6995.0,
,47530,195019,lick,rb76.48,2451075.789062,237.16,9.225671,6882.0,
,47531,195019,lick,rb76.49,2451075.811523,221.76,9.543712,6724.0,
,47532,195019,lick,rb76.123,2451077.782227,202.60,10.634196,5843.0,
,47533,195019,lick,rb76.124,2451077.804688,208.35,10.332384,5434.0,
,47534,195019,lick,rb76.125,2451077.827148,174.90,11.890967,4709.0,
,47535,195019,lick,rb76.153,2451078.725586,193.33,10.066082,6852.0,
,47536,195019,lick,rb76.154,2451078.749023,172.78,8.992662,6643.0,
,47537,195019,lick,rb76.155,2451078.771484,177.50,10.298939,6701.0,
,47538,195019,lick,rb76.184,2451079.766602,101.55,13.817485,3496.0,
,47539,195019,lick,rb76.185,2451079.787109,60.13,13.066346,4053.0,
,47540,195019,lick,rb76.186,2451079.806641,54.74,13.993177,3221.0,
,47541,195019,lick,rb76.210,2451081.652344,-76.65,10.851559,5222.0,
,47542,195019,lick,rb76.211,2451081.674805,-72.48,11.36955,5650.0,
,47543,195019,lick,rb76.212,2451081.697266,-87.20,10.209524,5803.0,
,47544,195019,lick,rb76.226,2451082.663086,-157.96,10.273043,5618.0,
,47545,195019,lick,rb76.227,2451082.681641,-130.99,14.457552,3500.0,
,47546,195019,lick,rb78.143,2451133.637695,153.24,10.771995,5713.0,
,47547,195019,lick,rb86.80,2451300.005859,-77.44,6.424058,16093.0,
,47548,195019,lick,rb89.53,2451352.944336,37.92,11.446153,4784.0,
,47549,195019,lick,rb90.25,2451362.930664,-87.18,6.244847,21876.0,
,47550,195019,lick,rb90.66,2451363.947266,-7.36,6.096673,24368.0,
,47551,195019,lick,rb90.117,2451364.945312,91.39,6.755345,17624.0,
,47552,195019,lick,rb91.19,2451377.845703,-312.92,9.295919,6445.0,
,47553,195019,lick,rb91.20,2451377.867188,-317.66,9.108701,7017.0,
,47554,195019,lick,rb91.94,2451379.875977,-190.40,9.70594,7390.0,
,47555,195019,lick,rb91.95,2451379.898438,-167.46,10.352384,7315.0,
,47556,195019,lick,rb92.18,2451386.887695,198.76,9.302757,5578.0,
,47557,195019,lick,rb92.19,2451386.910156,191.17,10.62915,5342.0,
,47558,195019,lick,rb92.56,2451387.951296,147.98,10.572178,6544.0,
,47559,195019,lick,rb92.90,2451388.887695,105.63,10.10222,7304.0,
,47560,195019,lick,rb92.91,2451388.910156,103.75,10.358852,7054.0,
,47561,195019,lick,rb92.191,2451391.907227,-144.44,9.522692,6255.0,
,47562,195019,lick,rb92.192,2451391.929688,-147.64,10.743692,5539.0,
,47563,195019,lick,rb93.39,2451402.791016,175.38,10.265607,6695.0,
,47564,195019,lick,rb93.40,2451402.813477,186.59,10.112837,6857.0,
,47565,195019,lick,rb94.17,2451416.742188,-151.13,5.589833,33338.0,
,47566,195019,lick,rb94.78,2451417.776367,-53.07,6.420374,21213.0,
,47567,195019,lick,rb95.12,2451418.731445,46.65,8.553757,6954.0,
,47568,195019,lick,rb95.13,2451418.755859,40.18,8.528736,7036.0,
,47569,195019,lick,rb95.47,2451419.668945,116.42,9.543443,6464.0,
,47570,195019,lick,rb95.48,2451419.691406,128.60,9.094928,6650.0,
,47571,195019,lick,rb96.11,2451439.639648,197.93,10.003886,6480.0,
,47572,195019,lick,rb96.12,2451439.662109,196.96,10.247971,6750.0,
,47573,195019,lick,rb97.70,2451445.711914,-71.80,6.097662,18459.0,
,47574,195019,lick,rb97.130,2451446.672852,-164.23,5.722863,25840.0,
,47575,195019,lick,rb97.185,2451447.641602,-229.40,7.015073,16395.0,
,47576,195019,lick,rb97.276,2451448.715336,-276.53,6.01726,28819.0,
,47577,195019,lick,rb98.13,2451453.674805,-103.02,9.761416,7971.0,
,47578,195019,lick,rb98.14,2451453.695312,-70.25,10.507318,7169.0,
,47579,195019,lick,rb98.54,2451454.662109,-4.79,10.296071,6196.0,
,47580,195019,lick,rb98.55,2451454.68457,-0.03,10.808378,6218.0,
,47581,195019,lick,rb99.12,2451467.666016,-311.67,10.799817,5384.0,
,47582,195019,lick,rb99.13,2451467.6875,-307.56,12.013129,5351.0,
,47583,195019,lick,rb99.52,2451468.630859,-278.15,10.091895,7266.0,
,47584,195019,lick,rb99.53,2451468.65332,-280.15,8.55726,7565.0,
,47585,195019,lick,rd02.11,2451496.605469,150.51,11.888297,5335.0,
,47586,195019,lick,rd02.12,2451496.628906,198.40,10.893785,6849.0,
,47587,195019,lick,rs13.58,2451678.928711,184.39,7.420501,16255.0,
,47588,195019,lick,rd10.31,2451699.93457,-48.30,11.54893,6956.0,
,47589,195019,lick,rd10.32,2451699.957031,-56.99,9.607092,6865.0,
,47590,195019,lick,rd12.27,2451750.827148,222.16,5.790707,40535.0,
,47591,195019,lick,rd12.99,2451751.851562,169.87,5.530358,34889.0,
,47592,195019,lick,rd13.21,2451774.791016,-191.20,5.575452,45512.0,
,47593,195019,lick,rd13.76,2451775.824219,-267.29,5.534165,37707.0,
,47594,195019,lick,rd16.4,2451802.726562,179.09,9.640454,7337.0,
,47595,195019,lick,rd16.5,2451802.749023,178.65,11.38182,7110.0,
,47596,195019,lick,rd16.45,2451803.724609,202.36,8.808822,7867.0,
,47597,195019,lick,rd16.46,2451803.74707,217.35,8.693358,8037.0,
,47598,195019,lick,rd17.14,2451812.701172,-271.79,9.527604,7154.0,
,47599,195019,lick,rd17.15,2451812.722656,-252.39,8.949507,6970.0,
,47600,195019,lick,rd17.153,2451816.664062,-156.29,9.627119,7659.0,
,47601,195019,lick,rd17.154,2451816.693359,-170.08,9.165464,8056.0,
,47602,195019,lick,rd18.55,2451823.644531,202.27,8.364899,10218.0,
,47603,195019,lick,rd18.56,2451823.674805,199.13,9.223346,10324.0,
,47604,195019,lick,rd18.136,2451825.631836,133.53,7.433987,9988.0,
,47605,195019,lick,rd18.137,2451825.661133,118.38,8.220469,9358.0,
,47606,195019,lick,rd20.51,2451834.614258,-202.33,8.531662,8870.0,
,47607,195019,lick,rd20.52,2451834.643555,-209.10,9.635961,8670.0,
,47608,195019,lick,rd24.12,2451841.631836,241.79,9.5302,8962.0,
,47609,195019,lick,rd24.13,2451841.661133,212.76,9.540363,8922.0,
,47610,195019,lick,rd48.62,2452073.912109,16.78,10.230299,6962.0,
,47611,195019,lick,rd48.63,2452073.942383,25.09,10.894192,6578.0,
,47612,195019,lick,rd48.64,2452073.970703,58.62,9.22784,7927.0,
,47613,195019,lick,rd49.40,2452075.948242,175.32,6.20536,39612.0,
,47614,195019,lick,rd49.41,2452075.956055,173.63,5.217167,52742.0,
,47615,195019,lick,rd49.77,2452076.921875,205.67,6.037345,31724.0,
,47616,195019,lick,rd49.78,2452076.929688,203.02,5.443396,30865.0,
,47617,195019,lick,rd53.173,2452114.890625,229.32,10.497793,6734.0,
,47618,195019,lick,rd53.174,2452114.920898,224.75,10.52846,6245.0,
,47619,195019,lick,rd54.105,2452121.806641,-272.96,5.534462,33558.0,
,47620,195019,lick,rd54.197,2452122.852539,-309.70,6.753175,18981.0,
,47621,195019,lick,rd55.73,2452127.851562,-27.55,10.385059,6916.0,
,47622,195019,lick,rd55.74,2452127.882812,-27.37,8.352111,8647.0,
,47623,195019,lick,rd56.100,2452136.801758,-10.11,9.731357,7561.0,
,47624,195019,lick,rd56.101,2452136.832031,-16.79,9.896173,7097.0,
,47625,195019,lick,rd59.20,2452157.722656,-233.03,5.582674,38680.0,
,47626,195019,lick,rd59.142,2452159.71582,-300.59,5.008052,37168.0,
,47627,195019,lick,rd59.218,2452160.769531,-281.26,6.636446,25879.0,
,47628,195019,lick,rd60.243,2452173.689453,-64.19,8.899536,7442.0,
,47629,195019,lick,rd60.244,2452173.719727,-63.61,10.483994,7120.0,
,47630,195019,lick,rd61.13,2452180.667969,-186.94,10.044594,6552.0,
,47631,195019,lick,rd61.14,2452180.697266,-179.62,10.668448,5626.0,
,47632,195019,lick,rd61.132,2452183.669922,90.18,8.985664,7921.0,
,47633,195019,lick,rd61.133,2452183.717773,44.58,9.831753,6713.0,
,47634,195019,lick,rf02.35,2452448.973633,-271.14,6.609147,20972.0,
,47635,195019,lick,rf05.28,2452470.868164,-250.32,5.738472,27078.0,
,47636,195019,lick,rf05.29,2452470.875977,-268.75,5.500643,20871.0,
,47637,195019,lick,rf09.26,2452508.8125,-165.73,5.362578,42266.0,
,47638,195019,lick,rf09.88,2452509.78418,-51.77,5.643063,41225.0,
,47639,195019,lick,rf09.89,2452509.802734,-70.75,5.757527,37858.0,
,47640,195019,lick,rf11.10,2452511.816406,112.41,5.088075,36170.0,
,47641,195019,lick,rf12.18,2452514.789062,208.69,8.71153,5446.0,
,47642,195019,lick,rf12.19,2452514.811523,194.37,8.66369,5404.0,
,47643,195019,lick,rf12.20,2452514.836914,196.94,10.280593,5358.0,
,47644,195019,lick,rf12.56,2452515.737305,172.42,8.272984,6567.0,
,47645,195019,lick,rf12.57,2452515.761719,172.65,8.726402,5979.0,
,47646,195019,lick,rf12.58,2452515.78418,182.71,7.919128,6288.0,
,47647,195019,lick,rf13.18,2452516.791016,164.05,11.430866,5092.0,
,47648,195019,lick,rf13.19,2452516.813477,144.55,10.41346,5536.0,
,47649,195019,lick,rf13.20,2452516.836914,122.67,11.875958,5662.0,
,47650,195019,lick,rf14.51,2452521.774414,-244.08,7.646421,5845.0,
,47651,195019,lick,rf14.52,2452521.795898,-244.15,9.24223,5509.0,
,47652,195019,lick,rf14.53,2452521.819336,-288.33,9.543595,4139.0,
,47653,195019,lick,rf15.24,2452534.764648,156.31,4.768727,36566.0,
,47654,195019,lick,rf76.51,2453210.959961,-53.76,4.812708,39474.0,
,47655,195019,lick,rf76.123,2453211.893555,-139.67,5.258238,39752.0,
,47656,195019,lick,rf90.107,2453281.702148,130.88,4.769598,31958.0,
,47657,195019,lick,rg22.21,2453567.891713,153.37,5.562084,24452.0,
,47658,195019,lick,rg88.56,2454310.876302,-120.40,5.233158,22690.0,
,47659,195019,lick,rg90.51,2454339.84713,-94.79,5.20728,24154.0,
,47660,195019,lick,ri36.22,2454783.622095,-161.06,5.383482,24661.0,