2455269.8328453,31.9,12.0,
2454253.7711993,10.50,3.17,
2452864.57934,43.03,7.14
2455269.8477334,30.9,12.0,
2454253.7786414,9.06,2.22,
2453130.83712,-6.28,2.65
2455349.6897288,9.9,14.0,
2454367.5565354,-23.81,1.09,
2453872.73696,28.04,2.62
2455349.7090115,6.9,15.0,
2454368.5376348,-23.64,1.13,
2453987.50506,38.49,3.45
2455350.6957245,-5.2,17.0,
2454578.7885789,-83.52,0.83,
2453988.49460,25.06,2.81
2455350.7085995,-11.2,22.0,
2454581.8076461,-81.90,0.92,
2454190.80550,0.00,3.43
2455351.6772114,3.9,13.0,
2455271.8809609,19.62,0.77,
2454217.84734,-7.02,3.38
2455351.6921046,-0.2,14.0,
2455649.7540214,-83.51,0.94,
2454277.65819,-29.11,3.43
2455352.6804150,-8.2,13.0,
2455786.5132754,-30.99,0.89,
2454299.55951,-37.73,3.04
2455352.6925204,2.9,12.0,
2455992.7979663,55.69,1.23,
2454300.58038,-36.03,2.51
2455465.4819439,-37.2,19.0,
2455993.7269629,65.78,0.89,
2454339.50049,-52.16,3.39
2455465.4921698,-41.2,18.0,
2456063.6718947,68.27,2.14,
2454501.87197,-94.15,3.01
2455466.4810091,-44.2,20.0,
2456064.6371793,65.24,0.87,
2454650.68383,-105.06,6.82
2455467.4908225,-36.2,13.0,
2456065.6805773,64.11,0.80,
2454925.87115,21.04,2.76
2455786.5181546,-28.2,13.0,
2456184.5078021,53.36,0.84,
2454963.75707,34.93,3.05
2455787.5128697,-32.2,12.0,
2456442.6901584,-22.67,0.90,
2454965.78744,31.39,2.82
2455788.5005189,-18.2,12.0,
2456443.6959898,-19.26,1.96,
2455019.67861,27.65,2.46
2455967.8637123,48.8,14.0,
2456444.7117386,-20.46,1.79,,,
2455969.8564628,55.8,14.0,
2456462.6564547,-25.82,0.97,,,
2455970.8440395,49.8,14.0,,,,,,
2455971.8236578,61.8,14.0,,,,,,
2455972.8379866,52.8,14.0,,,,,,
2456034.8111668,73.8,14.0,,,,,,
2456037.8046599,73.7,12.0,,,,,,
2456160.4914594,49.7,11.0,,,,,,
2456161.4914636,58.7,12.0,,,,,,
2456162.5761051,53.7,18.0,,,,,,
2456164.4909267,46.7,12.0,,,,,,
2456381.7216801,-14.3,15.0,,,,,,
2456381.7325023,-13.3,14.0,,,,,,
2456463.6056985,-23.3,12.0,,,,,,
2456465.6944440,-22.3,12.0,,,,,,
2456467.5744277,-75.3,23.0,,,,,,
2456554.5120400,-28.3,16.0,,,,,,
2456554.5219817,-49.3,20.0,,,,,,
2456555.5573278,-33.3,13.0,,,,,,
2456676.8679860,-68.4,14.0,,,,,,
2456734.7382463,-61.4,12.0,,,,,,
2456752.8000194,-39.4,13.0,,,,,,
2456754.7548507,-51.4,13.0,,,,,,
2456823.7338512,-33.4,13.0,,,,,,
2456825.7551623,-36.4,13.0,,,,,,
2456881.6125148,5.6,12.0,,,,,,
2456882.6036411,17.6,15.0,,,,,,
2457281.5366030,71.5,19.0,,