,51337,209458,k,rk31.98,2451341.119826,26.00,1.779262,63851.0,
,51338,209458,k,rk32.190,2451368.941308,-25.58,1.954586,60410.0,
,51339,209458,k,rk32.741,2451372.134444,-67.23,2.200213,41607.0,
,51340,209458,k,rk32.908,2451373.055926,53.38,1.897833,73811.0,
,51341,209458,k,rk32.1100,2451374.05522,51.87,1.791134,91619.0,
,51342,209458,k,rk33.105,2451410.012257,-48.76,1.640514,112148.0,
,51343,209458,k,rk33.238,2451410.962928,-60.70,1.88976,90448.0,
,51344,209458,k,rk33.361,2451411.933194,68.30,2.04814,79449.0,
,51345,209458,k,rk35.40,2451438.807998,-76.43,1.776379,103657.0,
,51346,209458,k,rk37.16,2451543.688507,-13.58,1.815251,50692.0,
,51347,209458,k,rk37.17,2451543.692546,-11.59,1.811578,71426.0,
,51348,209458,k,rk38.16,2451550.690625,-30.58,1.550131,93290.0,
,51349,209458,k,rk38.17,2451550.695023,-31.06,1.818355,73931.0,
,51350,209458,k,rk38.157,2451551.69559,-84.02,1.8938,54241.0,
,51351,209458,k,rk38.158,2451551.700752,-77.79,1.504456,105659.0,
,51352,209458,k,rk38.287,2451552.702766,41.63,1.966319,63505.0,
,51353,209458,k,rk40.62,2451679.106574,-27.76,1.694866,86586.0,
,51354,209458,k,rk41.71,2451703.121157,-75.02,1.665061,91692.0,
,51355,209458,k,rk41.173,2451704.097593,13.69,1.571313,88128.0,
,51356,209458,k,rk41.281,2451705.105394,80.93,1.990224,84422.0,
,51357,209458,k,rk41.470,2451706.102396,-38.36,1.734269,91117.0,
,51358,209458,k,rk41.665,2451707.108067,-49.04,1.780043,91753.0,
,51359,209458,k,rk43.53,2451754.975278,32.64,1.525226,106044.0,
,51360,209458,k,rk43.59,2451755.019433,25.43,1.594719,105137.0,
,51361,209458,k,rk43.60,2451755.024699,20.78,1.664018,82661.0,
,51362,209458,k,rk43.62,2451755.041377,28.86,1.589856,105411.0,
,51363,209458,k,rk43.65,2451755.053148,49.09,1.447827,104111.0,
,51364,209458,k,rk43.67,2451755.067546,52.45,1.51398,104476.0,
,51365,209458,k,rk43.68,2451755.074329,51.30,1.397286,104431.0,
,51366,209458,k,rk43.69,2451755.079433,45.96,1.393591,104027.0,
,51367,209458,k,rk43.70,2451755.084838,36.72,1.564453,103970.0,
,51368,209458,k,rk43.71,2451755.090405,33.93,1.459544,103760.0,
,51369,209458,k,rk43.72,2451755.095961,15.53,1.662047,103961.0,
,51370,209458,k,rk43.73,2451755.101447,6.80,1.337943,103271.0,
,51371,209458,k,rk43.74,2451755.107396,-5.00,1.572563,103512.0,
,51372,209458,k,rk43.75,2451755.11309,-8.05,1.475399,104000.0,
,51373,209458,k,rk43.76,2451755.118438,-19.76,1.604203,103750.0,
,51374,209458,k,rk43.77,2451755.123738,-29.05,1.424526,103684.0,
,51375,209458,k,rk43.78,2451755.129398,-34.02,1.584719,104224.0,
,51376,209458,k,rk43.183,2451755.971736,-76.28,1.781412,65375.0,
,51377,209458,k,rk45.32,2451792.791088,82.33,1.988636,63057.0,
,51378,209458,k,rk46.26,2451882.706875,-77.80,1.804153,73913.0,
,51379,209458,k,rk46.166,2451883.719618,4.04,2.008604,75354.0,
,51380,209458,k,rk47.315,2451899.730521,-16.90,1.647305,91515.0,
,51381,209458,k,rk47.521,2451900.721285,-76.16,1.564999,82139.0,
,51382,209458,k,rk53.212,2452063.112072,-51.99,1.833283,84191.0,
,51383,209458,k,rk54.1287,2452102.004387,-45.47,1.980873,77154.0,
,51384,209458,k,rk64.103,2452446.127697,-35.96,1.752457,105494.0,
,51385,209458,k,rk66.70,2452514.964525,38.16,1.83301,101642.0,
,51386,209458,k,rk67.64,2452535.84478,0.07,2.005513,85881.0,
,51387,209458,k,rk68.627,2452575.730208,93.13,1.949086,95017.0,
,51388,209458,k,rk74.687,2452806.972604,-28.13,1.811795,95565.0,
,51389,209458,k,rk75.1045,2452836.003877,75.59,1.600452,97775.0,
,51390,209458,k,rk76.64,2452848.967731,-63.26,1.912153,72484.0,
,51391,209458,k,rk76.253,2452849.986238,72.17,1.61289,106741.0,
,51392,209458,k,rk76.450,2452850.948495,58.24,1.61326,107174.0,
,51393,209458,k,rk77.4,2452853.95419,86.12,1.739084,95566.0,
,51394,209458,k,rk77.110,2452854.997697,-16.65,1.880083,96864.0,
,51395,209458,k,rk77.217,2452856.005961,-68.65,1.951508,97584.0,
,51396,209458,k,rk78.58,2452897.816065,-77.21,1.744303,101005.0,
,51397,209458,k,rk78.232,2452898.805671,-12.73,1.690836,113279.0,
,51398,209458,k,rk79.133,2452924.764896,77.56,1.690902,100451.0,
,51399,209458,k,rk80.22,2452987.703218,78.45,1.808856,94410.0,
,51400,209458,k,rk80.219,2452988.712384,17.17,1.8828,104829.0,
,51401,209458,k,rk85.113,2453154.084468,50.01,2.04196,96427.0,
,51402,209458,k,rk86.95,2453180.091481,-83.02,1.820365,100152.0,
,51403,209458,k,rk86.489,2453182.035081,73.61,1.822215,97796.0,
,51404,209458,k,rk88.75,2453195.901192,86.35,2.313404,35211.0,
,51405,209458,k,rk88.278,2453196.926551,-30.08,1.686608,85089.0,
,51406,209458,j,rj01.426,2453238.946713,20.99,1.520997,0.16,111194.0,
,51407,209458,j,rj01.696,2453239.907697,-74.40,1.41149,0.16,110350.0,
,51408,209458,j,rj01.1031,2453240.889491,23.79,1.490692,0.161,93643.0,
,51409,209458,j,rj02.121,2453301.697407,86.70,1.282927,0.16,84103.0,
,51410,209458,j,rj02.552,2453302.844514,-47.67,1.331596,0.159,97375.0,
,51411,209458,j,rj02.553,2453302.84662,-48.73,1.267819,0.16,97976.0,
,51412,209458,j,rj03.161,2453338.752963,-78.62,1.324263,0.159,96069.0,
,51413,209458,j,rj03.549,2453339.752766,38.36,1.294529,0.159,96435.0,
,51414,209458,j,rj04.107,2453367.695984,5.10,1.156627,0.159,92265.0,
,51415,209458,j,rj04.108,2453367.698738,8.74,1.241235,0.16,94089.0,
,51416,209458,j,rj04.393,2453368.701991,82.28,1.098511,0.16,94170.0,
,51417,209458,j,rj04.394,2453368.706262,81.05,1.100229,0.16,94006.0,
,51418,209458,j,rj04.811,2453369.689907,-38.88,1.110274,0.16,92831.0,
,51419,209458,j,rj04.813,2453369.696898,-31.95,1.072984,0.161,92572.0,
,51420,209458,j,rj04.1175,2453370.697326,-61.19,1.235594,0.162,92844.0,
,51421,209458,j,rj04.1176,2453370.700787,-61.96,1.208285,0.163,92913.0,
,51422,209458,j,rj11.980,2453604.940903,87.91,1.321426,0.16,96275.0,
,51423,209458,j,rj22.300,2453968.980984,-30.99,1.342888,0.157,89166.0,
,51424,209458,j,rj32.1798,2454251.102569,-62.83,1.586939,0.157,68924.0,
,51425,209458,j,rj32.1799,2454251.104109,-60.89,1.578879,0.158,68087.0,
,51426,209458,j,rj32.1800,2454251.105671,-63.03,1.562113,0.158,68034.0,
,51427,209458,j,rj32.2204,2454252.079028,-40.10,1.357544,0.157,51934.0,
,51428,209458,j,rj56.460,2454667.979815,-46.57,1.424953,0.161,68262.0,
,51429,209458,j,rj56.1050,2454671.966759,17.92,1.303056,0.162,68170.0,
,51430,209458,j,rj56.1377,2454673.076134,77.11,1.321331,0.162,67124.0,
,51431,209458,j,rj56.2151,2454675.963831,81.65,1.386096,0.163,67686.0,
,51432,209458,j,rj56.2152,2454675.966458,81.26,1.48123,0.163,68434.0,
,51433,209458,j,rj64.70,2454838.743108,76.36,1.157134,0.161,69704.0,
,51434,209458,j,rj75.127,2455048.949321,3.84,1.712458,0.161,44266.0,
,51435,209458,j,rj77.862,2455109.745169,88.38,1.697354,0.162,44243.0,
,51436,209458,j,rj81.539,2455189.689742,-40.16,1.497515,0.16,43862.0,
,51437,209458,j,rj97.352,2455427.094131,85.41,1.461379,0.158,45214.0,
,51438,209458,j,rj122.786,2455729.087094,-24.00,1.709369,0.146,43611.0,
,51439,209458,j,rj123.94,2455731.096705,-6.84,1.567261,0.157,45074.0,
,51440,209458,j,rj129.296,2455782.858346,84.58,1.515308,0.158,45520.0,
,51441,209458,j,rj161.74,2456207.72917,-85.56,1.63497,0.158,45836.0,
,51442,209458,j,rj180.77,2456529.787184,69.33,1.572205,0.158,46306.0,
,51443,209458,j,rj185.587,2456638.742969,11.94,1.610608,0.1608,45536.0,
,51444,209458,j,rj193.97,2456889.068896,29.46,1.486097,0.1599,45705.0,
,51445,209458,j,rj202.940,2457211.132637,39.17,1.511742,0.1577,45203.0,
,51446,209458,j,rj211.286,2457265.829331,-34.12,1.611244,0.1572,46834.0,
,51447,209458,j,rj233.1319,2457586.010612,-88.94,1.552778,0.1573,46744.0,
,51448,209458,j,rj256.476,2457910.03055,-74.57,1.535106,0.16,46759.0,
,51449,209458,j,rj278.1265,2458118.690796,-40.98,1.56117,0.1612,44585.0,
,51450,209458,j,rj293.522,2458301.13231,-68.43,1.667155,0.1621,45813.0,
,51451,209458,j,rj316.75,2458490.720546,34.00,1.457774,0.1627,47485.0,
,51452,209458,j,rj343.282,2458739.007989,-58.14,1.540281,0.1612,45973.0,
,51453,209458,lick,rd11.20,2451733.814453,10.41,8.916533,13382.0,
,51454,209458,lick,rd11.21,2451733.823242,13.09,7.194626,15050.0,
,51455,209458,lick,rd11.22,2451733.833984,12.62,6.771976,16308.0,
,51456,209458,lick,rd11.23,2451733.842773,2.03,7.370326,14845.0,
,51457,209458,lick,rd11.24,2451733.850586,4.77,6.645802,16534.0,
,51458,209458,lick,rd11.25,2451733.859375,8.27,7.42375,17568.0,
,51459,209458,lick,rd11.26,2451733.868164,13.55,7.647273,14924.0,
,51460,209458,lick,rd11.27,2451733.876953,3.08,7.431465,14040.0,
,51461,209458,lick,rd11.28,2451733.884766,2.98,9.038444,10486.0,
,51462,209458,lick,rd11.29,2451733.892578,5.61,6.727155,16579.0,
,51463,209458,lick,rd11.30,2451733.901367,17.63,7.021865,16306.0,
,51464,209458,lick,rd11.31,2451733.90918,20.98,6.682835,20712.0,
,51465,209458,lick,rd11.32,2451733.917969,27.54,6.119292,19674.0,
,51466,209458,lick,rd11.33,2451733.925781,25.08,6.085068,20479.0,
,51467,209458,lick,rd11.34,2451733.93457,16.95,6.325372,19125.0,
,51468,209458,lick,rd11.35,2451733.942383,5.09,6.279991,23266.0,
,51469,209458,lick,rd11.36,2451733.951172,-16.90,5.825688,22717.0,
,51470,209458,lick,rd11.37,2451733.959961,-31.13,6.07786,24090.0,
,51471,209458,lick,rd11.38,2451733.967773,-36.19,5.898805,25197.0,
,51472,209458,lick,rd11.39,2451733.976562,-37.98,7.022248,18855.0,
,51473,209458,lick,rd11.40,2451733.983398,-46.74,6.080713,19310.0,
,51474,209458,lick,rd11.41,2451733.990234,-44.29,6.019102,20209.0,
,51475,209458,lick,rd12.35,2451750.895508,61.22,9.91423,23356.0,
,51476,209458,lick,rd12.105,2451751.907227,-56.70,8.012754,38715.0,
,51477,209458,lick,rd12.164,2451752.880859,-62.14,9.220145,24110.0,
,51478,209458,lick,rd13.25,2451774.839844,41.08,8.924911,35832.0,
,51479,209458,lick,rd13.80,2451775.875977,39.10,9.158642,32530.0,