3100.480,−54.5,7.5,
3585.911,4.9,8.2
3101.488,−32.4,8.6,
3586.743,15.2,8.7
3102.481,−82.6,6.9,
3586.903,−0.4,7.9
3102.486,−74.4,7.1,
3590.726,−5.1,9.0
3216.910,−54.8,7.5,
3591.767,0.4,8.3
3217.842,−66.7,11.1,
3591.931,1.4,7.2
3218.933,−59.6,8.1,
3592.733,10.0,9.9
3331.581,−12.9,5.9,
3592.933,3.6,9.5
3332.556,−2.8,5.8,
3593.725,−11.4,9.9
3334.622,11.6,6.5,
3593.929,−8.4,9.0
3335.688,6.3,5.4,
3594.715,−8.0,9.0
3336.691,16.3,5.2,
3594.926,−2.6,7.9
3338.709,−12.8,6.0,
3595.853,2.5,14.2
3448.479,71.6,7.4,
3932.943,−20.7,7.2
3449.481,107.5,4.1,
4041.589,44.3,6.3
3449.484,114.9,4.8,
4112.543,115.1,5.1
3581.730,11.1,9.4,
4113.550,116.7,3.4
3581.925,10.6,8.3,
4115.552,105.9,2.4
3582.737,25.1,9.7,
4313.859,−65.9,16.1
3582.929,8.0,9.0,
4315.791,−85.3,8.7
3583.726,24.2,9.7,
4316.850,−78.8,7.7
3583.945,23.5,9.0,
4316.927,−45.1,7.2
3584.705,25.5,8.9,
4317.857,−90.2,14.9
3585.720,11.1,9.3,
4319.871,−66.3,8.1
3334.620,49.2,0.2,
4787.602,120.8,0.3
4045.592,121.1,0.6,
4891.528,−10.6,0.4
4370.721,−30.1,0.3,
5083.811,−1.5,0.3
4371.671,−7.5,0.4,
5084.748,−2.9,0.2
4622.915,55.1,0.4,
5085.754,−8.5,0.2
4684.748,128.8,0.3,
5086.730,−2.1,0.4
4785.641,131.2,0.6,,,
6906.820,−17.7,5.4,
6965.553,−6.1,4.6
6919.634,−16.1,4.0,
6988.552,10.6,5.2
6921.717,−22.6,4.7,
6993.525,19.6,5.0
6964.740,−3.5,4.6,
7013.531,35.7,5.2
