3215.08376,23.0,3.7,
3306.99833,-45.2,3.6,
3362.91310,-22.3,3.6,
3608.23193,-4.3,3.9,
3661.15055,-34.4,4.9,
3695.02464,-22.6,3.9,
3726.91613,-19.2,4.4,
3887.29767,31.3,5.2,
3962.22805,-12.6,3.8,
3974.12967,-30.7,4.0,
4018.05863,-50.4,4.2,
4051.04081,-40.1,4.8,
4088.91609,-24.2,2.9,
4107.92459,-10.5,7.4,
4258.28341,29.0,4.2,
4305.16396,-7.9,3.5,
4338.13598,-20.9,4.1,
4350.11134,-29.1,3.9,
4378.17418,-41.3,5.1,
4416.00348,-36.4,3.6,
4460.96815,-5.5,3.6,
4589.29655,30.8,4.0,
4673.25542,-20.3,3.5,
4702.27411,-41.2,6.6,
4756.09323,-37.6,3.8,
4795.97776,-18.3,4.3,
4817.97314,2.1,3.9,
4983.27072,24.0,4.8,
5108.06283,-33.3,4.1,
5132.05624,-33.9,4.1,
5159.05429,-10.7,3.2,
5185.87590,6.7,3.4,
5399.16553,-28.1,3.9,
5436.27068,-38.1,4.1,
5503.00859,-27.0,3.7,
5855.07749,-32.1,4.6,
3241.863,18.13,3.32
3256.776,9.30,3.91
3310.752,-16.07,4.33
3342.598,-0.18,3.37
3569.930,42.99,4.77
3573.904,29.79,5.13
3574.927,38.71,4.47
3575.897,29.80,4.41
3640.779,10.99,5.45
3922.930,28.01,3.39
3959.860,0.18,3.22
3975.798,-1.47,3.54
3976.764,-8.51,3.20
3998.768,-10.73,3.52
4001.789,-13.09,3.61
4020.721,-15.97,3.73
4021.735,-11.53,4.38
4034.695,-22.55,4.41
4046.694,-31.56,3.40
4059.673,-14.62,3.57
4070.705,-11.10,3.70
4092.594,1.07,4.06
4097.649,-2.40,3.31
4098.603,1.90,3.78
4103.598,9.35,3.65
4109.626,9.02,5.12
4117.595,22.46,5.58
4136.600,38.79,3.09
4197.033,53.95,4.26