2450770.705,6231.95,9.95,nea_ELODIE,
2450858.481,6247.14,8.97,nea_ELODIE,
2450890.474,6154.99,8.89,nea_ELODIE,
2450908.331,6206.02,9.77,nea_ELODIE,
2450911.35,6229.02,8.34,nea_ELODIE,
2450939.33,6199.40,10.32,nea_ELODIE,
2450939.339,6214.40,10.86,nea_ELODIE,
2451152.671,6225.34,17.93,nea_ELODIE,
2451157.634,6186.34,9.11,nea_ELODIE,
2451173.575,6197.14,9.98,nea_ELODIE,
2451177.613,6213.14,8.64,nea_ELODIE,
2451236.436,6214.96,10.52,nea_ELODIE,
2451237.402,6211.96,8.45,nea_ELODIE,
2451238.502,6206.96,9.83,nea_ELODIE,
2451240.493,6185.96,17.77,nea_ELODIE,
2451266.352,6193.92,12.85,nea_ELODIE,
2451267.338,6172.92,8.46,nea_ELODIE,
2451268.322,6204.92,11.01,nea_ELODIE,
2451269.352,6181.92,9.66,nea_ELODIE,
2451305.39,6180.74,12.64,nea_ELODIE,
2451505.673,6214.48,11.52,nea_ELODIE,
2451506.638,6240.48,8.76,nea_ELODIE,
2451507.641,6244.48,8.92,nea_ELODIE,
2451541.574,6174.91,10.82,nea_ELODIE,
2451542.564,6184.92,9.54,nea_ELODIE,
2451543.588,6184.92,9.67,nea_ELODIE,
2451555.605,6179.99,9.41,nea_ELODIE,
2451559.552,6180.99,8.61,nea_ELODIE,
2451585.464,6235.27,11.84,nea_ELODIE,
2451590.412,6219.27,8.95,nea_ELODIE,
2451621.357,6187.69,9.78,nea_ELODIE,
2451625.373,6182.69,9.26,nea_ELODIE,
2451653.369,6218.94,8.86,nea_ELODIE,
2451656.327,6196.94,9.12,nea_ELODIE,
2451659.321,6196.94,10.68,nea_ELODIE,
2451688.338,6192.29,10.64,nea_ELODIE,
2451690.347,6189.29,9.25,nea_ELODIE,
2451901.57,6217.27,12.03,nea_ELODIE,
2451906.628,6213.27,11.47,nea_ELODIE,
2451950.539,6198.79,15.34,nea_ELODIE,
2451951.582,6197.79,9.83,nea_ELODIE,
2451953.549,6200.79,10.85,nea_ELODIE,
2451955.502,6210.79,10.57,nea_ELODIE,
2451978.386,6216.46,9.46,nea_ELODIE,
2451980.428,6197.46,9.66,nea_ELODIE,
2452216.686,6234.22,9.25,nea_ELODIE,
2452310.514,6240.67,9.52,nea_ELODIE,
2452356.401,6173.85,16.36,nea_ELODIE,
2452613.66,6278.02,11.64,nea_ELODIE,
2452649.593,6224.15,10.82,nea_ELODIE,
2452718.386,6189.31,8.84,nea_ELODIE,
2452723.394,6209.31,8.56,nea_ELODIE,
2452747.357,6219.14,9.60,nea_ELODIE,
2452751.333,6223.14,9.23,nea_ELODIE,
2452753.345,6224.14,10.47,nea_ELODIE,
2452961.662,6221.52,9.77,nea_ELODIE,
2452996.542,6205.27,15.03,nea_ELODIE,
2453059.38,6300.13,18.83,nea_ELODIE,
2453059.393,6281.13,17.42,nea_ELODIE,
2453062.447,6209.13,16.18,nea_ELODIE,
2453062.46,6206.13,15.86,nea_ELODIE,
2453101.37,6254.21,9.77,nea_ELODIE,
2453308.696,6228.70,16.52,nea_ELODIE,
2453359.65,6252.62,13.87,nea_ELODIE,
2453421.494,6250.98,15.11,nea_ELODIE,
2453425.463,6267.98,13.93,nea_ELODIE,
2453461.343,6303.11,59.56,nea_ELODIE,
2453462.399,6206.11,18.13,nea_ELODIE,
2453690.715,6267.10,13.05,nea_ELODIE,
2453726.559,6238.15,12.21,nea_ELODIE,
2453758.483,6250.19,20.77,nea_ELODIE,
2453759.559,6221.19,19.36,nea_ELODIE,
2453808.394,6226.09,14.10,nea_ELODIE,
2450831.842,6.58,6.47,lick_fischer,
2450854.823,-62.43,9.59,lick_fischer,
2451173.992,-62.09,9.43,lick_fischer,
2451212.876,-43.35,9.46,lick_fischer,
2451242.728,-19.14,7.38,lick_fischer,
2451298.696,-25.71,6.52,lick_fischer,
2451299.674,-40.90,6.24,lick_fischer,
2453033.918,22.86,5.15,lick_fischer,
2453068.78,37.51,6.33,lick_fischer,
2453360.991,11.59,7.99,lick_fischer,
2453388.828,-27.14,5.16,lick_fischer,
2453390.908,-31.19,4.05,lick_fischer,
2453843.81,-11.76,6.56,lick_fischer,
2454073.004,-10.68,4.71,lick_fischer,
2454073.956,0.00,5.23,lick_fischer,
2454099.002,-25.36,5.39,lick_fischer,
2454102.93,2.23,5.96,lick_fischer,
2454103.888,12.21,5.21,lick_fischer,
2454220.733,29.24,5.05,lick_fischer,
2454547.822,10.06,5.55,lick_fischer,
2454574.691,5.59,4.44,lick_fischer,
2454846.002,-0.99,4.75,lick_fischer,
2454846.931,15.13,3.56,lick_fischer,
2458187.745,16.52,27.21,apf,
2458207.637,-55.75,3.59,apf,
2458250.732,15.89,4.57,apf,
2458256.728,-34.77,7.78,apf,
2458260.705,-18.89,4.68,apf,
2458261.682,-16.60,4.49,apf,
2458269.706,-26.15,5.17,apf,
2458279.693,-37.37,6.30,apf,
2458373.006,27.53,5.20,apf,
2458379.021,4.07,3.80,apf,
2458380.001,12.81,4.09,apf,
2458385.974,-0.15,3.72,apf,
2458387.966,-4.56,4.26,apf,
2458399.004,-17.18,4.66,apf,
2458399.961,-0.33,4.73,apf,
2458400.972,28.67,3.82,apf,
2458405.967,-4.68,4.83,apf,
2458410.925,45.79,4.02,apf,
2458414.908,-1.84,4.08,apf,
2458418.926,-1.62,3.84,apf,
2458428.078,1.91,4.21,apf,
2458470.939,-17.27,4.46,apf,
2458480.884,-7.58,4.65,apf,
2458487.864,-0.41,4.56,apf,
2458508.809,1.16,4.35,apf,
2458194.932,-22.32,0.50,hires_j,
2458199.774,-17.12,0.94,hires_j,
2458209.954,-18.26,0.89,hires_j,
2458387.128,-13.47,0.75,hires_j,
2458388.123,-15.27,0.73,hires_j,
2458389.132,-7.34,0.55,hires_j,
2458390.129,-11.19,0.52,hires_j,
2458392.124,13.62,0.48,hires_j,
2458393.127,2.82,0.48,hires_j,
2458394.119,-30.96,0.49,hires_j,
2458397.115,-22.67,0.48,hires_j,
2458427.061,20.98,0.43,hires_j,
2458439.097,25.53,0.80,hires_j,
2458444.046,-2.90,0.40,hires_j,
2458476.905,-41.14,0.61,hires_j,
2458479.051,-24.23,0.61,hires_j,
2458490.875,27.51,2.02,hires_j,
2458490.99,32.44,0.79,hires_j,
2458491.096,32.50,0.78,hires_j,
2458491.902,28.03,0.55,hires_j,
2458492.034,28.24,0.76,hires_j,
2458508.931,17.02,0.74,hires_j,
2458509.045,14.38,0.61,hires_j,
2459368.732,36.75,1.71,hires_j,
2459545.991,26.97,1.60,hires_j,
2459574.89,19.92,1.91,hires_j,
2459587.866,-7.25,1.78,hires_j,
2459631.783,33.06,1.83,hires_j,
2459649.847,10.49,1.87,hires_j,
2459681.811,25.31,1.77,hires_j,
2459738.759,24.53,1.77,hires_j,
2459890.046,29.69,1.85,hires_j,
2459891.066,27.36,1.56,hires_j,
2460066.742,15.31,1.93,hires_j,
2460094.76,9.91,1.86,hires_j,
2460275.037,25.68,1.66,hires_j,
2460275.99,27.42,1.63,hires_j,
2460294.063,29.90,1.66,hires_j,
2460420.772,21.11,1.82,hires_j,
2460484.735,25.02,1.84,hires_j,
2458425.657,6251.50,1.30,Sophie,
2458426.657,6255.28,1.37,Sophie,
2458429.626,6287.72,1.05,Sophie,
2458436.632,6267.95,0.85,Sophie,
2458437.66,6260.89,0.88,Sophie,
2458438.577,6267.80,1.30,Sophie,
2458440.631,6242.82,1.08,Sophie,
2458441.6,6240.59,0.95,Sophie,
2458442.582,6248.10,1.70,Sophie,
2458447.509,6264.10,1.30,Sophie,
2458448.626,6251.42,1.20,Sophie,
2458449.648,6226.44,1.29,Sophie,
2458450.66,6226.87,1.16,Sophie,
2458451.575,6236.25,0.92,Sophie,
2458453.652,6234.14,1.02,Sophie,
2458455.561,6252.30,1.30,Sophie,
2458456.615,6244.54,0.95,Sophie,
2458457.628,6243.88,0.81,Sophie,
2458458.646,6204.47,0.87,Sophie,
2458459.577,6221.19,0.88,Sophie,
2458460.625,6224.85,1.00,Sophie,
2458461.613,6228.58,1.08,Sophie,
2458462.601,6229.91,1.09,Sophie,
2458463.612,6248.62,1.24,Sophie,
2458464.629,6245.67,0.77,Sophie,
2458465.53,6224.00,1.60,Sophie,
2458467.594,6214.50,0.95,Sophie,
2458470.579,6224.63,0.80,Sophie,
2458472.65,6236.23,0.95,Sophie,
2458473.618,6255.18,0.96,Sophie,
2458475.632,6231.53,0.95,Sophie,
2458486.528,6240.27,1.23,Sophie,
2458487.548,6243.81,0.94,Sophie,
2458488.53,6235.78,1.06,Sophie,
2458489.604,6238.41,1.09,Sophie,
2458490.57,6259.75,0.79,Sophie,
2458491.491,6270.96,0.80,Sophie,
2458492.532,6265.13,1.07,Sophie,
2458493.562,6273.36,1.19,Sophie,
2458494.565,6250.60,0.83,Sophie,
2458496.603,6257.12,1.66,Sophie,
2458497.538,6245.93,1.30,Sophie,
2458498.581,6249.47,1.21,Sophie,
2458499.574,6272.82,0.80,Sophie,
2458501.575,6251.56,0.92,Sophie,
2458526.509,6243.02,1.12,Sophie,
2458527.467,6221.33,1.02,Sophie,
2458528.434,6214.33,0.69,Sophie,
2458529.45,6220.94,0.67,Sophie,
2458530.443,6220.23,0.69,Sophie,
2458531.459,6218.65,0.85,Sophie,
2458532.409,6226.06,1.03,Sophie,
2458533.505,6221.12,0.84,Sophie,
2458534.493,6220.79,0.82,Sophie,
2458535.474,6233.74,0.76,Sophie,
2458536.406,6217.29,0.82,Sophie,
2458537.395,6221.92,0.71,Sophie,
2458538.402,6212.27,1.24,Sophie,
2458539.451,6207.10,0.75,Sophie,
2458540.428,6223.31,0.72,Sophie,
2458541.406,6232.23,0.67,Sophie,
2458542.412,6232.34,0.65,Sophie,
2458543.539,6228.38,1.49,Sophie,
2458544.463,6235.70,1.70,Sophie,
2458546.31,6232.20,1.20,Sophie,
2458548.353,6219.10,1.40,Sophie,
2458551.418,6231.10,1.30,Sophie,
2458552.371,6230.60,1.50,Sophie,
2458553.406,6248.70,1.30,Sophie,
2458554.444,6246.00,1.80,Sophie,
2458557.451,6236.10,1.40,Sophie,
2458559.378,6244.50,1.20,Sophie,
2458561.423,6237.00,1.60,Sophie,
2458563.3,6261.80,1.40,Sophie,
2458567.359,6236.00,1.30,Sophie,
2458568.323,6238.50,3.40,Sophie,
2458570.298,6251.40,1.40,Sophie,
2458794.641,6227.61,1.27,Sophie,
2458796.651,6214.02,1.22,Sophie,
2458799.636,6224.05,1.34,Sophie,
2458800.603,6236.91,1.15,Sophie,
2458801.556,6215.40,4.50,Sophie,
2458804.684,6242.99,1.12,Sophie,
2458805.544,6223.51,1.17,Sophie,
2458807.637,6223.85,1.25,Sophie,
2458820.618,6246.49,0.86,Sophie,
2458821.612,6253.04,0.88,Sophie,
2458822.579,6253.64,1.22,Sophie,
2458824.607,6260.82,0.77,Sophie,
2458825.64,6263.54,0.75,Sophie,
2458827.562,6253.42,2.40,Sophie,
2458828.591,6269.39,0.84,Sophie,
2458829.636,6269.83,0.93,Sophie,
2458836.541,6269.80,1.50,Sophie,
2458839.651,6256.80,1.80,Sophie,
2458840.649,6242.35,1.34,Sophie,
2458841.577,6244.65,1.14,Sophie,
2458851.463,6246.10,1.60,Sophie,
2458852.467,6236.50,1.17,Sophie,
2458853.564,6248.88,1.04,Sophie,
2458854.558,6251.91,0.76,Sophie,
2458855.524,6259.90,0.89,Sophie,
2458856.527,6265.07,1.13,Sophie,
2458857.582,6257.22,1.01,Sophie,
2458862.444,6220.50,1.30,Sophie,
2458864.531,6252.21,0.77,Sophie,
2458871.427,6228.31,1.61,Sophie,
2458873.535,6244.39,1.01,Sophie,
2458875.468,6264.43,0.80,Sophie,
2458877.542,6252.12,0.95,Sophie,
2458878.444,6242.33,1.08,Sophie,
2458879.49,6251.07,0.94,Sophie,
2458880.449,6254.91,0.88,Sophie,
2458881.467,6253.80,0.90,Sophie,
2458882.567,6263.47,1.14,Sophie,
2458883.463,6262.64,0.84,Sophie,
2458884.502,6259.01,1.40,Sophie,
2458885.471,6268.13,0.98,Sophie,
2458886.565,6267.95,0.83,Sophie,
2458891.44,6269.31,0.90,Sophie,
2458892.456,6276.06,0.94,Sophie,
2458893.515,6274.01,1.22,Sophie,
2458894.409,6265.70,0.76,Sophie,
2458895.295,6265.30,1.70,Sophie,
2458897.47,6267.00,1.48,Sophie,
2458898.473,6273.40,1.09,Sophie,
2458899.479,6268.17,1.02,Sophie,
2458900.418,6265.31,0.88,Sophie,
2458901.399,6273.84,2.00,Sophie,
2458902.433,6288.54,0.84,Sophie,
2458903.511,6267.50,1.60,Sophie,
2458904.457,6255.13,0.77,Sophie,
2458905.448,6258.12,1.16,Sophie,
2458906.477,6271.04,1.18,Sophie,
2458907.474,6258.81,1.17,Sophie,
2458908.395,6239.54,1.76,Sophie,
2458910.345,6259.80,1.50,Sophie,