50508.4203,29009.240546,7.201594,11.092050,15.686528,0.153000,0.000001
50509.5491,28987.240514,7.943309,11.094405,15.689858,0.153100,0.000001
50509.56,28998.240514,7.467904,11.075565,15.663214,0.153100,0.000001
50510.5337,28995.240487,7.111546,11.101470,15.699849,0.153100,0.000001
50533.4545,29000.739841,7.351913,11.113245,15.716502,0.152700,0.000001
50554.435,29012.139250,8.299547,11.117955,15.723163,0.152300,0.000001
50554.4436,29012.139250,8.843668,11.108535,15.709841,0.151800,0.000001
50584.3377,29016.838409,8.021465,11.127375,15.736485,0.152100,0.000001
50770.7146,29026.833161,7.937892,11.103825,15.703180,0.151200,0.000001
50821.6156,29032.831728,7.838441,11.103825,15.703180,0.152200,0.000001
50858.5533,29017.030688,7.324449,11.108535,15.709841,0.152000,0.000001
50885.4545,28999.829930,7.506361,11.113245,15.716502,0.152500,0.000001
50886.4527,29013.829902,8.826301,11.101470,15.699849,0.152200,0.000001
50887.4928,29010.829873,8.564956,11.073210,15.659884,0.152800,0.000001
50939.3686,29016.328412,7.989163,11.115600,15.719832,0.151800,0.000001
50939.3776,29010.328412,8.438047,11.106180,15.706510,0.151400,0.000001
50973.345,29005.327455,7.360800,11.176830,15.806425,0.150600,0.000001
51153.7066,29009.222377,9.974239,11.153280,15.773120,0.150500,0.000001
51235.5637,29004.820072,7.097413,11.106180,15.706510,0.152600,0.000001
51505.6993,29002.412466,9.181249,11.075565,15.663214,0.150700,0.000001
51562.5653,29016.910865,9.396184,11.127375,15.736485,0.151100,0.000001
51725.365,29003.006281,9.713716,11.195670,15.833068,0.148400,0.000001
51901.6319,28986.201318,9.321223,11.122665,15.729824,0.150400,0.000001
51982.4489,29000.399042,8.947926,11.115600,15.719832,0.151000,0.000001
52723.4565,28984.278178,7.554854,11.103825,15.703180,0.152100,0.000001
52989.6915,28981.170682,10.367050,11.125020,15.733154,0.150000,0.000001
52995.6586,28991.170514,7.902043,11.113245,15.716502,0.151300,0.000001
53033.6212,28987.869445,11.367766,11.122665,15.729824,0.149300,0.000001
50420.10946,22.494,1.643,0.1382,-0.814,0.907
50463.00185,20.158,1.406,0.1397,-0.018,0.581
50545.86786,20.75,1.56,0.1422,-2.23,0.522
50787.06992,26.429,3.74,0.1542,-1.209,0.391
50787.07411,28.104,1.608,0.1521,-1.204,0.391
50838.01219,19.714,1.467,0.1527,-0.644,0.282
50954.80494,29.031,1.55,0.154,-0.691,0.462
50955.75722,25.449,1.522,0.151,-0.749,0.462
51171.99838,20.624,1.395,0.1508,-1.654,0.309
51229.00435,10.522,1.389,0.1529,-1.032,0.399
51341.82219,21.79,1.538,0.1604,-1.69,0.417
51551.06319,20.628,1.536,0.1382,-1.118,0.331
51982.00707,9.603,1.384,0.1272,-0.693,0.304
52308.02544,10.857,1.87,0.1273,-0.307,0.506
52601.15939,1.742,1.715,0.1373,-0.612,0.391
52712.96215,0.661,1.464,0.1309,-0.761,0.459
52988.06928,2.112,1.521,0.1224,-1.802,0.489
53370.00523,8.157,1.533,0.1336,0.03,1.013,0.498
53841.88252,5.906,1.406,0.1361,0.0298,0.994,0.624
55289.71865,-1.037,1.585,0.127,0.03,-0.553,0.28
55339.84111,3.448,1.336,0.1425,0.0299,-0.408,0.264
55669.8688,-0.145,1.349,0.13,0.0299,0.145,0.279
55707.73738,-3.202,1.436,0.1382,0.0299,0.142,0.215
55719.83472,1.936,1.365,0.1346,0.0297,0.154,0.199
55719.83589,-1.386,1.374,0.1379,0.0297,0.156,0.199
55720.79264,1.047,1.365,0.141,0.0298,0.103,0.199
55720.7949,-3.926,1.315,0.1405,0.0298,0.106,0.199
55721.81729,-8.243,1.434,0.1409,0.0298,0.133,0.199
55721.81885,-5.055,1.434,0.1436,0.0298,0.135,0.199
55721.82031,-4.837,1.285,0.1427,0.0298,0.137,0.199
55749.77312,-6.456,1.447,0.1434,0.0298,-0.284,0.221
55749.77472,-4.918,1.348,0.1487,0.0298,-0.282,0.221
55750.76293,0.377,1.447,0.1403,0.0298,-0.297,0.221
55750.76616,-2.757,1.536,0.1417,0.0298,-0.293,0.221
55912.0959,7.933,1.321,0.1332,0.0301,-0.003,0.233
55912.09693,3.431,1.35,0.1327,0.0301,-0.001,0.233
55912.09794,3.18,1.4,0.1307,0.0301,0.0,0.233
55971.91094,-2.303,1.531,0.1245,0.0299,-0.367,0.353
55971.91211,-3.924,1.473,0.1274,0.0299,-0.366,0.353
55971.91332,-1.016,1.531,0.1264,0.0299,-0.364,0.353
55997.01689,-10.852,1.618,0.1317,0.0298,-0.148,0.348
56024.88359,-8.907,1.289,0.1367,0.0299,-0.363,0.351
56024.88929,-14.024,1.346,0.1373,0.0299,-0.356,0.351
56024.89104,-10.796,1.289,0.1362,0.0299,-0.354,0.351
56024.89298,-6.688,1.221,0.1371,0.0299,-0.352,0.351
56329.97966,-5.863,1.541,0.1314,0.0299,0.383,0.256
56329.98069,-6.265,1.472,0.1343,0.03,0.385,0.256
56329.98178,-5.186,1.561,0.1368,0.03,0.386,0.256
56676.89512,-3.038,1.427,0.137,0.0299,0.248,0.463
56676.8961,-3.379,1.465,0.1361,0.0299,0.249,0.463
54185.43116,29072.737014,1.326000,7.980000,0.000001,39.470000,0.000001,0.003500,0.000001
54189.45774,29069.836900,1.606000,7.980000,0.000001,36.830000,0.000001,0.003000,0.000001
54190.42612,29081.336873,1.421000,7.980000,0.000001,38.570000,0.000001,0.006300,0.000001
54190.43296,29071.736873,3.549000,7.920000,0.000001,32.620000,0.000001,-0.005800,0.000001
54192.48075,29068.036815,1.303000,8.010000,0.000001,39.350000,0.000001,0.005200,0.000001
54192.48729,29063.836815,3.935000,7.950000,0.000001,31.080000,0.000001,-0.003700,0.000001
54236.34361,29081.235580,1.440000,8.000000,0.000001,39.700000,0.000001,-0.000800,0.000001
54249.39304,29076.535213,1.474000,8.000000,0.000001,39.720000,0.000001,0.001300,0.000001
54260.37481,29072.134904,1.644000,8.170000,0.000001,35.340000,0.000001,-0.008700,0.000001
54262.3749,29070.734847,1.662000,8.190000,0.000001,35.290000,0.000001,-0.009200,0.000001
54263.36789,29084.734819,2.540000,7.980000,0.000001,33.600000,0.000001,0.003700,0.000001
54264.36478,29081.734791,1.673000,8.170000,0.000001,35.400000,0.000001,-0.013700,0.000001
56298.72054,29.07,0.001,-0.0041,0.1759,0.0007,0.521,0.007
56313.59596,29.072,0.001,-0.0042,0.1709,0.0007,0.518,0.007
56316.56759,29.073,0.001,-0.0023,0.1676,0.0007,0.528,0.008
56317.68241,29.067,0.001,-0.004,0.1769,0.0012,0.525,0.01
56319.61938,29.069,0.001,-0.0072,0.1703,0.0011,0.53,0.01
56322.59358,29.069,0.001,-0.0053,0.1739,0.0008,0.516,0.008
56327.48507,29.07,0.002,-0.0071,999.0,999.0,0.522,0.018
56344.58229,29.073,0.001,-0.0013,0.1737,0.0008,0.521,0.008
56345.50874,29.073,0.001,-0.0026,0.1739,0.001,0.528,0.009
56346.50675,29.072,0.001,-0.0,0.1731,0.0007,0.525,0.007
56349.46062,29.068,0.001,-0.0043,0.1693,0.0007,0.525,0.008
56350.49421,29.072,0.001,-0.0017,0.1667,0.0005,0.526,0.006
56351.59704,29.068,0.001,0.0018,0.1712,0.0007,0.521,0.007
56354.44695,29.07,0.001,-0.0012,0.1647,0.0004,0.514,0.005
56355.52704,29.076,0.001,0.0006,0.171,0.0007,0.519,0.007
56360.42506,29.076,0.001,-0.0001,0.1657,0.0004,0.52,0.005
56360.51722,29.074,0.001,-0.0029,0.1751,0.0006,0.519,0.007
56370.50959,29.079,0.001,-0.0061,0.1709,0.0008,0.526,0.008
56372.49076,29.078,0.001,-0.0019,0.1677,0.0008,0.527,0.009
56382.36446,29.071,0.001,-0.0054,0.1694,0.0009,0.518,0.009
56405.33846,29.071,0.001,-0.0023,0.1722,0.0006,999.0,999.0
56415.36788,29.072,0.002,-0.0067,0.1747,0.0015,999.0,999.0
56419.4127,29.073,0.001,-0.0017,0.1707,0.0007,999.0,999.0
56430.35736,29.07,0.002,0.005,0.1739,0.0017,999.0,999.0
56435.37259,29.069,0.002,0.0059,999.0,999.0,999.0,999.0
56627.71815,29.072,0.001,-0.0004,0.1761,0.0007,0.533,0.007
56629.7066,29.073,0.001,0.0034,0.1658,0.0006,0.525,0.007
56630.6626,29.072,0.001,0.0001,0.1669,0.0006,0.525,0.006
56631.68114,29.074,0.001,-0.0025,0.1707,0.0007,0.526,0.008
56640.58001,29.071,0.001,-0.0006,0.17,0.0009,0.523,0.008
56653.67292,29.073,0.001,0.0025,0.1769,0.001,0.523,0.009
56655.67739,29.076,0.001,-0.0039,0.1681,0.0009,0.518,0.008
56656.65089,29.075,0.001,-0.0055,0.1694,0.001,0.525,0.009
56657.63896,29.077,0.001,-0.0024,0.1717,0.001,0.516,0.01
56663.55861,29.074,0.001,-0.0012,0.1792,0.0008,0.515,0.008
56665.69581,29.075,0.001,0.0001,0.1684,0.0008,0.514,0.008
56672.62532,29.074,0.001,-0.0033,0.1706,0.0011,0.527,0.01
56680.49332,29.078,0.001,-0.0049,0.1673,0.0006,0.522,0.007
56681.54471,29.081,0.001,-0.0042,0.1749,0.001,0.518,0.009
56682.61116,29.078,0.001,-0.0012,0.1736,0.0007,0.529,0.007
56683.56202,29.078,0.001,-0.0058,0.1958,0.0014,0.522,0.011
56685.45394,29.074,0.001,-0.0031,0.1815,0.0016,0.528,0.013
56696.41786,29.075,0.001,-0.0011,0.1747,0.0007,0.523,0.007
56699.61383,29.07,0.001,-0.0019,0.1781,0.0012,0.521,0.01
57350.70123,29.08,0.001,-0.0014,999.0,999.0,0.524,0.009
57390.64252,29.078,0.001,-0.0034,0.1661,0.001,0.52,0.01
57402.57042,29.079,0.001,0.0022,0.1683,0.001,0.521,0.009
57411.45305,29.084,0.001,-0.0022,0.1812,0.0011,0.522,0.009
57413.56732,29.086,0.001,-0.0049,0.1688,0.001,0.516,0.009
57436.56638,29.078,0.001,-0.0,0.1652,0.001,0.522,0.009
57437.64439,29.078,0.001,-0.0026,0.1912,0.0017,0.52,0.011
57468.4337,29.078,0.001,-0.0003,999.0,999.0,0.505,0.013
57470.53201,29.078,0.001,0.0011,0.1812,0.0016,0.521,0.01
57476.412,29.082,0.001,-0.003,0.1676,0.0006,0.524,0.007
57498.40682,29.082,0.001,-0.0006,0.1677,0.0006,999.0,999.0
57503.40866,29.08,0.001,-0.005,0.1687,0.001,999.0,999.0
57504.43547,29.083,0.001,-0.0055,0.1802,0.0014,999.0,999.0
57507.38017,29.085,0.001,-0.0005,0.1688,0.0009,999.0,999.0
57512.4085,29.083,0.001,0.0056,0.1609,0.0016,999.0,999.0
57528.33925,29.082,0.001,-0.002,0.1675,0.0014,999.0,999.0
57699.67587,29.082,0.001,-0.0013,0.1793,0.0011,0.523,0.01
57701.63228,29.084,0.002,-0.0009,999.0,999.0,0.522,0.015
57728.6449,29.08,0.001,-0.0002,0.1704,0.0004,0.521,0.006
57730.6722,29.079,0.001,-0.0019,0.1725,0.0005,0.526,0.007
57757.69077,29.079,0.001,-0.0017,0.1758,0.001,0.522,0.01
57758.5679,29.079,0.001,-0.0029,0.1795,0.0012,0.529,0.011
57759.52851,29.082,0.001,-0.0001,0.1793,0.0013,0.524,0.012
57766.64339,29.082,0.001,0.0009,0.1733,0.0007,0.519,0.008
57770.67824,29.08,0.001,-0.0025,0.1797,0.001,0.526,0.01
57771.63633,29.082,0.001,-0.0023,0.1758,0.0007,0.526,0.008
57772.53428,29.082,0.001,-0.0012,0.1738,0.0005,0.527,0.006
57800.52831,29.085,0.001,0.0007,0.1718,0.0005,0.516,0.006
57801.52514,29.083,0.001,0.0021,0.1733,0.0006,0.526,0.007
57820.5185,29.084,0.001,0.004,0.1773,0.0013,0.527,0.012
57821.46905,29.082,0.001,-0.0001,0.172,0.0008,0.516,0.009
57823.50327,29.083,0.001,-0.0002,0.1706,0.0006,0.522,0.007
57826.55084,29.084,0.001,0.0014,0.1831,0.0009,0.514,0.008
57827.4408,29.086,0.001,-0.0014,0.1709,0.0005,0.508,0.006
57829.50094,29.086,0.001,0.0009,0.1731,0.0005,0.524,0.006
57830.47692,29.082,0.001,-0.0018,0.1725,0.0007,0.523,0.008
57831.48271,29.084,0.002,0.0045,999.0,999.0,0.512,0.014
57832.46256,29.081,0.001,0.0009,0.1662,0.0006,0.519,0.007
57833.47721,29.08,0.001,0.0045,0.1682,0.0012,0.515,0.011
57848.41243,29.089,0.001,-0.0026,0.1752,0.0009,999.0,999.0
57849.36053,29.089,0.001,0.0019,0.1889,0.001,999.0,999.0
57850.416,29.082,0.001,0.0018,0.1717,0.0005,999.0,999.0
57851.41507,29.084,0.001,0.0014,0.1703,0.0005,999.0,999.0
57852.42093,29.082,0.001,0.0004,0.1734,0.0006,999.0,999.0
57853.46839,29.083,0.001,-0.0017,0.1746,0.0006,999.0,999.0
57854.45925,29.081,0.001,0.0001,0.1723,0.0008,999.0,999.0
57855.44274,29.082,0.001,-0.0026,0.1731,0.0005,999.0,999.0
57856.36935,29.082,0.001,-0.0019,0.1722,0.0008,999.0,999.0
57858.36212,29.08,0.001,-0.0016,0.1696,0.0007,999.0,999.0
57859.3784,29.08,0.001,-0.0013,0.1724,0.0009,999.0,999.0
57860.40603,29.077,0.001,-0.0005,0.1727,0.0012,999.0,999.0
58072.69214,29.081,0.001,-0.0007,999.0,999.0,0.525,0.008
58073.61653,29.08,0.001,-0.0027,999.0,999.0,0.524,0.007
58074.69324,29.08,0.001,0.0014,999.0,999.0,0.524,0.009
58075.67984,29.082,0.001,-0.0027,999.0,999.0,0.525,0.009
58076.67888,29.078,0.002,-0.0096,999.0,999.0,0.508,0.015
58077.70279,29.078,0.001,-0.0023,999.0,999.0,0.525,0.01
58078.70137,29.075,0.001,-0.0051,999.0,999.0,0.526,0.01
58090.72611,29.084,0.001,0.0002,999.0,999.0,0.525,0.01
58091.68905,29.084,0.001,-0.0011,999.0,999.0,0.524,0.009
58093.62615,29.083,0.001,0.0016,999.0,999.0,0.524,0.007
58100.68476,29.085,0.001,-0.0007,999.0,999.0,0.528,0.009
58102.70122,29.083,0.002,-0.0034,999.0,999.0,0.486,0.016
58104.64993,29.082,0.001,0.0011,999.0,999.0,0.525,0.011
58108.69417,29.088,0.001,-0.0026,999.0,999.0,0.521,0.009
58110.70972,29.085,0.001,0.0028,999.0,999.0,0.525,0.008
58111.62003,29.088,0.001,0.0024,999.0,999.0,0.523,0.007
58130.60025,29.092,0.001,-0.0036,0.1649,0.0008,0.525,0.008
58131.66504,29.09,0.001,-0.0011,0.161,0.0011,0.503,0.009
58141.61493,29.086,0.001,0.0048,0.1638,0.0009,0.513,0.009
58142.5731,29.087,0.001,0.0003,0.1675,0.0005,0.522,0.006
58146.57834,29.083,0.001,0.0,0.1651,0.0008,0.525,0.008
58147.54992,29.087,0.001,0.0005,0.1634,0.0009,0.495,0.008
58148.5671,29.087,0.001,0.0021,0.1636,0.001,0.522,0.01
58151.67525,29.088,0.001,-0.0058,0.1557,0.0018,0.526,0.013
58152.626,29.081,0.002,-0.0048,0.1493,0.002,0.525,0.015
58153.56616,29.088,0.001,0.0016,0.1621,0.0014,0.525,0.012
58185.49837,29.085,0.001,0.0025,0.1661,0.0007,0.529,0.008
58186.47613,29.086,0.001,0.0018,0.1672,0.0008,0.519,0.008
58209.54029,29.089,0.002,-0.0035,999.0,999.0,999.0,999.0
58210.44872,29.086,0.001,-0.0005,0.17,0.0006,999.0,999.0
58213.54147,29.086,0.001,0.0009,999.0,999.0,999.0,999.0
58214.39055,29.088,0.001,0.0004,0.1676,0.0006,999.0,999.0
58215.45449,29.085,0.001,-0.003,0.1674,0.0011,999.0,999.0
58216.45408,29.082,0.001,-0.0002,0.165,0.0011,999.0,999.0
58218.47574,29.084,0.002,-0.0085,999.0,999.0,999.0,999.0
58234.37191,29.084,0.001,-0.0024,0.1684,0.0007,999.0,999.0
58235.44114,29.091,0.001,-0.0005,0.1707,0.0015,999.0,999.0
58236.38366,29.084,0.001,-0.0035,0.1733,0.0008,999.0,999.0
58242.46149,29.087,0.002,0.0037,999.0,999.0,999.0,999.0
58243.4582,29.083,0.001,0.0004,999.0,999.0,999.0,999.0
58245.36182,29.091,0.001,-0.0011,0.1736,0.0011,999.0,999.0
58255.40949,29.09,0.001,0.0,0.1766,0.0013,999.0,999.0
58257.39281,29.089,0.001,0.0039,0.1773,0.0008,999.0,999.0
58258.37469,29.088,0.001,-0.0016,0.1732,0.0008,999.0,999.0
58262.35981,29.091,0.001,-0.0016,0.1706,0.0007,999.0,999.0
58263.35275,29.089,0.001,-0.002,0.1729,0.0008,999.0,999.0
58264.35148,29.089,0.001,0.0003,0.1723,0.0018,999.0,999.0
58270.34924,29.088,0.001,-0.0018,0.1716,0.0006,999.0,999.0
58271.35578,29.092,0.001,-0.0042,0.1714,0.001,999.0,999.0
58272.34719,29.084,0.002,-0.0026,999.0,999.0,999.0,999.0
58274.38435,29.085,0.003,-0.0218,999.0,999.0,999.0,999.0
58440.66644,29.094,0.001,0.0009,0.1704,0.0008,0.526,0.008
58441.63117,29.086,0.001,-0.0025,0.1672,0.001,0.523,0.009
58456.70082,29.094,0.001,0.004,0.1691,0.0008,0.515,0.009
58457.72054,29.091,0.001,0.0012,0.1673,0.0005,0.52,0.006
58459.65022,29.091,0.001,-0.0035,0.1502,0.0013,0.513,0.012
58460.67423,29.095,0.001,-0.0035,0.1588,0.0012,0.51,0.01
58467.67996,29.092,0.001,-0.0031,0.1644,0.0011,0.53,0.01
58475.70316,29.085,0.001,-0.0029,0.1599,0.0013,0.519,0.011
58486.64971,29.091,0.002,0.001,999.0,999.0,0.521,0.017
58487.69909,29.089,0.003,0.0024,999.0,999.0,999.0,999.0
58488.69742,29.095,0.001,0.0051,0.1672,0.001,0.529,0.01
58489.70608,29.09,0.002,0.0028,0.1606,0.0019,0.527,0.014
58490.67879,29.094,0.001,-0.002,0.1692,0.0006,0.527,0.007
58496.63178,29.094,0.002,-0.0059,999.0,999.0,999.0,999.0
58497.61321,29.09,0.001,0.0023,0.1681,0.0014,0.516,0.012
58498.66066,29.094,0.001,0.0002,0.1667,0.0013,0.528,0.011
58499.59632,29.091,0.001,0.0017,0.1701,0.0006,0.526,0.007
58526.57706,29.098,0.001,0.0008,0.1725,0.0011,0.533,0.011
58527.54347,29.09,0.001,0.0006,0.1721,0.0012,0.527,0.011
58528.50643,29.091,0.001,0.0025,0.1712,0.0005,0.527,0.006
58529.5612,29.09,0.001,0.001,0.1712,0.0005,0.522,0.006
58530.5159,29.089,0.001,0.0004,0.1718,0.0006,0.526,0.007
58531.59703,29.09,0.001,-0.0016,0.1696,0.0005,0.53,0.006
58532.53022,29.088,0.001,-0.0036,0.17,0.0008,0.521,0.008
58533.4996,29.089,0.001,-0.003,0.1696,0.0007,0.526,0.007
58534.50645,29.091,0.001,-0.0008,0.1702,0.0007,0.527,0.008
58535.59314,29.091,0.001,-0.0023,0.171,0.001,0.521,0.009
58543.57619,29.096,0.001,0.0017,0.1692,0.001,0.525,0.009
58544.51305,29.097,0.001,-0.0024,0.1706,0.0011,0.528,0.01
58545.4534,29.094,0.001,-0.0008,0.1707,0.0011,0.522,0.01
58546.37522,29.094,0.001,0.0014,0.1728,0.0006,0.526,0.006
58548.37912,29.093,0.001,-0.0014,0.1662,0.0009,0.52,0.009
58550.39724,29.093,0.001,0.0003,0.1691,0.0017,0.522,0.013
58551.42881,29.092,0.001,0.0005,0.1702,0.0007,0.524,0.008
58552.40384,29.099,0.001,-0.0004,0.1689,0.0009,0.519,0.009
58553.41709,29.094,0.001,-0.0061,0.1676,0.0008,0.525,0.009
58554.49277,29.09,0.002,-0.001,999.0,999.0,0.524,0.014
58556.44137,29.095,0.001,0.0004,0.1689,0.0009,0.526,0.009
58557.48776,29.095,0.001,0.0006,0.1676,0.0007,0.518,0.008
58559.44023,29.095,0.001,0.0006,0.1693,0.0007,0.527,0.008
58560.51233,29.092,0.001,-0.0027,0.1706,0.0012,0.529,0.011
58561.43576,29.096,0.001,0.0005,0.1728,0.0009,0.522,0.009
58563.51862,29.098,0.001,-0.0005,0.1745,0.0008,0.529,0.008
58586.3874,29.094,0.001,0.0043,0.1703,0.0009,999.0,999.0
58587.40305,29.096,0.001,0.0017,0.1676,0.0013,999.0,999.0
58588.37817,29.094,0.001,-0.0019,0.1749,0.0017,999.0,999.0
58590.4154,29.095,0.001,-0.0001,0.169,0.0004,999.0,999.0
58591.34231,29.095,0.001,0.0027,0.1631,0.0012,999.0,999.0
58592.45683,29.096,0.002,-0.0032,999.0,999.0,999.0,999.0
58593.42747,29.092,0.001,0.0006,0.1745,0.0008,999.0,999.0
58598.49199,29.095,0.003,-0.002,999.0,999.0,999.0,999.0
58600.48275,29.091,0.001,-0.0043,999.0,999.0,999.0,999.0
58601.42492,29.093,0.001,-0.0005,0.1736,0.0012,999.0,999.0
58602.32023,29.091,0.001,-0.0008,0.1715,0.001,999.0,999.0
58603.34279,29.093,0.001,-0.0003,0.1727,0.0009,999.0,999.0
58604.36121,29.094,0.001,-0.0023,0.1736,0.0006,999.0,999.0
58605.37671,29.097,0.001,-0.0013,0.1786,0.0009,999.0,999.0
58606.38135,29.093,0.001,-0.0018,0.1775,0.001,999.0,999.0
58607.37926,29.089,0.001,0.0054,0.176,0.0016,999.0,999.0
58608.39479,29.093,0.001,-0.0009,0.1739,0.0012,999.0,999.0
58610.38085,29.098,0.001,0.0005,0.1761,0.0007,999.0,999.0
58613.41864,29.091,0.002,-0.006,999.0,999.0,999.0,999.0
58616.33982,29.096,0.001,-0.0001,0.1745,0.0013,999.0,999.0
58617.33881,29.092,0.001,-0.0012,0.1719,0.0006,999.0,999.0
58619.4107,29.086,0.001,-0.0036,0.1778,0.0012,999.0,999.0
58620.38094,29.089,0.001,0.0032,0.1739,0.0009,999.0,999.0
58624.41277,29.093,0.001,-0.0002,999.0,999.0,999.0,999.0
58625.39701,29.085,0.002,0.0102,999.0,999.0,999.0,999.0
58626.36614,29.09,0.001,0.0019,0.1777,0.0007,999.0,999.0
58627.37623,29.089,0.001,0.0022,0.18,0.0011,999.0,999.0
58630.37143,29.092,0.001,0.0002,0.1747,0.0008,999.0,999.0
58631.35476,29.092,0.001,0.0002,0.172,0.0013,999.0,999.0
58632.35378,29.085,0.001,-0.0019,0.1656,0.0013,999.0,999.0
58633.35156,29.088,0.001,-0.0037,0.169,0.001,999.0,999.0
58634.34584,29.09,0.001,0.0031,0.1734,0.0007,999.0,999.0
58635.34845,29.089,0.001,-0.0007,0.1727,0.0008,999.0,999.0
58636.36255,29.091,0.001,-0.0017,0.1777,0.001,999.0,999.0
58637.35109,29.09,0.001,-0.0007,0.174,0.0008,999.0,999.0
58820.63063,29.091,0.001,-0.003,0.1801,0.0011,0.516,0.009
58821.60302,29.094,0.001,-0.0038,0.1796,0.0013,0.512,0.01
58824.67421,29.095,0.001,0.0003,0.1764,0.0007,0.52,0.007
58828.61484,29.094,0.001,0.0015,0.1735,0.0007,0.53,0.008
58852.6337,29.097,0.002,0.0044,999.0,999.0,0.527,0.017
58853.55459,29.105,0.001,0.0028,0.189,0.0016,0.524,0.013
58854.58145,29.096,0.001,-0.0021,0.1818,0.0007,0.525,0.008
58855.57747,29.094,0.001,-0.0005,0.1844,0.0009,0.53,0.009
58856.6402,29.099,0.001,0.0013,0.185,0.0011,0.514,0.01
58856.73025,29.096,0.001,0.0001,0.1882,0.0014,0.518,0.011
58875.6166,29.099,0.001,-0.0043,0.1808,0.0006,0.525,0.006
58877.61726,29.099,0.001,-0.0014,0.1804,0.0008,0.515,0.008
58881.59325,29.099,0.001,0.0011,0.1845,0.0009,0.512,0.008
58882.53817,29.095,0.001,-0.0039,0.193,0.0016,0.512,0.012
58883.54223,29.096,0.001,-0.0011,0.1874,0.0011,0.521,0.01
58884.46423,29.1,0.001,-0.0048,0.1967,0.0018,0.527,0.014
58885.38578,29.101,0.002,-0.0014,999.0,999.0,0.517,0.019
58886.50785,29.102,0.001,0.0004,0.1805,0.0006,0.535,0.007
58887.45579,29.097,0.001,-0.0026,0.1833,0.0011,0.524,0.011
58888.50882,29.096,0.001,-0.0002,0.1791,0.0005,0.524,0.005
58891.56505,29.097,0.001,0.0004,0.1891,0.0013,0.52,0.011
58892.55219,29.1,0.001,-0.0005,0.1843,0.0007,0.532,0.008
58893.5583,29.098,0.001,0.0028,0.191,0.0013,0.524,0.011
58894.48852,29.099,0.001,-0.0009,0.18,0.0007,0.524,0.008
58897.58099,29.094,0.003,-0.0036,999.0,999.0,999.0,999.0
58898.50343,29.096,0.001,0.0014,0.185,0.001,999.0,999.0
58906.53712,29.095,0.001,0.001,0.1838,0.0013,0.518,0.011
58907.50513,29.096,0.001,0.0035,0.1838,0.0013,0.526,0.011
58911.46747,29.098,0.001,0.0016,0.1893,0.0015,0.527,0.012
58912.49592,29.094,0.001,0.0019,0.187,0.0017,0.526,0.014
58913.4537,29.097,0.001,0.0052,0.1752,0.001,0.52,0.01
58914.41822,29.1,0.001,0.0015,0.1894,0.0014,0.519,0.012
58916.42498,29.099,0.001,-0.0002,0.1903,0.0013,0.535,0.012
58918.44042,29.101,0.001,0.0024,0.1933,0.0016,0.527,0.013
58919.48435,29.099,0.002,0.0003,999.0,999.0,0.474,0.012
58920.43465,29.096,0.001,0.0004,0.18,0.0007,0.522,0.008
58924.46581,29.101,0.001,0.0001,0.1776,0.0009,0.528,0.009
59170.59242,29.108,0.001,-0.0077,0.2018,0.0013,0.518,0.009
59171.67277,29.104,0.001,-0.0012,0.1707,0.0005,0.524,0.006
59172.59053,29.105,0.001,-0.0036,0.2086,0.0011,0.515,0.006
59175.67902,29.1,0.001,-0.0027,0.1753,0.0007,0.519,0.008
59182.69165,29.103,0.001,0.0006,0.172,0.0005,0.516,0.006
59183.6644,29.104,0.001,-0.0018,0.1798,0.0006,0.523,0.007
59184.66932,29.098,0.002,0.001,0.1895,0.0018,0.513,0.014
59186.62898,29.105,0.001,-0.0007,0.1748,0.0007,0.526,0.008
59197.73091,29.102,0.001,-0.001,999.0,999.0,0.524,0.007
59203.65678,29.109,0.002,-0.0044,0.1674,0.0019,0.514,0.015
59205.62881,29.108,0.001,0.0043,0.1709,0.0006,0.518,0.007
59206.6322,29.098,0.001,-0.0025,0.1701,0.0011,0.516,0.011
59247.50061,29.103,0.001,-0.001,0.1749,0.0014,999.0,999.0
59248.63037,29.108,0.001,-0.001,0.174,0.0006,0.516,0.007
59249.56861,29.105,0.001,-0.003,999.0,999.0,0.518,0.01
59263.47458,29.106,0.001,-0.002,0.1724,0.0006,0.526,0.007
59265.54794,29.105,0.001,-0.0031,0.176,0.0009,0.525,0.009
59266.41158,29.104,0.001,0.0002,0.1763,0.0008,0.526,0.008
59267.37249,29.106,0.002,-0.0034,999.0,999.0,0.52,0.02
59269.38117,29.105,0.001,0.0014,0.1739,0.0007,0.525,0.008
59271.4168,29.106,0.001,0.0011,0.1725,0.0005,0.53,0.007
59272.37643,29.105,0.001,0.0042,0.1777,0.0009,0.525,0.009
59273.50018,29.103,0.001,0.0036,0.1775,0.0009,0.522,0.008
59274.52433,29.107,0.001,-0.0007,0.1729,0.0005,0.527,0.007
59275.53869,29.109,0.001,-0.0002,0.1728,0.0006,0.526,0.007
59277.48064,29.109,0.001,-0.0001,0.1775,0.0009,0.522,0.009
59278.45468,29.109,0.001,-0.0007,0.1737,0.0008,0.523,0.008
59279.43298,29.108,0.001,0.0007,0.175,0.0006,0.524,0.007
59280.4677,29.104,0.001,-0.0049,0.1808,0.0012,0.517,0.01
59327.42527,29.104,0.001,-0.0025,0.1785,0.0009,999.0,999.0
59328.43132,29.106,0.001,-0.0037,0.1742,0.0007,999.0,999.0
59329.37507,29.106,0.001,-0.0012,0.1727,0.0006,999.0,999.0
59330.42242,29.105,0.002,-0.0119,999.0,999.0,999.0,999.0
59336.36732,29.108,0.001,0.0007,0.1743,0.0011,999.0,999.0
59337.39674,29.11,0.001,0.0027,0.1788,0.0009,999.0,999.0
59339.38104,29.109,0.001,0.0026,0.1717,0.0008,999.0,999.0
59340.36174,29.11,0.001,0.0012,0.1725,0.0007,999.0,999.0
59342.33408,29.11,0.001,0.0017,0.1732,0.0007,999.0,999.0
59343.35287,29.103,0.001,-0.0023,0.1718,0.0006,999.0,999.0
59346.36233,29.101,0.001,-0.0025,0.1721,0.0012,999.0,999.0
59347.33788,29.11,0.001,-0.0001,0.1705,0.0006,999.0,999.0
59349.34036,29.106,0.001,-0.0041,0.1816,0.0013,999.0,999.0
59351.4423,29.107,0.002,-0.0066,999.0,999.0,999.0,999.0
59351.45289,29.107,0.002,0.0035,999.0,999.0,999.0,999.0
59352.34585,29.108,0.001,-0.0014,0.1771,0.0009,999.0,999.0
59354.35096,29.106,0.001,-0.001,0.1764,0.0014,999.0,999.0
59355.35012,29.107,0.002,-0.0035,999.0,999.0,999.0,999.0
59357.37102,29.106,0.001,-0.0012,999.0,999.0,999.0,999.0
59363.3513,29.107,0.001,0.0004,0.1755,0.001,999.0,999.0
59586.50556,29.115,0.001,-0.0067,0.186,0.0008,0.53,0.008
59590.52159,29.117,0.001,-0.0015,0.19,0.0013,0.504,0.011
59593.4655,29.11,0.001,-0.0032,0.1857,0.0007,0.529,0.007
59594.5332,29.112,0.001,-0.0003,0.1765,0.0006,0.53,0.007
59602.6255,29.12,0.001,-0.0001,0.1818,0.0006,0.526,0.007
59605.44167,29.12,0.001,0.0011,0.1895,0.0008,0.527,0.008
59606.47317,29.119,0.001,-0.0017,0.185,0.0009,0.521,0.008
59607.57129,29.118,0.001,0.0046,0.1907,0.0009,0.528,0.009
59608.67797,29.116,0.001,-0.0013,0.1938,0.0012,0.521,0.01
59609.60292,29.117,0.001,0.0011,0.1878,0.001,0.525,0.009
59610.51254,29.115,0.001,0.0021,0.1853,0.0008,0.523,0.009
59620.52934,29.111,0.001,-0.0019,0.1789,0.0007,0.523,0.008
59621.56096,29.112,0.001,-0.0011,0.1847,0.001,0.513,0.009
59622.47061,29.112,0.001,-0.0006,0.1833,0.0008,0.522,0.008
59623.53538,29.116,0.001,-0.0011,0.1872,0.001,0.525,0.01
59625.55919,29.112,0.001,-0.0029,0.1812,0.0008,0.52,0.008
59628.46108,29.111,0.001,-0.0024,0.1871,0.0012,0.519,0.011
59630.49989,29.115,0.001,-0.0012,0.1978,0.0015,0.526,0.012
59633.41679,29.118,0.001,-0.0023,0.1834,0.0008,0.529,0.008
59634.56414,29.115,0.001,0.0021,0.178,0.0008,0.525,0.008
59635.48433,29.12,0.001,-0.0003,0.1852,0.001,0.523,0.01
59636.55304,29.121,0.001,0.0003,0.1847,0.0009,0.528,0.009
59637.57302,29.111,0.001,0.0009,0.181,0.0008,0.526,0.008
59638.51495,29.115,0.001,0.002,0.1796,0.0009,0.506,0.008
59639.54117,29.113,0.001,0.0006,0.1851,0.001,0.525,0.01
59640.4762,29.112,0.001,-0.0016,0.1914,0.0013,0.525,0.011
59641.56528,29.118,0.001,0.0018,0.1905,0.0009,0.524,0.008
59642.51285,29.113,0.001,-0.0019,0.1843,0.0008,0.522,0.008
59644.46157,29.122,0.001,0.0049,0.1885,0.0013,0.523,0.01
59645.56396,29.122,0.001,0.0024,0.2027,0.0015,0.509,0.01
59646.45423,29.121,0.001,0.0013,0.1883,0.0009,0.527,0.009
59648.51781,29.12,0.001,0.0021,0.1851,0.0006,0.525,0.007
59658.43432,29.114,0.001,-0.0043,0.1906,0.001,0.526,0.01
59660.5041,29.113,0.001,0.0004,0.1848,0.001,0.528,0.009
59661.43835,29.112,0.001,0.0012,0.1801,0.0008,0.532,0.008
59662.40771,29.118,0.001,0.0017,0.1786,0.0006,0.525,0.007
59663.4597,29.113,0.001,-0.0003,0.1785,0.0006,0.528,0.007
59678.33034,29.113,0.001,-0.0036,0.1757,0.0005,999.0,999.0
59683.40842,29.116,0.001,0.0003,0.1769,0.0006,999.0,999.0
59686.49836,29.118,0.001,0.0032,0.2257,0.0017,999.0,999.0
59889.7015,29.123,0.001,0.0008,0.1778,0.0006,0.518,0.007
59890.67476,29.126,0.001,0.0012,999.0,999.0,0.521,0.014
59902.69906,29.118,0.001,-0.0017,0.1811,0.0011,0.524,0.01
59903.66273,29.122,0.001,0.0032,0.185,0.0011,0.523,0.01
59919.63625,29.128,0.001,-0.0002,0.1802,0.0008,0.527,0.009
59920.64785,29.132,0.001,-0.0011,0.1769,0.0007,0.52,0.008
59921.57429,29.126,0.001,0.0026,0.181,0.0009,0.526,0.008
59937.67352,29.121,0.001,-0.0072,0.1894,0.0015,0.51,0.012
59958.60953,29.123,0.001,-0.0013,0.1789,0.0009,0.528,0.009
59959.57843,29.118,0.002,-0.0036,999.0,999.0,0.506,0.014
59972.57361,29.124,0.001,0.0028,0.1877,0.0009,0.527,0.009
59973.54181,29.125,0.001,-0.001,0.1816,0.0007,0.521,0.008
59974.51399,29.127,0.001,-0.0011,0.178,0.0006,0.529,0.007
59975.61481,29.133,0.001,0.0006,0.1797,0.0012,0.524,0.011
59976.53289,29.128,0.001,-0.0018,0.1851,0.0011,0.515,0.01
59978.45779,29.121,0.001,-0.0021,0.1819,0.0008,0.527,0.008
59980.4728,29.119,0.001,0.0011,0.179,0.0014,0.529,0.012
59983.48087,29.127,0.001,-0.0004,0.1876,0.0012,0.529,0.011
59984.62393,29.12,0.001,-0.0009,0.1786,0.0008,0.527,0.008
59988.46075,29.123,0.001,-0.0013,999.0,999.0,0.524,0.006
59990.5449,29.122,0.001,-0.0003,999.0,999.0,0.527,0.006
60006.45527,29.125,0.001,0.0014,0.1775,0.0006,0.526,0.007
60007.43307,29.129,0.001,0.0012,0.178,0.0006,0.529,0.007
60008.49984,29.129,0.001,-0.0003,0.1798,0.0007,0.534,0.008
60009.54012,29.129,0.001,0.0006,0.1808,0.0007,0.53,0.007
60010.53674,29.131,0.001,0.0025,0.1809,0.0007,0.528,0.008
60013.52425,29.129,0.001,-0.0012,0.1891,0.0013,0.508,0.011
60016.39097,29.134,0.001,-0.002,0.186,0.001,0.524,0.009