7024.750506950077,19760.879500,3.017546,0.187267,CORA
7038.860089430120,19759.007576,4.061134,0.189808,CORA
7118.658931689803,19759.312138,6.582727,0.187379,CORA
7143.581480110064,19767.536829,2.985728,0.186511,CORA
7430.820125130005,19749.401765,10.942887,0.188081,CORA
7459.768335380126,19758.614625,4.432077,0.188648,CORA
7739.798776340205,19754.717568,3.637862,0.188952,CORA
7760.701982129831,19759.633583,3.260573,0.189679,CORA
7770.830343199894,19750.208711,3.585122,0.188461,CORA
7908.497124889866,19765.142714,3.080937,0.188532,CORA
8048.865423010197,19750.540879,4.559438,0.196552,CORA
8093.784270239994,19756.963910,4.002749,0.188011,CORA
8203.544815409929,19781.023263,3.065714,0.189269,CORA
8479.851206149906,19757.477161,4.002996,0.185321,CORA
8496.870431810152,19761.903898,4.128976,0.189362,CORA
8575.637322559953,19765.963386,3.927732,0.184941,CORA
8624.494141799863,19768.318746,3.349741,0.184114,CORA
8625.493726749904,19772.136587,2.999193,0.187157,CORA
8626.521839240100,19764.010160,2.953244,0.184875,CORA
8638.502249409910,19772.690886,3.903573,0.184126,CORA
8639.478316150140,19771.537196,5.248686,0.184071,CORA
8640.517873180099,19777.937159,4.693007,0.181797,CORA
8641.501057560090,19775.017157,3.402866,0.185369,CORA
8647.482671939768,19766.356973,3.437051,0.184308,CORA
8648.497614319902,19768.173323,3.505144,0.187057,CORA
8855.744203209877,19753.465691,5.524432,0.193588,CORA
8884.760613730177,19765.783379,4.458161,0.189278,CORA
5198.80046232133736339165,1.69,1.8200,0.1647,pfs1
5198.80272248463552386966,7.35,1.9800,0.1714,pfs1
5252.70830374259912787238,3.79,1.6000,0.1575,pfs1
5256.67966442795204784488,1.40,1.5900,0.1930,pfs1
5339.53760546142984821927,10.71,1.1200,0.1590,pfs1
5339.54366497264436475234,12.31,1.0300,0.1615,pfs1
5581.81336310460210370366,2.01,1.5400,0.1653,pfs1
5588.75747179496465832926,5.36,1.9400,0.1741,pfs1
5588.76391210197834880091,0.96,1.7700,0.1600,pfs1
5664.60144363600556971505,-2.50,1.8300,0.1605,pfs1
5953.81271478361486515496,-12.68,1.7600,0.1664,pfs1
5955.78313663220797025133,-4.83,1.6300,0.1595,pfs1
5958.78249719663108407985,-13.95,1.7300,0.1607,pfs1
6087.49751283174737181980,-6.21,1.2200,0.1629,pfs1
6087.50102254691228154115,-12.52,1.3100,0.2072,pfs1
6092.49371338664695940679,-7.55,1.2100,0.1588,pfs1
6281.80971364229299069848,-15.15,1.7200,0.1536,pfs1
6343.71369983421755023301,-10.69,1.6500,0.1544,pfs1
6356.73510193424954195507,-10.83,1.4400,0.1498,pfs1
6428.52030044805815123254,-12.86,1.2900,0.1494,pfs1
6432.51966593080487655243,-10.69,1.4100,0.1511,pfs1
6438.50234741292752005393,-2.34,1.3000,0.1669,pfs1
6694.70676536645714804763,-5.71,1.6900,0.1556,pfs1
6697.69280276263998530339,1.81,1.6900,0.1470,pfs1
6701.70015445011449628510,-5.08,1.5100,0.1458,pfs1
6732.69609971049703744939,3.97,1.6800,0.1544,pfs1
6734.71282864823933778098,7.00,1.4800,0.1484,pfs1
6817.47683799520291358931,3.61,1.1700,0.1499,pfs1
7021.77403655086800426943,-8.31,1.5600,0.1447,pfs1
7025.76921799563115200726,-4.49,1.6300,0.1464,pfs1
7055.75204189672695065383,3.03,1.6100,0.1466,pfs1
7062.66716833305508771446,-4.02,1.6400,0.1457,pfs1
7067.62944563883502269164,4.15,1.8400,0.1501,pfs1
7117.62039468254715757212,-3.21,1.6900,0.1510,pfs1
7388.78167686419419624144,-9.75,1.6500,0.1547,pfs1
7395.73140734456137579400,-4.64,1.8100,0.1537,pfs1
7452.68808872029239864787,-12.29,1.3100,0.1525,pfs1
7468.64404368715167947812,-6.42,1.6400,0.1560,pfs1
7474.66793088545728096506,-9.87,1.6600,0.1543,pfs1
7478.63241514035780710401,-6.08,1.6700,0.1506,pfs1
7498.58900430634002987063,-7.94,1.7100,0.1614,pfs1
7555.47357154744440776994,-7.63,1.3000,0.1634,pfs1
7737.83878056255798583152,6.39,1.9200,0.1745,pfs1
7759.78635257452424411895,-15.35,1.5700,0.1561,pfs1
7763.76870947524730581790,-18.94,1.6700,0.1560,pfs1
7769.73997213117309001973,-9.05,1.5000,0.1547,pfs1
7825.71407201319289015373,-10.32,1.5300,0.1576,pfs1
7851.57088638147524761735,-3.14,1.9100,0.1611,pfs1
8271.48476701452273118775,-0.39,1.0600,0.1576,pfs2
8469.85188790411484660581,7.66,1.6000,0.1709,pfs2
8469.85452811854338506237,6.11,1.5400,0.1746,pfs2
8469.85708832627824449446,4.70,1.7900,0.1747,pfs2
8507.82192559534996689763,-4.30,1.6100,0.1669,pfs2
8527.71946652651968179271,-1.36,1.6400,0.1672,pfs2
8527.72314662046119337901,-3.06,1.6800,0.1668,pfs2
8530.71117664554913062602,3.42,1.6600,0.1611,pfs2
8530.71417670958180679008,2.70,1.7200,0.1620,pfs2
8530.71736677762783074286,3.57,1.5200,0.1626,pfs2
8618.45879877419247350190,3.71,1.8200,0.2130,pfs2
8618.46154856201974325813,0.66,1.1200,0.1625,pfs2
8618.46607821243924263399,1.14,1.1400,0.1643,pfs2
8618.54730191529779403936,0.75,1.1900,0.1762,pfs2
8618.55266149781709827948,0.92,1.1300,0.1661,pfs2
8619.45689150650832743850,-4.38,1.3000,0.1732,pfs2
8619.45968128995627921540,-2.79,1.0900,0.1678,pfs2
8619.46247107380804663990,-1.45,1.1800,0.1728,pfs2
8619.57906197325974062551,-1.01,1.2900,0.1806,pfs2
8619.58182175672118319198,-1.77,1.2900,0.1821,pfs2
8619.58463153612683527172,2.15,1.4300,0.1823,pfs2
8620.52444841803662711754,1.78,1.2200,0.1705,pfs2
8620.52726819673625868745,-1.67,1.2300,0.1709,pfs2
8620.53005797750483907294,-2.07,1.2900,0.1790,pfs2
8620.61090160662024572957,0.50,1.0600,0.1666,pfs2
8620.61716111190617084503,1.46,1.1300,0.1679,pfs2
8621.45879538112058071420,0.23,1.1200,0.1766,pfs2
8621.46448493526622769423,2.79,1.1000,0.1600,pfs2
8621.46914457000093534589,5.11,1.2500,0.1656,pfs2
8621.57597614719270495698,4.89,1.1200,0.1713,pfs2
8621.58011581905338971410,1.91,1.1900,0.1766,pfs2
8621.58434548389777773991,0.95,1.2300,0.1836,pfs2
8622.45716698968499258626,1.05,1.1800,0.1692,pfs2
8622.45998676735325716436,-1.59,1.2500,0.1749,pfs2
8622.46285654186794999987,0.63,1.1300,0.1686,pfs2
8622.57642754959124431480,1.66,1.0900,0.1664,pfs2
8622.58053722261684015393,-0.68,1.1300,0.1661,pfs2
8623.55484038770191546064,0.32,1.1300,0.1672,pfs2
8623.56155985150689957663,-4.31,1.0400,0.1722,pfs2
8624.46357848408115387429,-1.26,1.0900,0.1632,pfs2
8624.46821811556947068311,-3.43,1.0900,0.1657,pfs2
8624.55298135494194866624,-0.65,1.2400,0.1724,pfs2
8624.55781096817190700676,0.00,1.2200,0.1611,pfs2
8625.46538890280135092326,1.06,1.1800,0.1641,pfs2
8625.47024851558853697497,1.90,1.0500,0.1586,pfs2
8625.56686077608901541680,3.21,1.1600,0.1648,pfs2
8625.57112043322740646545,6.55,1.2300,0.1657,pfs2
8626.52836415075398690533,3.57,1.2200,0.1717,pfs2
8626.53363372676540166140,6.35,1.1600,0.1674,pfs2
8626.58020997056337364484,0.33,1.1900,0.1673,pfs2
8626.58559953517396934330,5.12,1.0800,0.1661,pfs2
8627.45867979986178397667,0.10,0.9600,0.1577,pfs2
8627.46152957162485108711,-0.50,1.0200,0.1585,pfs2
8627.46432934695258154534,-1.31,1.0600,0.1591,pfs2
8627.59090913418367563281,1.08,1.2000,0.1770,pfs2
8627.59374890412800596096,-0.50,1.2000,0.1760,pfs2
8627.59652867844306456391,4.50,1.1100,0.1766,pfs2