2458781.970064,-8.41,1.63,apf
2458783.674665,-6.97,1.33,apf
2458786.77811,-7.61,2.82,apf
2458787.793087,-2.46,1.88,apf
2458788.64183,-13.67,1.72,apf
2458790.747131,-2.1,1.4,apf
2458791.627951,6.48,1.38,apf
2458792.657481,0.75,1.35,apf
2458793.693909,-0.29,1.4,apf
2458794.656825,3.56,1.42,apf
2458795.632671,0.97,1.53,apf
2458796.654847,1.36,1.49,apf
2458797.658274,3.06,1.42,apf
2458806.759006,6.31,2.51,apf
2458808.982279,4.59,1.79,apf
2458811.620794,-0.19,1.7,apf
2458812.663612,1.28,1.92,apf
2458833.934807,-2.25,2.94,apf
2458834.854039,18.05,5.9,apf
2458837.957711,-7.22,2.11,apf
2458854.751177,-31.06,3.81,apf
2458859.752002,3.59,1.82,apf
2458861.012596,-1.53,3.21,apf
2458872.015956,-3.98,1.63,apf
2458873.080764,-4.1,1.46,apf
2458875.999046,-2.32,1.81,apf
2458876.718362,-0.9,2.51,apf
2458878.719777,-14.1,2.56,apf
2458880.004955,-1.7,2.16,apf
2458880.769398,1.94,1.94,apf
2458885.700081,5.74,2.8,apf
2458886.688336,-17.74,2.65,apf
2458887.957609,-0.13,1.71,apf
2458891.955331,3.57,2.04,apf
2458892.906766,4.19,1.9,apf
2458894.928222,11.13,1.84,apf
2458895.937468,10.84,2.01,apf
2458897.746062,-6.84,4.0,apf
2458898.928663,-5.49,2.03,apf
2458899.957328,-5.87,1.91,apf
2458901.049197,7.15,1.75,apf
2458906.990806,3.03,1.57,apf
2458914.984843,-5.64,1.87,apf
2458920.95307,7.99,2.04,apf
2458921.869007,-1.56,1.9,apf
2458961.894146,-14.51,2.19,apf
2458966.812275,-18.22,1.88,apf
2458976.956804,-0.86,2.74,apf
2458977.935506,0.69,1.92,apf
2459003.904722,3.92,1.8,apf
2459009.896003,1.18,1.67,apf
2459011.965098,-3.95,1.85,apf
2459018.945708,8.73,1.96,apf
2459356.786737,1.77,1.74,apf
2459363.876036,0.21,1.67,apf
2459368.880368,-4.3,1.57,apf
2459379.764059,-2.95,1.8,apf
2459385.908348,6.76,1.75,apf
2459390.910909,1.97,1.59,apf
2459397.889104,3.8,1.76,apf
2459405.817207,7.57,1.73,apf
2459411.820102,2.06,1.46,apf
2459416.845336,3.11,1.69,apf
2459424.838046,2.98,2.63,apf
2459500.988889,-9.07,1.96,apf
2459517.975857,3.68,2.56,apf
2459524.994479,-8.66,2.4,apf
2459531.900671,8.59,1.82,apf
2459539.963479,5.78,1.85,apf
2459547.857679,0.74,1.78,apf
2459552.841799,-12.17,1.89,apf
2459559.822907,4.43,2.32,apf
2459568.091961,3.27,1.74,apf
2459569.087585,9.47,2.76,apf
2459586.099512,-1.33,1.64,apf
2459599.059867,-18.41,1.8,apf
2459604.722592,-8.12,2.01,apf
2459608.006158,-2.08,2.52,apf
2459615.80602,8.87,2.25,apf
2459620.829014,6.47,2.0,apf
2459629.079453,-1.3,1.69,apf
2459631.028357,7.8,1.67,apf
2459637.0558,-2.87,1.71,apf
2459646.983579,2.49,1.99,apf
2459654.983058,7.39,2.33,apf
2459661.880102,-1.57,1.84,apf
2459668.978317,11.32,2.1,apf
2459669.900371,20.61,2.04,apf
2459674.912989,19.97,2.55,apf
2459686.87464,2.33,1.57,apf
2459693.837271,6.11,2.17,apf
2459699.803196,-2.14,1.93,apf
2459704.819895,2.86,1.65,apf
2459711.805696,-1.39,2.01,apf
2459716.814026,-0.1,1.83,apf
2459721.837286,2.05,1.91,apf
2459726.841498,2.36,2.18,apf
2459732.768803,0.91,1.78,apf
2459737.77235,-4.71,1.73,apf
2459742.83126,2.59,2.12,apf
2459749.922215,1.01,1.6,apf
2459758.96053,1.18,1.96,apf
2459764.767581,22.46,1.7,apf
2459769.846332,8.44,1.83,apf
2459772.962225,0.94,2.07,apf
2459776.964558,8.43,2.19,apf
2459781.933125,-4.55,1.77,apf
2459785.921502,8.29,2.33,apf
2459790.854162,1.47,3.07,apf
2459814.855186,-1.1,1.89,apf
2459847.033963,8.41,1.47,apf
2459862.002277,-5.78,2.11,apf
2459874.035218,-2.81,1.1,apf
2459902.015243,-1.01,2.23,apf
2459933.083354,-1.12,1.98,apf
2459969.040754,3.19,1.89,apf
2459976.084436,-2.66,1.74,apf
2458853.175628,-0.76,1.45,0.151,0.002,hires_j
2458917.031453,-4.38,1.29,0.157,0.002,hires_j
2458918.059635,-2.78,1.1,0.165,0.002,hires_j
2458919.042401,-2.79,1.12,0.164,0.002,hires_j
2458999.882865,-4.0,1.13,0.168,0.002,hires_j
2459002.914596,0.72,1.12,0.167,0.002,hires_j
2459003.879677,-1.61,1.17,0.166,0.002,hires_j
2459006.892972,-5.75,1.15,0.168,0.002,hires_j
2459007.889973,-6.42,1.19,0.167,0.002,hires_j
2459010.890251,-7.08,1.21,0.166,0.002,hires_j
2459011.812984,-6.25,1.22,0.166,0.002,hires_j
2459012.778934,-6.06,1.25,0.167,0.002,hires_j
2459013.787141,-7.18,1.12,0.166,0.002,hires_j
2459016.835996,3.55,1.06,0.166,0.002,hires_j
2459019.004943,1.94,1.24,0.165,0.002,hires_j
2459024.85936,-4.56,1.09,0.162,0.002,hires_j
2459025.832246,-1.95,1.02,0.161,0.002,hires_j
2459027.827729,0.89,0.97,0.163,0.002,hires_j
2459028.811751,5.78,0.94,0.161,0.002,hires_j
2459029.84422,0.63,1.03,0.162,0.002,hires_j
2459030.832131,1.69,1.07,0.162,0.002,hires_j
2459031.844717,3.48,1.09,0.162,0.002,hires_j
2459034.848301,4.6,1.03,0.162,0.002,hires_j
2459035.901305,5.44,1.07,0.162,0.002,hires_j
2459036.785041,-0.01,1.01,0.162,0.002,hires_j
2459038.813169,-2.26,1.08,0.161,0.002,hires_j
2459039.831858,-3.92,1.06,0.162,0.002,hires_j
2459040.811727,-5.95,1.17,0.162,0.002,hires_j
2459041.809514,-3.97,1.05,0.163,0.002,hires_j
2459042.812476,-4.04,1.06,0.167,0.002,hires_j
2459051.822808,7.57,1.28,0.168,0.002,hires_j
2459057.868647,2.29,1.46,0.169,0.002,hires_j
2459077.738584,-4.8,2.11,0.163,0.002,hires_j
2459087.74974,4.55,1.6,0.164,0.002,hires_j
2459091.723401,3.07,1.29,0.16,0.002,hires_j
2459099.728253,-2.32,1.42,0.165,0.002,hires_j
2459114.743019,6.72,1.37,0.167,0.002,hires_j
2459115.733013,4.7,1.44,0.164,0.002,hires_j
2459120.72545,5.07,1.37,0.162,0.002,hires_j
2459121.718409,4.73,1.61,0.168,0.002,hires_j
2459122.729516,10.43,1.31,0.163,0.002,hires_j
2459123.727175,4.2,1.35,0.165,0.002,hires_j
2459272.035833,-2.42,1.29,0.162,0.002,hires_j
2459297.038117,-1.87,1.1,0.164,0.002,hires_j
2459353.845656,-0.15,1.18,0.158,0.002,hires_j
2459361.925228,-4.52,1.1,0.16,0.002,hires_j
2459367.961096,-1.45,1.8,0.164,0.002,hires_j
2459368.775092,-6.55,1.84,0.164,0.002,hires_j
2459376.952369,-3.09,0.81,0.163,0.001,hires_j
2459378.875132,-2.69,1.07,0.162,0.002,hires_j
2459381.961395,0.72,1.25,0.162,0.002,hires_j
2459383.969048,6.13,1.14,0.161,0.002,hires_j
2459384.900186,1.28,1.46,0.163,0.002,hires_j
2459385.829205,3.52,1.12,0.161,0.002,hires_j
2459386.826176,1.96,1.11,0.161,0.002,hires_j
2459399.854267,8.54,1.09,0.159,0.002,hires_j
2459404.966537,-3.31,1.05,0.16,0.002,hires_j
2459405.974913,-2.47,1.25,0.161,0.002,hires_j
2459408.952407,-1.45,1.06,0.161,0.002,hires_j
2459414.96149,-3.34,1.49,0.164,0.002,hires_j
2459415.830994,4.94,1.29,0.163,0.002,hires_j
2459446.871127,6.57,2.1,0.166,0.002,hires_j
2459476.711174,-0.04,2.16,0.164,0.002,hires_j
2459484.709873,-0.04,2.2,0.155,0.002,hires_j
2459513.702079,2.87,1.7,0.168,0.002,hires_j
2459593.152368,2.52,2.15,0.168,0.002,hires_j
2459632.080818,-1.26,1.28,0.168,0.002,hires_j
2459633.079135,-0.94,1.31,0.167,0.002,hires_j
2459655.015605,1.65,1.16,0.166,0.002,hires_j
2459661.062361,4.21,1.14,0.165,0.002,hires_j
2459662.061546,1.3,1.13,0.166,0.002,hires_j
2459681.911133,2.15,1.22,0.163,0.002,hires_j
2459690.13837,-1.44,1.29,0.165,0.002,hires_j
2459691.136956,-0.5,1.37,0.165,0.002,hires_j
2459711.902812,5.58,1.47,0.164,0.002,hires_j
2459738.92216,-3.98,1.13,0.163,0.002,hires_j
2459740.787245,-6.11,1.08,0.163,0.002,hires_j
2459765.950467,-1.8,1.18,0.166,0.002,hires_j
2459769.96559,3.86,1.16,0.167,0.002,hires_j