2458710.137003,-2.81,1.74,0.128,0.001,hires_j
2458711.142806,-5.06,3.19,0.125,0.002,hires_j
2458715.134206,-0.89,3.04,0.128,0.002,hires_j
2458716.126153,-2.91,2.93,0.126,0.002,hires_j
2458723.128066,1.93,2.89,0.127,0.002,hires_j
2458724.089119,0.21,3.22,0.126,0.002,hires_j
2458733.070402,-18.87,2.88,0.127,0.002,hires_j
2458739.113612,-17.55,3.13,0.126,0.002,hires_j
2458744.004444,1.81,3.48,0.127,0.002,hires_j
2458765.904749,8.32,3.49,0.127,0.002,hires_j
2458774.913179,-15.18,3.19,0.127,0.002,hires_j
2458776.936925,-22.79,3.82,0.128,0.002,hires_j
2458787.985262,-12.02,3.61,0.127,0.002,hires_j
2458794.933028,-7.23,3.65,0.126,0.002,hires_j
2458795.977579,-8.68,3.52,0.127,0.002,hires_j
2458796.974894,-6.49,3.42,0.128,0.002,hires_j
2458797.978907,-12.23,2.08,0.128,0.001,hires_j
2458798.892399,-4.85,2.09,0.128,0.001,hires_j
2458802.887555,-2.77,2.12,0.126,0.001,hires_j
2458809.060513,-0.66,2.31,0.127,0.001,hires_j
2458815.817261,-0.29,2.2,0.124,0.001,hires_j
2458819.905416,2.85,3.57,0.128,0.002,hires_j
2458832.949381,7.63,2.35,0.128,0.001,hires_j
2458833.915299,11.83,2.28,0.129,0.001,hires_j
2458844.878842,-0.87,1.97,0.128,0.001,hires_j
2458852.85414,-2.12,2.08,0.128,0.001,hires_j
2458855.890249,9.06,2.15,0.128,0.001,hires_j
2458869.714591,-2.08,2.07,0.127,0.001,hires_j
2458870.850293,-4.5,2.1,0.128,0.001,hires_j
2458878.863607,9.4,2.09,0.128,0.001,hires_j
2458879.817284,-1.94,2.02,0.129,0.001,hires_j
2458880.764899,-7.21,1.98,0.129,0.001,hires_j
2458903.803457,-1.48,2.0,0.128,0.001,hires_j
2458904.81034,7.29,1.96,0.127,0.001,hires_j
2458905.792671,-1.33,1.94,0.126,0.001,hires_j
2458906.768873,3.46,1.99,0.125,0.001,hires_j
2458907.764348,-1.67,2.1,0.12,0.001,hires_j
2459064.13211,-8.62,1.83,0.125,0.001,hires_j
2459067.137261,-7.32,1.88,0.124,0.001,hires_j
2459069.092261,-5.09,1.79,0.127,0.001,hires_j
2459071.12493,-4.68,1.79,0.126,0.001,hires_j
2459072.131923,-6.27,1.76,0.126,0.001,hires_j
2459078.117465,0.75,2.16,0.128,0.001,hires_j
2459079.126897,-1.25,2.05,0.127,0.001,hires_j
2459088.138585,-1.37,1.72,0.127,0.001,hires_j
2459089.145476,12.2,2.1,0.126,0.001,hires_j
2459090.147512,-0.69,2.23,0.127,0.001,hires_j
2459091.147131,-14.48,2.08,0.127,0.001,hires_j
2459093.078103,0.04,2.05,0.127,0.001,hires_j
2459098.019378,-6.56,2.24,0.129,0.001,hires_j
2459100.041856,-2.99,2.02,0.127,0.001,hires_j
2459115.11684,-6.22,2.37,0.128,0.001,hires_j
2459117.055693,-1.84,2.02,0.127,0.001,hires_j
2459118.149735,-5.89,1.97,0.126,0.001,hires_j
2459119.112417,7.59,1.46,0.125,0.001,hires_j
2459120.003445,-3.82,2.03,0.126,0.001,hires_j
2459121.095079,-10.51,1.84,0.127,0.001,hires_j
2459122.065344,0.45,1.94,0.126,0.001,hires_j
2459123.071244,-6.2,1.96,0.127,0.001,hires_j
2459124.013521,-1.22,1.93,0.128,0.001,hires_j
2459143.038036,-9.35,2.16,0.127,0.001,hires_j
2459151.884395,-13.19,2.17,0.125,0.001,hires_j
2459162.00758,-8.54,2.07,0.127,0.001,hires_j
2459187.962535,6.83,2.24,0.127,0.001,hires_j
2459189.846835,10.74,2.26,0.127,0.001,hires_j
2459207.953435,13.92,2.2,0.128,0.001,hires_j
2459208.889708,8.07,2.19,0.128,0.001,hires_j
2459214.983918,0.43,2.19,0.129,0.001,hires_j
2459232.788794,1.86,2.17,0.128,0.001,hires_j
2459234.750596,-2.23,2.06,0.127,0.001,hires_j
2459267.761363,8.73,2.22,0.127,0.001,hires_j
2459268.746729,-1.08,2.11,0.127,0.001,hires_j
2459271.726227,-1.83,2.02,0.127,0.001,hires_j
2459280.769263,3.01,2.22,0.127,0.001,hires_j
2459418.115774,-17.52,2.07,0.125,0.001,hires_j
2459423.135026,-6.19,2.14,0.126,0.001,hires_j
2459441.145914,-7.32,1.91,0.125,0.001,hires_j
2459442.140665,-8.65,1.75,0.125,0.001,hires_j
2459449.133753,-16.18,1.77,0.127,0.001,hires_j
2459450.122636,19.61,1.93,0.127,0.001,hires_j
2459451.065253,10.67,1.85,0.127,0.001,hires_j
2459452.118784,1.19,1.74,0.127,0.001,hires_j
2459479.035458,1.24,1.94,0.126,0.001,hires_j
2459502.947208,-4.51,2.16,0.127,0.001,hires_j
2459504.939694,-9.03,2.11,0.126,0.001,hires_j
2459506.904107,-11.67,2.23,0.128,0.001,hires_j
2459538.009025,2.96,2.13,0.127,0.001,hires_j
2459543.004343,3.32,2.26,0.127,0.001,hires_j
2459543.972817,-5.08,1.62,0.124,0.001,hires_j
2459545.89064,1.7,2.24,0.128,0.001,hires_j
2459547.0291,12.4,2.17,0.128,0.001,hires_j
2459573.835145,7.86,2.14,0.127,0.001,hires_j
2459576.855976,7.38,2.19,0.127,0.001,hires_j
2459587.804461,4.45,2.08,0.128,0.001,hires_j
2459598.854599,-16.76,2.24,0.128,0.001,hires_j
2459631.783758,-5.12,2.07,0.126,0.001,hires_j
2459632.76283,1.46,2.02,0.127,0.001,hires_j
2458697.983735,-3.85,6.21,apf
2458702.955462,-26.61,10.91,apf
2458705.940208,-15.12,4.57,apf
2458707.930522,14.37,5.08,apf
2458709.010497,12.43,2.66,apf
2458711.915276,7.91,4.97,apf
2458712.91661,5.39,4.08,apf
2458713.910386,9.94,4.77,apf
2458715.994185,1.13,3.26,apf
2458720.88983,13.71,9.35,apf
2458721.887623,29.01,5.83,apf
2458723.97978,14.82,5.24,apf
2458724.933263,15.24,6.22,apf
2458726.004257,9.57,5.36,apf
2458726.877871,-15.9,5.48,apf
2458727.872919,0.2,9.36,apf
2458731.967315,-2.85,5.16,apf
2458732.954916,-3.31,3.09,apf
2458733.862964,-1.36,3.91,apf
2458735.852837,2.09,7.94,apf
2458739.837532,-7.53,6.56,apf
2458740.859107,-11.0,5.55,apf
2458741.874263,1.38,4.49,apf
2458743.864126,1.19,5.2,apf
2458747.829001,7.91,4.84,apf
2458748.823715,-2.14,6.07,apf
2458749.816522,-2.72,5.11,apf
2458752.892884,-11.21,7.36,apf
2458753.892977,1.39,5.58,apf
2458754.896159,7.47,6.6,apf
2458758.794263,0.53,3.91,apf
2458759.79759,-3.66,4.1,apf
2458760.788718,2.53,5.49,apf
2458761.820016,-7.13,10.67,apf
2458762.783433,-5.08,9.86,apf
2458763.836574,13.81,6.57,apf
2458764.896011,7.74,6.82,apf
2458765.771349,3.55,4.43,apf
2458768.776281,1.64,6.89,apf
2458775.762578,-4.44,6.46,apf
2458779.007854,20.05,5.91,apf
2458779.832345,5.92,8.34,apf
2458781.828952,-14.64,4.83,apf
2458783.8281,-9.55,5.32,apf
2458786.720075,-28.14,12.86,apf
2458787.818011,-4.83,5.04,apf
2458788.720405,-0.55,3.98,apf
2458789.741853,-4.22,2.85,apf
2458790.734351,-2.92,5.33,apf
2458791.735402,9.88,4.27,apf
2458792.801614,-1.18,3.42,apf
2458793.718053,8.97,4.9,apf
2458794.693102,-1.48,5.52,apf
2458795.693568,3.2,5.05,apf
2458796.711755,4.08,3.72,apf
2458797.683555,-4.5,7.11,apf
2458798.68045,-0.69,7.07,apf
2458803.771054,-13.92,5.72,apf
2458804.678511,-5.47,3.98,apf
2458805.685963,-12.08,7.81,apf
2458806.660727,-7.81,2.85,apf
2458808.735424,-15.2,6.77,apf
2458809.76156,-1.49,4.51,apf
2458810.769268,-0.13,4.58,apf
2458811.704836,-1.41,3.49,apf
2458812.645398,-9.11,6.76,apf
2458813.641739,-6.91,7.53,apf
2458834.611575,-5.07,6.39,apf
2458835.658122,3.51,10.08,apf
2458837.66538,-1.72,9.25,apf
2458840.937579,0.35,5.76,apf
2458841.633208,13.39,5.26,apf
2458846.589775,38.08,9.14,apf
2458851.660067,23.39,4.18,apf
2458853.596923,17.89,11.05,apf
2458859.591233,6.17,7.44,apf
2458860.786538,-9.12,6.67,apf
2458871.614508,21.78,11.24,apf
2458872.645109,1.71,5.32,apf
2458873.703572,10.95,7.54,apf
2458876.611899,7.1,5.0,apf
2458878.604217,10.28,5.79,apf
2458879.625247,-15.1,9.55,apf
2458880.607458,1.28,5.88,apf
2458884.667908,-10.72,9.48,apf
2458885.71326,-12.66,3.66,apf
2458886.702552,-2.92,4.75,apf
2458887.677018,-18.66,4.7,apf
2458891.760845,-10.88,6.01,apf
2458894.776754,-10.74,6.95,apf
2458895.77801,-16.12,6.93,apf
2458896.731654,-1.74,3.37,apf
2458897.680195,-1.43,9.4,apf
2458899.727296,-10.13,6.16,apf
2458900.696657,-13.77,3.96,apf
2458903.750002,1.75,5.56,apf
2458904.727487,-1.58,5.33,apf
2458912.670824,-2.1,4.23,apf
2458913.646564,-3.88,7.24,apf
2458914.720639,-1.81,6.63,apf
2458920.715911,18.82,7.69,apf
2458921.670187,-3.85,6.32,apf
2459055.995241,-14.46,5.86,apf
2459056.972628,5.83,3.37,apf
2459059.008603,15.81,7.36,apf
2459060.961819,3.51,3.15,apf
2459062.956939,-2.2,3.53,apf
2459066.010109,-2.49,1.36,apf
2459069.014933,-0.24,8.7,apf
2459070.013683,-4.97,3.27,apf
2459070.983531,10.12,2.75,apf
2459071.992665,-7.98,6.96,apf
2459076.009284,13.45,5.04,apf
2459131.969327,4.12,3.92,apf
2459141.93229,-3.48,5.73,apf
2459142.938895,-4.91,3.09,apf
2459144.93035,9.29,5.62,apf
2459146.942461,-4.84,3.04,apf
2459147.91489,0.37,5.24,apf
2459157.877416,-4.31,4.26,apf
2459158.879354,2.82,4.15,apf
2459166.868878,12.38,6.33,apf
2459168.843267,-7.43,5.77,apf
2459169.870813,0.31,8.57,apf