,75581,50554,k,rk27.105,2451171.062141,-48.22,1.757243,48413.0,
,75582,50554,k,rk27.236,2451171.955116,-44.00,1.775312,61223.0,
,75583,50554,k,rk27.376,2451172.90272,-45.45,1.902203,47657.0,
,75584,50554,k,rk27.553,2451174.112812,-47.47,2.011829,38117.0,
,75585,50554,k,rk28.2,2451200.007384,-38.54,1.87863,40268.0,
,75586,50554,k,rk51.244,2452007.845278,26.58,1.57217,103106.0,
,75587,50554,k,rk58.155,2452219.14125,-44.28,1.506384,93132.0,
,75588,50554,k,rk58.271,2452220.110741,-40.04,1.972991,81025.0,
,75589,50554,k,rk59.90,2452235.969213,-35.80,1.530194,102295.0,
,75590,50554,k,rk59.492,2452238.913704,-35.78,1.676976,93184.0,
,75591,50554,k,rk59.584,2452243.017697,-34.67,1.758297,94495.0,
,75592,50554,k,rk60.84,2452307.860648,-46.62,1.665717,82901.0,
,75593,50554,k,rk61.116,2452334.005012,-47.82,1.749746,92669.0,
,75594,50554,k,rk61.239,2452334.822199,-39.93,2.160585,84372.0,
,75595,50554,k,rk68.688,2452576.038542,-49.92,1.566912,94703.0,
,75596,50554,k,rk69.112,2452601.013079,-53.55,1.61762,99228.0,
,75597,50554,k,rk69.309,2452602.050775,-38.86,1.520821,109097.0,
,75598,50554,k,rk70.205,2452652.961956,-31.76,1.789462,90597.0,
,75599,50554,k,rk79.196,2452925.087373,39.19,1.6252,104214.0,
,75600,50554,j,rj02.601,2453303.034896,-1.14,1.291536,0.165,99937.0,
,75601,50554,j,rj05.602,2453398.858102,-20.22,1.178354,0.162,91995.0,
,75602,50554,j,rj15.2360,2453753.858449,-39.47,1.353491,0.159,96422.0,
,75603,50554,j,rj52.535,2454545.852789,-11.53,1.285093,0.159,70883.0,
,75604,50554,j,rj52.914,2454546.777465,-14.21,1.218294,0.159,69316.0,
,75605,50554,j,rj67.976,2454934.781244,-40.08,1.51086,0.162,41582.0,
,75606,50554,j,rj81.649,2455189.978408,-23.25,1.537164,0.165,44408.0,
,75607,50554,j,rj89.880,2455314.724964,12.44,1.442033,0.161,44151.0,
,75608,50554,j,rj100.464,2455466.149773,113.87,1.331007,0.164,45155.0,
,75609,50554,j,rj116.921,2455636.834305,49.86,1.331193,0.16,44490.0,
,75610,50554,j,rj118.1267,2455673.723653,25.15,1.219303,0.161,46349.0,
,75611,50554,j,rj119.393,2455697.73178,11.71,1.509146,0.157,43466.0,
,75612,50554,j,rj131.756,2455810.146521,-26.88,1.460225,0.159,45424.0,
,75613,50554,j,rj144.212,2455967.882682,-44.19,1.472298,0.16,45577.0,
,75614,50554,j,rj146.820,2455996.850223,-57.69,1.421696,0.153,42955.0,
,75615,50554,j,rj159.553,2456195.133918,-50.69,1.375786,0.158,45777.0,
,75616,50554,j,rj182.461,2456586.075485,24.01,1.437651,0.158,46430.0,
,75617,50554,j,rj186.196,2456674.870279,102.36,1.532512,0.1612,45819.0,
,75618,50554,j,rj187.143,2456708.881072,118.85,1.471453,0.16,45633.0,
,75619,50554,j,rj194.357,2456908.150582,21.80,1.298407,0.1617,44798.0,
,75620,50554,j,rj194.733,2456910.136093,18.79,1.483776,0.1616,45086.0,
,75621,50554,j,rj196.133,2457057.985301,-28.31,1.430451,0.154,44601.0,
,75622,50554,j,rj214.121,2457297.135526,-41.60,1.489482,0.1638,24738.0,
,75623,50554,j,rj240.349,2457653.144562,-21.67,1.345969,0.1581,47000.0,
,75624,50554,j,rj246.930,2457716.137664,1.15,1.44113,0.1591,47408.0,
,75625,50554,j,rj302.122,2458364.146226,-34.52,1.430611,0.1628,45406.0,
,75626,50554,j,rj305.1037,2458390.114753,-42.32,1.688916,0.1675,24577.0,
,75627,50554,j,rj319.101,2458532.789256,-38.39,1.729183,0.1664,24582.0,
,75628,50554,j,rj360.95,2458855.870977,-21.92,1.542124,0.1638,47223.0,
,75629,50554,apf,rbbs.254,2458094.899895,15.06,3.287171,15424.0,
,75630,50554,apf,rbbx.237,2458109.840601,12.72,3.492181,8957.0,
,75631,50554,apf,rbcc.315,2458115.786978,10.23,3.511528,11590.0,
,75632,50554,apf,rbci.183,2458129.801024,-12.10,3.443074,11667.0,
,75633,50554,apf,rbck.246,2458131.768075,-12.14,2.991514,14500.0,
,75634,50554,apf,rbcq.149,2458155.693689,-18.21,3.493136,11751.0,
,75635,50554,apf,rbcu.207,2458162.720897,-10.20,3.823453,8657.0,
,75636,50554,apf,rbcz.197,2458171.696098,-25.53,3.811806,9067.0,
,75637,50554,lick,rb66.37,2450831.804688,-0.81,14.897262,3353.0,
,75638,50554,lick,rb67.10,2450854.776367,24.91,14.891206,3021.0,
,75639,50554,lick,rb78.34,2451131.00293,5.20,11.983725,6522.0,
,75640,50554,lick,rb80.28,2451152.958984,-59.59,17.197594,4183.0,
,75641,50554,lick,rb80.93,2451154.921875,-17.00,9.862948,10286.0,
,75642,50554,lick,rb81.65,2451174.9375,-85.94,14.424436,4822.0,
,75643,50554,lick,rb83.19,2451212.80957,-49.50,14.069821,4717.0,
,75644,50554,lick,rb85.13,2451242.709961,-26.31,12.935434,6347.0,
,75645,50554,lick,rb86.11,2451298.681111,-42.40,9.485403,7988.0,
,75646,50554,lick,rb86.50,2451299.663086,14.06,8.708858,9377.0,
,75647,50554,lick,rb86.89,2451300.674805,-30.21,11.863892,5612.0,
,75648,50554,lick,rd06.251,2451536.883789,-8.87,7.512604,27358.0,
,75649,50554,lick,rd06.333,2451539.885742,-29.71,9.755114,18324.0,
,75650,50554,lick,rd35.179,2451915.883789,118.41,6.645842,45181.0,
,75651,50554,lick,rd39.89,2451946.739258,91.85,6.480794,38228.0,
,75652,50554,lick,rd45.14,2452033.686523,29.47,7.839808,22745.0,
,75653,50554,lick,rd45.15,2452033.696289,42.48,9.609987,16237.0,
,75654,50554,lick,rd59.56,2452158.037109,-21.24,10.238138,11688.0,
,75655,50554,lick,rd59.113,2452159.03125,-36.59,9.798249,10041.0,
,75656,50554,lick,rd75.40,2452256.943359,-28.57,12.703746,6552.0,
,75657,50554,lick,rd77.25,2452267.879883,-34.76,6.050323,61455.0,
,75658,50554,lick,rd77.26,2452267.904297,-27.45,5.98533,66468.0,
,75659,50554,lick,rd80.22,2452292.880859,-8.05,17.850641,4331.0,
,75660,50554,lick,rd80.23,2452292.910156,-33.94,15.717542,3992.0,
,75661,50554,lick,rd80.24,2452292.94043,-1.13,17.678436,3883.0,
,75662,50554,lick,rd80.61,2452293.856445,-14.88,13.379407,7436.0,
,75663,50554,lick,rd80.62,2452293.884766,-38.40,10.675603,8689.0,
,75664,50554,lick,rd80.63,2452293.914062,-28.82,11.116031,8399.0,
,75665,50554,lick,rd80.98,2452294.850586,-43.98,15.494245,4671.0,
,75666,50554,lick,rd80.99,2452294.880859,-2.78,15.753996,4879.0,
,75667,50554,lick,rd80.100,2452294.910156,-47.33,15.970941,5252.0,
,75668,50554,lick,rd81.45,2452299.72168,-3.10,6.052389,28652.0,
,75669,50554,lick,rd85.5,2452333.727539,-33.47,6.990268,35147.0,
,75670,50554,lick,rd85.63,2452334.693359,-24.66,7.439847,21401.0,
,75671,50554,lick,rd86.15,2452335.692383,-24.50,7.169206,17683.0,
,75672,50554,lick,rf53.29,2453008.865234,124.70,7.243988,18331.0,
,75673,50554,lick,rg02.30,2453388.75397,2.89,6.769983,23192.0,
,75674,50554,lick,rg02.196,2453390.814826,3.57,5.879887,28499.0,
,75675,50554,lick,rg02.351,2453392.721725,12.38,6.578384,32702.0,
,75676,50554,lick,rg41.364,2453756.790671,-11.05,7.337231,18434.0,
,75677,50554,lick,rg65.188,2454050.040058,33.66,7.09107,22585.0,
,75678,50554,lick,rg68.143,2454072.893889,4.53,7.295702,17333.0,
,75679,50554,lick,rg68.258,2454073.900104,15.80,5.975898,26261.0,
,75680,50554,lick,rg70.214,2454099.917847,26.05,7.340776,16533.0,
,75681,50554,lick,rg70.569,2454103.855289,107.32,6.426479,22665.0,
,75682,50554,lick,rg72.50,2454133.816771,57.64,6.77394,23235.0,
,75683,50554,lick,rg72.141,2454134.742188,53.18,7.10765,11502.0,
,75684,50554,lick,rg72.241,2454135.744028,48.36,8.828276,11063.0,
,75685,50554,lick,ri02.665,2454429.007662,68.01,6.468455,26296.0,
,75686,50554,lick,ri13.59,2454547.752269,13.79,7.605028,15921.0,
,75687,50554,lick,ri36.174,2454784.924722,2.87,8.059479,15554.0,
,75688,50554,lick,ri37.485,2454847.84684,-17.70,8.056012,16972.0,
,75689,50554,lick,ri37.662,2454848.83963,-2.33,7.118825,25540.0,
,75690,50554,lick,ri37.663,2454848.847072,-4.08,7.193167,25831.0,
,75691,50554,lick,ri37.815,2454849.797199,-10.79,7.436824,22164.0,
,75692,50554,lick,ri37.816,2454849.803877,-13.26,7.541343,22110.0,
,75693,50554,lick,ri37.981,2454850.830822,-21.06,7.341815,24096.0,
,75694,50554,lick,ri37.982,2454850.838391,-15.95,7.744991,23438.0,
,75695,50554,lick,ri58.58,2455228.709479,37.14,10.908134,22085.0,