,70704,4208,k,rk7.177,2450366.965706,26.52,1.352493,158640.0,
,70705,4208,k,rk15.113,2450715.025729,4.46,1.327713,114648.0,
,70706,4208,k,rk16.219,2450786.721076,0.58,1.956383,32299.0,
,70707,4208,k,rk16.220,2450786.728229,18.78,4.413845,3672.0,
,70708,4208,k,rk22.82,2451010.105231,31.47,1.27574,118398.0,
,70709,4208,k,rk22.482,2451014.099063,31.40,1.540189,108803.0,
,70710,4208,k,rk23.27,2451043.049676,31.69,1.363125,153146.0,
,70711,4208,k,rk23.88,2451044.033773,28.83,1.561209,123400.0,
,70712,4208,k,rk25.71,2451068.938854,33.57,1.374668,112870.0,
,70713,4208,k,rk27.328,2451172.742801,24.98,1.246841,103512.0,
,70714,4208,k,rk32.98,2451368.079572,1.69,1.376441,82845.0,
,70715,4208,k,rk33.420,2451412.064502,3.65,1.422561,80467.0,
,70716,4208,k,rk35.78,2451438.93022,-0.87,1.483728,72193.0,
,70717,4208,k,rk37.26,2451543.738889,-1.91,1.391684,70296.0,
,70718,4208,k,rk38.24,2451550.726146,-1.10,1.42766,70202.0,
,70719,4208,k,rk38.160,2451551.713229,-1.75,1.42283,62803.0,
,70720,4208,k,rk38.288,2451552.711262,-4.77,1.298585,76306.0,
,70721,4208,k,rk39.17,2451580.705694,-2.24,1.513136,69604.0,
,70722,4208,k,rk39.148,2451581.706678,-6.66,1.578852,54075.0,
,70723,4208,k,rk39.274,2451582.724433,-8.45,1.568548,53875.0,
,70724,4208,k,rk39.390,2451583.706644,-3.09,1.455488,54072.0,
,70725,4208,k,rk39.584,2451585.707535,-2.25,1.566324,51083.0,
,70726,4208,k,rk43.61,2451755.033032,26.97,1.233168,88457.0,
,70727,4208,k,rk43.192,2451756.02566,24.02,1.286445,81939.0,
,70728,4208,k,rk43.236,2451757.073634,23.03,1.24105,91939.0,
,70729,4208,k,rk45.127,2451793.930035,23.77,1.443913,68372.0,
,70730,4208,k,rk46.31,2451882.728588,35.52,1.291107,76949.0,
,70731,4208,k,rk46.176,2451883.772743,37.78,1.484502,76631.0,
,70732,4208,k,rk47.325,2451899.777558,35.32,1.073704,99114.0,
,70733,4208,k,rk47.529,2451900.749294,27.69,1.349234,92986.0,
,70734,4208,k,rk54.106,2452095.111829,15.21,1.596445,98233.0,
,70735,4208,k,rk55.294,2452129.096076,13.54,1.496368,84304.0,
,70736,4208,k,rk55.412,2452133.046759,9.09,1.41773,76623.0,
,70737,4208,k,rk55.571,2452134.009155,9.45,1.589942,81907.0,
,70738,4208,k,rk56.173,2452161.928472,4.82,1.470673,81097.0,
,70739,4208,k,rk57.23,2452187.981331,3.56,1.561019,80610.0,
,70740,4208,k,rk65.418,2452489.037951,8.72,1.532774,90921.0,
,70741,4208,k,rk67.687,2452538.895417,19.72,1.738098,97047.0,
,70742,4208,k,rk69.249,2452601.800706,22.97,1.443671,111961.0,
,70743,4208,k,rk75.493,2452833.080787,29.21,1.60291,97009.0,
,70744,4208,k,rk88.117,2453196.075185,-5.54,1.73353,98580.0,
,70745,4208,j,rj11.639,2453604.081991,33.47,1.285473,0.194,98698.0,
,70746,4208,j,rj80.112,2455169.846263,13.54,1.358827,0.192,48800.0,
,70747,4208,j,rj80.113,2455169.848728,13.71,1.369477,0.19,45460.0,
,70748,4208,j,rj96.589,2455413.046704,3.14,1.094567,0.193,45976.0,
,70749,4208,j,rj100.757,2455467.051242,-5.32,1.268824,0.193,47137.0,
,70750,4208,j,rj131.133,2455807.099523,-11.95,1.393537,0.192,47955.0,
,70751,4208,j,rj155.104,2456138.14266,10.12,1.312667,0.192,44895.0,
,70752,4208,j,rj177.148,2456513.139104,-27.72,1.384195,0.192,46870.0,
,70753,4208,j,rj184.120,2456613.864905,-17.61,1.29766,0.193,45837.0,
,70754,4208,j,rj185.584,2456638.731509,-8.68,1.337761,0.1933,46839.0,
,70755,4208,j,rj191.303,2456874.137622,12.31,1.268618,0.191,46174.0,
,70756,4208,j,rj194.129,2456907.094209,4.56,1.356769,0.1936,46675.0,
,70757,4208,j,rj204.881,2457233.137504,-19.42,1.38638,0.1914,47615.0,
,70758,4208,j,rj233.1335,2457586.123704,-1.33,1.538848,0.1936,47820.0,
,70759,4208,j,rj278.1281,2458118.819815,-24.52,1.262837,0.1945,46634.0,
,70760,4208,j,rj297.323,2458338.093842,1.94,1.17508,0.1934,47033.0,
,70761,4208,j,rj306.98,2458395.967159,6.56,1.55805,0.1941,23576.0,
,70762,4208,j,rj345.128,2458747.040312,-5.02,1.466281,0.1948,46836.0,