2452808.68,-34.92,9.67
2453041.86,39.84,9.64
2453128.70,-45.78,5.06,0.1507
2453215.59,-24.23,9.97
2453872.71,-22.16,4.94,0.1380
2454190.80,40.61,5.22,0.1343
2454277.62,30.32,7.70,0.1336
2454299.52,28.35,6.24,0.1412
2454300.56,30.84,5.24
2454501.86,-3.36,5.41,0.1310
2454522.87,-24.05,5.65,0.1353
2454650.64,-17.76,8.85,0.1403
2454925.83,38.12,4.79
2454963.74,44.61,5.06,0.1621
2454993.67,21.47,4.61,0.1496
2455001.67,0.00,4.62,0.1511
2455018.62,-6.87,4.61
2455254.88451,-3.54,1.24,0.1494
2455339.75139,6.65,1.06,0.1502
2455428.50899,23.76,1.41,0.1516
2455671.72991,12.44,1.45,0.1523
2456087.61006,16.21,1.63,0.1553
2456137.54073,31.91,1.40,0.3851
2456343.84765,0.00,1.38,0.1563
2456355.85373,-3.28,1.39,0.1505
2456357.86100,-2.51,1.44,0.1561
2456428.73879,-10.79,1.72,0.1562
2456434.70128,-13.01,1.43,0.1549
2456508.53596,-18.00,1.43,0.1527
2456701.87954,7.10,1.37,0.1527
2456702.84446,10.45,1.51,0.1579
2456731.80915,20.76,1.64,0.1712
2456735.82306,16.46,1.57,0.1549
2456816.66188,52.13,1.80,0.1639
2456867.49782,58.84,1.43,0.1559
2456877.50060,57.33,1.39,0.1554
2457059.87029,-7.71,1.43,0.1545
2457117.77736,-12.15,1.53,0.1543
2457122.79501,-8.63,1.47,0.1532
2457199.61947,-8.18,1.57,0.3073
2457202.54461,-12.58,1.60,0.1544
2457260.51644,-1.19,1.37,0.1561
2457268.49079,-6.22,1.44,0.1544