2455268.8296124,66.7,9.0
2454365.5676419,-165.09,4.83
2453189.66944,0.00,3.38
2455269.8954986,58.7,9.0
2454580.8338639,86.26,2.48
2453190.64093,-9.92,3.36
2455270.8623072,41.7,9.0
2454581.8459239,77.96,1.73
2453191.65473,-5.91,3.56
2455349.7478270,4.7,9.0
2454724.4802846,-117.74,1.27
2453551.62308,-72.79,5.00
2455351.7263025,-9.3,9.0
2454725.4983255,-121.37,1.56
2454339.53949,134.00,4.93
2455352.7243194,3.7,9.0
2454726.4832450,-120.54,1.57
2455001.70315,156.04,4.48
2455465.5203302,38.7,9.0
2455271.8407105,124.30,1.42,
2455466.5103888,25.7,9.0
2455649.7654997,-73.82,2.01,
2455467.5077317,39.7,9.0
2455786.5492317,-102.21,2.08,
2455468.4926389,32.7,9.0
2455787.4838577,-93.49,1.66,
2455786.5547221,-195.3,9.0
2455787.6993011,-92.88,2.53,
2455787.5512296,-190.3,9.0
2455788.4587689,-86.93,1.92,
2455788.5404119,-170.3,9.0
2455788.6109888,-91.50,2.10,
2455968.8355111,100.7,9.0
2455788.7074614,-83.90,3.01,
2455970.8644298,74.7,9.0
2455992.8338522,-77.92,1.67,
2456034.8536087,-19.3,9.0
2455993.7871396,-80.38,2.00,
2456037.8611090,8.7,9.0
2455994.7989047,-90.35,2.11,
2456160.5035894,15.7,9.0
2456063.7089752,250.12,3.48,
2456161.5099351,22.7,9.0
2456064.7231089,258.36,1.87,
2456164.5890537,55.7,9.0
2456183.4686863,223.49,3.03,
2456307.8687079,112.7,9.0
2456184.4750146,219.57,3.41,
2456308.8690886,117.7,9.0
2456442.7882798,95.12,2.19,
2456381.7577061,-119.3,9.0
2456444.7375998,62.78,3.16,
2456463.6629499,-189.3,9.0,
2456464.6620073,-190.3,9.0,
2456554.5635006,144.7,9.0,
2456555.4998324,118.7,9.0,
2456676.8378428,-0.3,9.0,
2456733.8400326,-56.8,12.0,
2456734.7541033,-50.8,11.0,
2456735.7646576,-55.8,11.0,
2456736.8330743,-47.8,12.0,
2456752.8898318,50.2,14.0,
2456754.7704681,76.2,13.0,
2456823.7610291,-155.8,14.0,
2456824.7569383,-181.8,14.0,
2456825.8288093,-168.8,14.0,
2456881.6254682,130.2,14.0,
2456882.6396241,151.2,13.0,
2456883.5912828,149.2,13.0,
2457179.6595698,-126.8,16.0,
2457180.6006537,-127.8,15.0,
2457181.5978747,-142.8,13.0,
2457182.5980141,-120.8,13.0,
2457183.7046858,-119.8,14.0,
2457184.6231976,-111.8,13.0,