12007.90133,86.9,1.9,HIRES
12236.00802,-40.2,2.0,HIRES
12243.12308,-46.0,1.8,HIRES
12307.88593,30.1,2.2,HIRES
12573.14014,7.4,1.9,HIRES
12682.96251,-8.0,2.1,HIRES
12711.82095,-53.0,2.2,HIRES
12777.80074,-27.6,1.9,HIRES
13017.86356,-145.4,1.9,HIRES
13339.08245,-13.6,2.4,HIRES,1
13426.89112,-172.9,2.6,HIRES,1
13746.94049,139.5,3.0,HIRES,1
14428.06769,112.4,2.5,HIRES,1
14461.07193,-76.0,3.7,HIRES,1
14492.91425,101.7,3.0,HIRES,1
14545.88984,84.3,2.8,HIRES,1
14806.02468,47.3,2.7,HIRES,1
14808.13376,40.5,2.8,HIRES,1
14809.06696,35.6,2.9,HIRES,1
14810.15413,38.7,3.0,HIRES,1
14810.97484,28.4,2.7,HIRES,1
14839.0382,37.9,3.1,HIRES,1
14847.02786,49.1,3.2,HIRES,1
14865.07155,27.6,2.6,HIRES,1
14867.84022,-8.3,3.0,HIRES,1
14929.79391,-42.0,3.2,HIRES,1
14954.85788,35.0,2.9,HIRES,1
14984.75519,-1.1,2.9,HIRES,1
15135.12337,-81.6,3.0,HIRES,1
15164.08505,12.1,2.5,HIRES,1
15164.08657,15.1,2.5,HIRES,1
15164.08819,13.2,2.5,HIRES,1
15197.96526,-23.2,3.1,HIRES,1
15231.99155,-135.2,2.8,HIRES,1
15285.84072,-225.0,2.8,HIRES,1
15342.74969,-91.1,3.1,HIRES,1
15491.06996,-204.9,2.7,HIRES,1
15522.00224,-20.6,2.8,HIRES,1
15606.00563,-64.8,3.2,HIRES,1
15634.87656,-57.9,2.8,HIRES,1
15672.84013,-33.3,3.0,HIRES,1
15700.74425,-195.1,2.8,HIRES,1
15852.12875,-112.5,2.6,HIRES,1
15879.06985,62.4,2.5,HIRES,1
15903.01284,-56.2,2.8,HIRES,1
15973.03138,108.8,3.0,HIRES,1
15992.81663,126.6,3.2,HIRES,1
16075.74648,142.8,2.9,HIRES,1
16318.85505,-36.6,3.1,HIRES,1
16586.1285,130.8,2.7,HIRES,1
16614.08395,159.3,2.8,HIRES,1
16639.17391,107.9,3.0,HIRES,1
13342.23249,-119.8,7.9,HRS
13347.00129,-102.6,7.5,HRS
13355.83378,-93.1,7.9,HRS
13357.84523,-90.2,8.0,HRS
13359.85043,-79.0,11.0,HRS
13360.97444,-97.9,9.0,HRS
13364.97638,-99.0,10.0,HRS
13365.82597,-121.7,7.8,HRS
13367.82107,-127.5,8.8,HRS
13383.92077,-128.5,8.5,HRS
13390.75248,-107.2,8.0,HRS
13448.73888,-19.3,6.7,HRS
13451.73096,-31.0,7.2,HRS
13476.64913,-151.4,7.7,HRS
13480.63719,-167.0,23.0,HRS
13481.63192,-127.9,7.4,HRS
13482.63133,-96.2,7.5,HRS
13664.99582,75.5,7.0,HRS
13675.97107,61.4,7.8,HRS
13676.98443,53.1,8.9,HRS
13682.95189,-46.4,8.3,HRS
13687.93153,-54.2,7.3,HRS
13689.92922,-1.3,7.5,HRS
13691.91679,27.3,7.9,HRS
13697.91227,50.3,7.7,HRS
13703.88616,71.2,9.3,HRS
13708.8818,81.0,8.6,HRS
13710.87934,81.4,7.7,HRS
13718.01348,63.0,10.0,HRS
13724.82993,70.8,8.2,HRS
13728.82485,47.9,7.9,HRS
13731.96775,16.0,9.3,HRS
13733.80186,-33.8,9.2,HRS
13734.80949,-58.8,8.6,HRS
13736.94379,-138.8,9.2,HRS
13741.78326,3.4,8.5,HRS
13742.78352,10.0,8.1,HRS
13743.79031,33.9,8.3,HRS
13748.77268,67.4,8.7,HRS
13751.76772,84.5,8.8,HRS
13753.76343,99.6,8.3,HRS
13754.74931,90.1,7.9,HRS
13756.74864,92.3,8.3,HRS
13764.73571,90.9,9.3,HRS
13832.67552,50.9,7.2,HRS
13833.69639,52.0,8.1,HRS
13834.67429,33.9,7.5,HRS
13835.66675,12.8,7.4,HRS
13838.66377,-82.9,7.3,HRS
13841.64454,-94.0,11.0,HRS
13845.63199,17.1,7.7,HRS
13846.65288,34.0,7.7,HRS
14029.98957,56.8,7.6,HRS
14035.99026,47.8,8.2,HRS
14038.97806,37.1,7.5,HRS
14039.97014,30.0,7.6,HRS
14040.95851,18.0,7.7,HRS
14043.96476,-43.3,6.8,HRS
14044.95388,-92.8,6.7,HRS
14050.95326,-35.4,7.7,HRS
14051.94621,-16.1,8.4,HRS
14052.9393,1.4,7.0,HRS
14073.88022,56.5,6.8,HRS
14079.86417,63.8,7.2,HRS
14087.84388,53.6,6.8,HRS
14090.83839,28.0,7.0,HRS
14106.78411,9.3,8.6,HRS
14109.78878,20.6,7.1,HRS
14110.79989,26.4,8.3,HRS
14129.87053,51.6,8.8,HRS
14130.74036,48.8,8.6,HRS
14133.84698,36.1,8.9,HRS
14134.72603,46.7,8.9,HRS
14135.86669,43.7,8.5,HRS
14136.84113,43.9,9.7,HRS
14148.67767,-128.0,11.0,HRS
14156.66058,-1.7,9.3,HRS
14159.77984,24.0,8.8,HRS
14166.76336,45.8,7.9,HRS
14167.75867,40.7,8.1,HRS
14211.6303,7.8,7.9,HRS
14231.60002,58.8,6.4,HRS
11921.7471,0.0,6.0,CORALIE
11922.8047,4.0,6.0,CORALIE
11924.8036,-35.0,7.0,CORALIE
11924.8152,-31.0,7.0,CORALIE
11925.7411,-37.0,7.0,CORALIE
11926.7928,-78.0,10.0,CORALIE
11962.6657,35.0,7.0,CORALIE
11963.6966,29.0,6.0,CORALIE
11964.6825,48.0,7.0,CORALIE
11968.6845,10.0,7.0,CORALIE
11969.6659,15.0,7.0,CORALIE
11973.6558,2.0,7.0,CORALIE
11976.6672,-34.0,7.0,CORALIE
11980.6491,-182.0,6.0,CORALIE
11980.6608,-186.0,7.0,CORALIE
11982.6857,-134.0,8.0,CORALIE
11982.6974,-150.0,8.0,CORALIE
11984.7522,-62.0,14.0,CORALIE
11984.7639,-44.0,16.0,CORALIE
11988.6085,-4.0,7.0,CORALIE
11992.6336,37.0,14.0,CORALIE
11994.6458,21.0,9.0,CORALIE
11996.7059,27.0,9.0,CORALIE
11998.663,18.0,14.0,CORALIE
12000.6246,30.0,11.0,CORALIE
12049.4664,44.0,12.0,CORALIE
12049.4825,59.0,12.0,CORALIE
12055.4776,23.0,12.0,CORALIE
12055.4945,57.0,17.0,CORALIE
12289.797,-166.0,6.0,CORALIE
12289.8086,-167.0,6.0,CORALIE
12291.741,-199.0,7.0,CORALIE
12291.7527,-200.0,6.0,CORALIE
12293.7348,-131.0,5.0,CORALIE
12293.7465,-115.0,5.0,CORALIE
12309.6832,7.0,5.0,CORALIE
12310.6717,8.0,5.0,CORALIE
12312.7141,15.0,5.0,CORALIE
12317.6648,18.0,7.0,CORALIE
12328.7167,-8.0,6.0,CORALIE
12344.6897,-152.0,6.0,CORALIE
12370.5675,2.0,7.0,CORALIE
12899.8963,-96.0,9.0,CORALIE
12909.8593,-282.0,23.0,CORALIE
10823.557,-67.0,9.0,ELODIE
10885.4082,-43.0,11.0,ELODIE
10885.4213,-38.0,11.0,ELODIE
10887.4567,-62.0,9.0,ELODIE
10888.4285,-64.0,15.0,ELODIE
10888.441,-60.0,14.0,ELODIE
11174.5899,123.0,10.0,ELODIE
11236.4482,132.0,12.0,ELODIE
11266.34,109.0,14.0,ELODIE
11506.6895,117.0,10.0,ELODIE
11508.6021,99.0,9.0,ELODIE
11542.5956,149.0,10.0,ELODIE
11585.4755,146.0,18.0,ELODIE
11588.4007,137.0,14.0,ELODIE
11590.4254,133.0,10.0,ELODIE
11622.3732,-3.0,11.0,ELODIE
11857.6424,105.0,17.0,ELODIE
11882.6727,-2.0,14.0,ELODIE
11882.6824,1.0,14.0,ELODIE
11901.5975,88.0,16.0,ELODIE
11909.6139,109.0,19.0,ELODIE
11951.5054,80.0,13.0,ELODIE
11951.5194,86.0,13.0,ELODIE
11952.4769,86.0,9.0,ELODIE
11954.4927,77.0,14.0,ELODIE
11978.3992,-27.0,12.0,ELODIE
11980.4418,-107.0,15.0,ELODIE
12007.3355,49.0,15.0,ELODIE
12253.6976,15.0,13.0,ELODIE
12279.5266,31.0,12.0,ELODIE
12280.5209,10.0,9.0,ELODIE
12281.5184,19.0,13.0,ELODIE
12308.585,45.0,15.0,ELODIE
12310.5427,47.0,10.0,ELODIE
12358.3959,12.0,14.0,ELODIE
12360.3783,0.0,12.0,ELODIE
12388.3668,-41.0,11.0,ELODIE
12597.7047,-113.0,12.0,ELODIE
12612.7064,-29.0,12.0,ELODIE
12638.5555,-14.0,13.0,ELODIE
12649.6065,-139.0,11.0,ELODIE
12649.6196,-133.0,12.0,ELODIE
12677.5246,-13.0,16.0,ELODIE
12677.5379,-9.0,17.0,ELODIE
12681.5448,-22.0,11.0,ELODIE
12719.3898,-46.0,10.0,ELODIE
12747.3436,-83.0,12.0,ELODIE
12748.3181,-88.0,12.0,ELODIE
12751.3477,-140.0,12.0,ELODIE
12753.3585,-187.0,16.0,ELODIE
12777.3734,-50.0,17.0,ELODIE