53294.093750,-8.021524,8.624783,34.729576,26.045622
53491.359375,25.149366,7.669800,39.539227,20.695724
53626.156250,8.019352,6.008092,23.461235,18.137718
53627.164062,26.111797,5.880744,28.168722,15.652394
53629.160156,23.271399,5.277645,19.641726,16.125307
53633.144531,32.036102,6.207869,39.100067,18.676226
53635.148438,42.667877,5.508137,36.003139,16.285473
53641.121094,21.659040,6.137913,36.171753,16.704100
53646.113281,40.267200,6.730539,41.693676,22.600832
53654.101562,67.990417,6.664014,61.835224,22.855782
53655.078125,23.861776,5.575783,54.704842,17.530855
53664.070312,7.085711,4.408966,12.790347,15.662317
53835.414062,4.409196,5.413342,40.229473,13.990065
53842.406250,34.026966,4.296093,35.821472,13.055285
53866.347656,-9.221812,5.797765,33.950981,13.556754
53867.339844,-16.193584,6.917796,58.339615,24.948891
53867.351562,-19.144020,6.208643,79.035789,17.204063
53867.359375,-11.778957,7.195893,100.714386,21.362301
53887.285156,-17.211966,6.090223,58.860191,12.371932
53912.382812,-19.130489,4.364894,65.072464,10.291607
53928.335938,7.213654,4.998942,19.450401,12.599582
53935.316406,6.449865,5.152288,17.577986,12.534077
53942.332031,35.332989,5.518726,61.614651,12.701971
53956.257812,7.441848,4.647941,2.917707,14.209912
53966.238281,5.252167,5.323636,-0.038293,14.643678
53989.199219,25.289738,3.866481,19.764839,12.369978
54003.140625,40.759907,4.395378,1.074810,13.885777
54014.101562,30.663748,3.984896,29.120291,12.897384
54196.437500,-16.750223,5.162251,29.438099,13.685382
54212.394531,-27.149063,6.290008,4.431116,21.081161
54212.402344,-28.751680,5.212497,11.052886,14.057649
54224.359375,-6.275342,4.732012,12.367844,14.995248
54247.296875,40.739681,5.894857,16.263922,20.875404
54248.292969,11.925872,5.755684,29.954214,17.916971
54264.410156,22.445560,6.474261,27.728983,16.000492
54289.347656,8.648170,7.307908,12.970292,18.157694
54339.222656,-0.405694,5.912935,-12.360139,10.115585
54382.089844,-23.149876,4.394492,55.235596,9.931530
54401.062500,-2.668797,4.411899,73.441093,13.386625
54530.496094,8.043145,8.521778,24.944199,9.651857
54698.234375,0.200745,6.912602,20.648937,19.622866
54726.152344,-6.510318,7.474498,38.360069,22.340338
54756.093750,-19.377306,6.720072,52.798698,17.157373
55024.343750,-44.060894,4.818044,49.397366,9.426735
55066.230469,-45.478920,6.456917,15.756294,9.271358
55097.128906,-53.323608,8.082832,35.175720,9.135381
55440.183594,-27.480631,5.814268,-9.740666,18.286360
55466.117188,3.196287,6.499188,-8.902953,19.469870
55491.062500,-6.573259,6.024856,-22.070698,14.955683
55508.062500,-17.437822,5.368783,39.652073,15.413198
55627.511719,-24.857611,5.239855,67.410255,17.722775
55634.476562,-23.917871,5.439002,31.589926,13.932757
55639.480469,-27.458384,6.054343,51.204128,16.529825
55651.460938,-35.532627,6.917774,45.064335,19.754877
55702.292969,-26.736208,6.016531,26.895206,14.054853
55719.437500,-32.174728,5.976412,31.045349,16.193165
55731.402344,-31.148487,5.640814,43.179649,15.600474
55772.265625,-48.488811,5.302649,22.308813,15.999371
55792.207031,-41.542801,5.310508,41.308201,18.788225
55799.214844,-0.879769,8.729945,31.027725,29.144453
55805.207031,-28.511934,4.616915,53.396179,14.005282
55817.179688,0.214715,5.391615,34.952347,12.594423
55831.121094,-9.786393,6.151195,47.418301,13.176246
55853.066406,0.763034,4.743669,45.617332,14.793237
55867.046875,5.941292,4.689450,49.916870,12.617350
56015.472656,-18.489765,5.809011,12.322269,15.585964
56115.375000,0.386798,4.900110,19.379799,12.556771
56146.273438,21.107700,4.372875,20.410984,11.758743
56172.195312,11.067781,4.820478,31.581118,12.818068
56203.093750,35.506950,4.782279,21.982567,11.342087
56229.062500,-9.338872,4.872974,18.339289,12.085061
56470.042969,-6623.967285,2.429916,87.731575,,
56646.792969,-6648.888672,1.566543,89.428474,,
56740.230469,-6641.682129,0.808511,92.563126,,
56770.199219,-6627.375488,0.718942,96.885773,,
56795.136719,-6650.826172,1.222441,105.556465,,
56837.113281,-6654.944336,1.213221,85.234589,,
56895.031250,-6680.390137,1.000929,109.025917,,
56926.933594,-6639.052246,1.275649,102.038437,,
56991.796875,-6675.529297,1.750115,100.308304,,
57135.195312,-6722.658203,1.119967,98.626411,,
57168.113281,-6686.269043,0.594825,103.259064,,
57195.960938,-6706.145508,0.979075,111.272713,,
57196.101562,-6707.968750,1.135426,109.003822,,
57238.007812,-6677.212402,0.833881,100.389061,,
57238.050781,-6674.032227,0.849855,100.791367,,