2456166.694961,-40.2310,0.0007,-0.024,6.409,6.405,-4.976,1.24
2456174.590436,-40.2275,0.0006,-0.024,6.400,6.395,-4.985,1.03
2456175.648876,-40.2314,0.0008,-0.024,6.404,6.399,-4.974,1.15
2456180.609609,-40.2322,0.0007,-0.029,6.411,6.405,-4.967,1.08
2456181.622981,-40.2602,0.0041,-0.021,6.407,-4.988,1.02
2456198.602376,-40.2287,0.0014,-0.022,6.386,6.377,-4.774,1.22
2456201.600188,-40.2235,0.0010,-0.019,6.385,6.375,-4.848,1.24
2456295.310855,-40.2369,0.0007,-0.023,6.440,6.413,-4.974,1.13
2456298.304272,-40.2333,0.0009,-0.019,6.432,6.405,-4.986,1.14
2456299.306391,-40.2356,0.0007,-0.020,6.443,6.415,-4.968,1.16
2456305.355553,-40.2273,0.0007,-0.023,6.434,6.405,-4.984,1.58
2456322.303008,-40.2312,0.0010,-0.017,6.336,6.304,-4.926,1.53
2456324.308237,-40.2338,0.0023,-0.016,6.353,6.320,-4.862,1.65
2456324.3219746,-40.2376,0.0012,-0.023,6.442,6.410,-4.959,1.90
2456483.729524,-40.2306,0.0008,-0.020,6.458,6.391,-4.970,1.02
2456484.650796,-40.2385,0.0009,-0.020,6.469,6.402,-4.966,1.11
2456485.727683,-40.2362,0.0007,-0.020,6.467,6.401,-4.964,1.02
2456486.702419,-40.2325,0.0007,-0.021,6.466,6.399,-4.953,1.02
2456487.721348,-40.2358,0.0010,-0.020,6.475,6.408,-4.931,1.02
2456506.574807,-40.2325,0.0010,-0.027,6.473,6.401,-4.952,1.16
2456530.649056,-40.2395,0.0007,-0.025,6.481,6.404,-4.963,1.07
2456531.651444,-40.2343,0.0007,-0.025,6.480,6.403,-4.962,1.09
2456532.735569,-40.2390,0.0007,-0.027,6.483,6.405,-4.953,1.53
2456543.454059,-40.2369,0.0008,-0.024,6.481,6.401,-4.961,1.25
2456544.661037,-40.2350,0.0007,-0.023,6.474,6.394,-4.968,1.24
2456563.661916,-40.2365,0.0008,-0.023,6.476,6.391,-4.966,1.64
2456565.619851,-40.2381,0.0006,-0.022,6.484,6.399,-4.971,1.33
2456566.606976,-40.2385,0.0007,-0.027,6.485,6.399,-4.960,1.27
2456579.602415,-40.2355,0.0007,-0.017,6.480,6.391,-4.976,1.49
2456585.575694,-40.2373,0.0008,-0.025,6.483,6.392,-4.976,1.40
2456602.563242,-40.1661,0.0004,0.026,6.352,-5.000,1.76
2456975.415640,-40.2321,0.0007,-0.023,6.401,-4.976,1.05
2456998.337040,-40.2360,0.0008,-0.024,6.404,-4.984,1.03
2456999.318083,-40.2360,0.0009,-0.021,6.400,-4.978,1.02
2457002.320534,-40.2376,0.0018,-0.026,6.413,-4.960,1.03
2457003.323066,-40.2442,0.0010,-0.020,6.404,-4.990,1.03
2457004.303645,-40.2346,0.0009,-0.024,6.404,-5.002,1.02
2457023.326190,-40.2368,0.0014,-0.028,6.405,-5.023,1.16
2457259.522203,-40.2341,0.0007,-0.021,6.398,-4.961,1.14
2457269.670182,-40.2347,0.0008,-0.022,6.402,-4.946,1.21
2457270.647244,-40.2329,0.0006,-0.024,6.403,-4.957,1.13
2457271.679872,-40.2338,0.0007,-0.023,6.404,-4.960,1.29
2457272.688865,-40.2343,0.0007,-0.024,6.401,-4.954,1.36
2457273.623433,-40.2325,0.0008,-0.018,6.402,-4.958,1.09
2457290.535927,-40.2321,0.0009,-0.021,6.398,-4.966,1.03
2457291.504218,-40.2307,0.0007,-0.022,6.399,-4.970,1.02
2457611.684273,-40.2303,0.0009,-0.024,6.398,-4.967,1.07
2457623.530276,-40.2265,0.0008,-0.017,6.391,-4.986,1.12
2457624.498685,-40.2323,0.0008,-0.021,6.396,-4.978,1.23
2457644.645211,-40.2359,0.0008,-0.021,6.401,-4.962,1.22
2457651.646254,-40.2287,0.0007,-0.021,6.396,-4.968,1.33
2457652.647862,-40.2330,0.0009,-0.023,6.397,-4.986,1.35
2457653.641366,-40.2329,0.0008,-0.021,6.394,-4.972,1.33
2457654.644151,-40.2352,0.0011,-0.025,6.406,-4.990,1.37
2457665.542415,-40.2289,0.0007,-0.024,6.395,-4.971,1.07
2457679.563255,-40.2288,0.0008,-0.027,6.401,-4.961,1.29
2457680.497913,-40.2276,0.0007,-0.021,6.391,-4.984,1.07
2457681.537819,-40.2286,0.0007,-0.019,6.394,-4.990,1.19
2457683.571934,-40.2279,0.0008,-0.017,6.394,-4.684,1.42
2457701.573526,-40.2304,0.0018,-0.029,6.409,-4.970,2.11
2457702.474375,-40.2338,0.0014,-0.026,6.405,-5.008,1.17
2457727.401991,-40.2281,0.0007,-0.021,6.395,-5.000,1.17
2457749.342299,-40.2310,0.0009,-0.024,6.399,-4.987,1.17
2457750.357793,-40.2353,0.0013,-0.024,6.394,-5.002,1.26
2457936.674180,-40.2330,0.0010,-0.023,6.396,-4.970,1.11
2457937.674293,-40.2289,0.0009,-0.021,6.396,-4.981,1.10
2457942.698513,-40.2276,0.0009,-0.021,6.394,-4.975,1.04
2457943.725246,-40.2297,0.0008,-0.017,6.391,-4.975,1.02
2457944.596109,-40.2328,0.0009,-0.022,6.398,-4.971,1.37
2457952.703357,-40.2354,0.0011,-0.020,6.399,-4.984,1.02
2457953.688599,-40.2335,0.0009,-0.020,6.402,-4.963,1.02
2457954.694734,-40.2341,0.0008,-0.022,6.401,-4.971,1.02
2457956.654577,-40.2338,0.0009,-0.023,6.395,-4.980,1.04
2457971.637507,-40.2334,0.0008,-0.021,6.395,-4.975,1.02
2457972.552032,-40.2337,0.0011,-0.015,6.393,-4.968,1.20
2457973.6607130,-40.2327,0.0007,-0.027,6.391,-4.980,1.03
2457974.592877,-40.2330,0.0010,-0.018,6.400,-4.969,1.07
2457984.623067,-40.2282,0.0009,-0.023,6.396,-4.985,1.02
2457989.541598,-40.2311,0.0008,-0.018,6.401,-4.976,1.09
2457991.590650,-40.2283,0.0014,-0.019,6.400,-4.967,1.02
2457993.596882,-40.2289,0.0008,-0.021,6.397,-4.963,1.02
2457996.547027,-40.2350,0.0019,-0.024,6.390,-5.048,1.04
2457997.502323,-40.2284,0.0012,-0.021,6.395,-4.972,1.14
2458024.567725,-40.2351,0.0007,-0.026,6.399,-4.962,1.09
2458026.634837,-40.2332,0.0014,-0.021,6.399,-4.976,1.44
2458027.533479,-40.2336,0.0019,-0.022,6.401,-4.972,1.05
2458031.545700,-40.2303,0.0009,-0.024,6.401,-4.979,1.09
2458044.476041,-40.2338,0.0008,-0.016,6.396,-4.965,1.03