,29307,164922,k,rk5.43,2450275.965787,14.62,1.142248,244011.0,
,29308,164922,k,rk12.94,2450603.005764,8.85,1.027777,173597.0,
,29309,164922,k,rk13.87,2450666.83897,8.15,0.909897,112609.0,
,29310,164922,k,rk20.200,2450956.117292,-0.44,1.058852,143567.0,
,29311,164922,k,rk21.103,2450982.994468,-3.85,1.092793,128696.0,
,29312,164922,k,rk22.40,2451009.912315,-3.26,1.332822,71476.0,
,29313,164922,k,rk30.248,2451313.00265,-0.64,1.112029,105206.0,
,29314,164922,k,rk32.151,2451368.819271,4.15,1.183011,63181.0,
,29315,164922,k,rk35.127,2451439.754248,5.34,1.276438,92857.0,
,29316,164922,k,rk40.46,2451679.05309,7.68,1.135193,84522.0,
,29317,164922,k,rk41.133,2451703.92934,14.80,1.194652,80920.0,
,29318,164922,k,rk43.38,2451754.873252,9.25,1.120306,105793.0,
,29319,164922,k,rk45.228,2451795.783368,11.92,1.298325,71081.0,
,29320,164922,k,rk49.274,2451984.166586,6.86,1.182158,100975.0,
,29321,164922,k,rk54.54,2452094.865382,-5.20,1.490149,72308.0,
,29322,164922,k,rk54.335,2452096.90044,-0.82,1.297432,81322.0,
,29323,164922,k,rk55.56,2452127.894039,-5.47,1.322388,77734.0,
,29324,164922,k,rk55.517,2452133.742153,-5.21,1.26575,73305.0,
,29325,164922,k,rk56.53,2452160.8764,-2.34,1.276063,79492.0,
,29326,164922,k,rk63.63,2452390.049086,0.99,1.41325,80449.0,
,29327,164922,k,rk63.162,2452391.08706,1.28,1.258276,80306.0,
,29328,164922,k,rk64.81,2452446.000174,1.07,1.366346,101628.0,
,29329,164922,k,rk64.179,2452446.939039,7.30,1.267194,102362.0,
,29330,164922,k,rk65.32,2452486.792477,6.02,1.235717,82998.0,
,29331,164922,k,rk65.251,2452487.869329,6.53,1.289269,82945.0,
,29332,164922,k,rk66.32,2452514.768148,-1.06,1.170584,83323.0,
,29333,164922,k,rk66.261,2452515.888947,3.74,1.180641,83537.0,
,29334,164922,k,rk67.29,2452535.736458,5.61,1.336213,94301.0,
,29335,164922,k,rk67.255,2452536.827963,8.31,1.232868,83166.0,
,29336,164922,k,rk67.444,2452537.827766,8.01,1.22723,82209.0,
,29337,164922,k,rk67.759,2452539.83228,6.45,1.231345,84774.0,
,29338,164922,k,rk68.26,2452572.729456,5.61,1.296013,92654.0,
,29339,164922,k,rk68.238,2452573.803345,4.35,1.195234,95564.0,
,29340,164922,k,rk69.22,2452600.692986,4.94,1.205978,98219.0,
,29341,164922,k,rk69.225,2452601.697569,8.52,1.143038,95840.0,
,29342,164922,k,rk69.418,2452602.686505,9.40,1.171019,95639.0,
,29343,164922,k,rk72.303,2452713.125035,8.49,1.200695,86199.0,
,29344,164922,k,rk73.56,2452776.109676,17.69,1.298357,93638.0,
,29345,164922,k,rk73.114,2452777.088762,15.55,1.29636,94473.0,
,29346,164922,k,rk73.188,2452777.957998,14.54,1.417084,94615.0,
,29347,164922,k,rk74.61,2452803.987697,8.99,1.35915,95181.0,
,29348,164922,k,rk74.90,2452804.111632,5.17,1.157138,93388.0,
,29349,164922,k,rk74.299,2452805.099144,8.95,1.27918,92276.0,
,29350,164922,k,rk74.480,2452806.033021,6.97,1.255647,93339.0,
,29351,164922,k,rk74.680,2452806.949525,8.22,1.460815,93443.0,
,29352,164922,k,rk75.632,2452833.798275,11.35,1.336334,91324.0,
,29353,164922,k,rk76.26,2452848.77419,9.46,1.208024,87112.0,
,29354,164922,k,rk77.204,2452855.963565,18.99,1.301906,94565.0,
,29355,164922,k,rk78.50,2452897.77375,5.78,1.303126,97521.0,
,29356,164922,k,rk86.237,2453180.848148,-2.67,1.057132,93795.0,
,29357,164922,k,rk86.459,2453181.915694,-7.61,1.234519,95964.0,
,29358,164922,k,rk88.52,2453195.821412,-1.41,1.084889,93131.0,
,29359,164922,j,rj01.361,2453238.787998,-0.34,0.972244,0.156,115609.0,
,29360,164922,j,rj02.136,2453301.751238,-0.97,0.966481,0.153,103337.0,
,29361,164922,j,rj06.1867,2453430.172095,-10.40,0.99075,0.155,97625.0,
,29362,164922,j,rj06.1868,2453430.174294,-11.66,0.955076,0.156,95823.0,
,29363,164922,j,rj06.1869,2453430.176678,-18.08,0.978198,0.155,97037.0,
,29364,164922,j,rj08.158,2453546.831956,-6.95,0.908273,0.158,96618.0,
,29365,164922,j,rj08.159,2453546.83338,-5.24,0.899979,0.158,97430.0,
,29366,164922,j,rj08.160,2453546.834838,-6.15,0.908419,0.158,96885.0,
,29367,164922,j,rj08.608,2453547.999317,-5.92,0.888595,0.158,94126.0,
,29368,164922,j,rj08.609,2453548.001354,-1.97,0.934552,0.158,93272.0,
,29369,164922,j,rj08.610,2453548.003194,-3.56,0.82819,0.157,93802.0,
,29370,164922,j,rj08.805,2453548.949919,-3.91,0.864792,0.158,95814.0,
,29371,164922,j,rj08.806,2453548.951412,-3.02,0.890194,0.158,95642.0,
,29372,164922,j,rj08.807,2453548.952894,-3.71,0.843204,0.158,95512.0,
,29373,164922,j,rj08.1142,2453549.890648,-3.45,0.95158,0.157,97046.0,
,29374,164922,j,rj08.1143,2453549.892222,-4.59,0.938541,0.158,96886.0,
,29375,164922,j,rj08.1144,2453549.893808,-3.86,0.879708,0.158,94991.0,
,29376,164922,j,rj08.1537,2453550.868912,-6.54,0.91278,0.157,95919.0,
,29377,164922,j,rj08.1538,2453550.870324,-5.69,0.883973,0.158,96206.0,
,29378,164922,j,rj08.1539,2453550.871725,-4.12,0.90622,0.158,97570.0,
,29379,164922,j,rj08.1933,2453551.859005,-8.66,0.873747,0.157,98098.0,
,29380,164922,j,rj08.1934,2453551.860486,-6.68,0.90895,0.157,98449.0,
,29381,164922,j,rj08.1935,2453551.861956,-7.20,0.949345,0.157,97377.0,
,29382,164922,j,rj09.155,2453570.870718,-6.77,0.841642,0.154,100771.0,
,29383,164922,j,rj09.156,2453570.872187,-7.19,0.856349,0.154,99898.0,
,29384,164922,j,rj09.157,2453570.873715,-5.26,0.827975,0.154,98979.0,
,29385,164922,j,rj11.125,2453602.75213,-2.74,0.901371,0.153,102000.0,
,29386,164922,j,rj11.126,2453602.753657,-3.62,0.917064,0.153,101697.0,
,29387,164922,j,rj11.127,2453602.755185,-2.70,0.93454,0.154,100127.0,
,29388,164922,j,rj13.2014,2453696.686782,-1.02,1.018219,0.153,101729.0,
,29389,164922,j,rj13.2015,2453696.688565,0.71,1.043873,0.153,100840.0,
,29390,164922,j,rj13.2016,2453696.69037,0.06,1.036762,0.154,100924.0,
,29391,164922,j,rj18.705,2453842.014537,0.55,1.030123,0.153,78399.0,
,29392,164922,j,rj18.706,2453842.015752,3.91,0.9645,0.153,79748.0,
,29393,164922,j,rj18.707,2453842.016956,1.60,0.946883,0.153,81273.0,
,29394,164922,j,rj20.840,2453932.778345,2.49,0.873178,0.155,92569.0,
,29395,164922,j,rj20.841,2453932.779838,1.14,0.900348,0.154,92008.0,
,29396,164922,j,rj23.578,2453982.880012,8.39,0.946722,0.152,91731.0,
,29397,164922,j,rj23.579,2453982.881516,9.81,0.911411,0.153,90461.0,
,29398,164922,j,rj23.580,2453982.883056,6.87,0.926041,0.153,90272.0,
,29399,164922,j,rj32.573,2454248.036111,4.79,1.072571,0.153,72113.0,
,29400,164922,j,rj32.1361,2454249.958414,-0.51,1.102517,0.154,71512.0,
,29401,164922,j,rj32.1773,2454250.995683,12.61,1.117808,0.153,75466.0,
,29402,164922,j,rj32.2191,2454252.048437,2.12,0.938126,0.153,55654.0,
,29403,164922,j,rj32.2192,2454252.049537,2.99,0.980366,0.154,55620.0,
,29404,164922,j,rj33.197,2454255.939606,-1.93,1.00799,0.153,54862.0,
,29405,164922,j,rj33.198,2454255.94059,1.97,1.027146,0.153,54797.0,
,29406,164922,j,rj35.248,2454277.86728,6.18,0.995946,0.153,71107.0,
,29407,164922,j,rj35.874,2454280.006146,2.87,1.032601,0.152,67914.0,
,29408,164922,j,rj38.149,2454294.860532,1.64,0.970724,0.152,70821.0,
,29409,164922,j,rj41.145,2454304.83647,-1.63,1.063056,0.154,72912.0,
,29410,164922,j,rj41.146,2454304.837674,0.66,1.110145,0.154,71324.0,
,29411,164922,j,rj41.584,2454305.956319,1.07,1.02711,0.155,71079.0,
,29412,164922,j,rj41.585,2454305.957627,4.54,1.065513,0.154,71553.0,
,29413,164922,j,rj41.970,2454306.931736,3.08,1.009828,0.155,72177.0,
,29414,164922,j,rj41.971,2454306.932928,2.40,1.013147,0.155,70328.0,
,29415,164922,j,rj41.1400,2454307.982917,3.41,1.092418,0.155,70887.0,
,29416,164922,j,rj41.1401,2454307.98419,0.33,1.072286,0.155,71643.0,
,29417,164922,j,rj41.1780,2454308.951053,5.06,0.98957,0.155,72178.0,
,29418,164922,j,rj41.1781,2454308.95287,2.48,1.072534,0.156,72201.0,
,29419,164922,j,rj41.2181,2454309.947176,4.03,0.979185,0.155,72706.0,
,29420,164922,j,rj41.2182,2454309.948796,3.96,1.060214,0.155,72032.0,
,29421,164922,j,rj41.2579,2454310.93963,6.81,1.040989,0.155,71571.0,
,29422,164922,j,rj41.2580,2454310.940868,1.55,0.964717,0.155,71736.0,
,29423,164922,j,rj41.2979,2454311.932963,3.77,0.982866,0.155,71283.0,
,29424,164922,j,rj41.2980,2454311.934282,3.63,0.945006,0.155,72274.0,
,29425,164922,j,rj41.3383,2454312.934248,1.04,0.996186,0.155,71957.0,
,29426,164922,j,rj41.3384,2454312.935428,3.74,1.035619,0.154,70919.0,
,29427,164922,j,rj41.3781,2454313.931412,4.73,1.026035,0.155,71503.0,
,29428,164922,j,rj41.3782,2454313.932616,3.78,0.923852,0.155,70603.0,
,29429,164922,j,rj41.4186,2454314.97191,3.61,0.970577,0.155,70452.0,
,29430,164922,j,rj41.4187,2454314.973171,3.65,0.875091,0.155,70854.0,
,29431,164922,j,rj43.167,2454335.884653,2.30,0.996628,0.154,72765.0,
,29432,164922,j,rj43.168,2454335.885995,1.60,1.028619,0.154,72195.0,
,29433,164922,j,rj43.3145,2454337.951713,-1.06,1.009961,0.154,73353.0,
,29434,164922,j,rj54.1074,2454602.967373,-6.72,1.0852,0.153,47106.0,
,29435,164922,j,rj54.1472,2454603.967535,-7.19,1.081817,0.153,45276.0,
,29436,164922,j,rj55.131,2454634.016944,-7.82,1.108714,0.155,46773.0,
,29437,164922,j,rj56.455,2454667.95515,-3.93,0.999783,0.155,71115.0,
,29438,164922,j,rj800.165,2454701.962124,-2.97,1.059412,0.1555,73205.0,
,29439,164922,j,rj800.166,2454701.96423,1.69,1.02733,0.1554,74129.0,
,29440,164922,j,rj800.167,2454701.966418,-2.43,1.022605,0.1553,72995.0,
,29441,164922,j,rj803.140,2454704.899841,-3.33,0.973933,0.1564,73054.0,
,29442,164922,j,rj803.141,2454704.901184,-2.55,0.940293,0.1557,72708.0,
,29443,164922,j,rj803.142,2454704.902515,-2.99,0.932934,0.1554,72054.0,
,29444,164922,j,rj803.143,2454704.903881,-5.35,0.920204,0.1552,72171.0,
,29445,164922,j,rj59.1588,2454722.791076,-6.16,1.11514,0.154,45905.0,
,29446,164922,j,rj60.73,2454725.755949,-4.37,1.06503,0.154,44510.0,
,29447,164922,j,rj61.83,2454777.746238,-6.37,1.092903,0.152,46152.0,
,29448,164922,j,rj61.660,2454779.685347,-6.63,1.047675,0.153,45578.0,
,29449,164922,j,rj67.148,2454927.09051,-4.49,1.4548,0.154,27179.0,
,29450,164922,j,rj72.801,2455016.9736,-3.68,1.044308,0.153,47872.0,
,29451,164922,j,rj820.174,2455022.055895,-0.07,0.945346,0.1538,74602.0,
,29452,164922,j,rj820.175,2455022.057782,-0.47,1.069564,0.1538,74391.0,
,29453,164922,j,rj820.176,2455022.059553,2.98,1.082281,0.1541,74407.0,
,29454,164922,j,rj820.177,2455022.06152,1.89,1.030399,0.1544,75169.0,
,29455,164922,j,rj823.146,2455024.926013,1.17,0.966753,0.152,75215.0,
,29456,164922,j,rj823.147,2455024.927228,2.54,0.88648,0.1539,76014.0,
,29457,164922,j,rj823.148,2455024.928432,1.08,0.92161,0.1531,75806.0,
,29458,164922,j,rj823.149,2455024.92967,1.24,0.902294,0.153,74655.0,
,29459,164922,j,rj74.298,2455042.90599,10.24,1.210456,0.152,47204.0,
,29460,164922,j,rj75.87,2455048.79926,7.68,1.217518,0.153,44825.0,
,29461,164922,j,rj825.160,2455049.983398,6.47,1.086053,0.0,73432.0,
,29462,164922,j,rj825.161,2455049.984914,6.90,1.01088,0.0,73992.0,
,29463,164922,j,rj825.162,2455049.986431,5.13,1.077949,0.0,73893.0,
,29464,164922,j,rj825.163,2455049.988074,7.35,0.98513,0.0,73494.0,
,29465,164922,j,rj828.162,2455052.963334,3.04,1.091369,0.1552,75672.0,
,29466,164922,j,rj828.163,2455052.965059,2.82,1.146095,0.1542,74967.0,
,29467,164922,j,rj828.164,2455052.966737,4.88,1.040034,0.1547,75796.0,
,29468,164922,j,rj828.165,2455052.968392,2.13,1.027331,0.154,74595.0,
,29469,164922,j,rj829.125,2455143.753441,7.62,1.065869,0.1517,76318.0,
,29470,164922,j,rj833.109,2455167.687558,5.96,1.102674,0.1527,74394.0,
,29471,164922,j,rj833.110,2455167.689271,6.56,1.020764,0.1536,74928.0,
,29472,164922,j,rj833.111,2455167.690856,5.87,1.105569,0.1543,74683.0,
,29473,164922,j,rj83.81,2455229.151744,0.69,1.086706,0.152,48098.0,
,29474,164922,j,rj83.694,2455231.164725,5.71,1.092311,0.152,48635.0,
,29475,164922,j,rj839.180,2455259.101431,8.39,0.998789,0.1547,76181.0,
,29476,164922,j,rj839.181,2455259.10326,10.04,0.968896,0.1544,76465.0,
,29477,164922,j,rj87.160,2455285.152348,13.33,0.991578,0.152,47617.0,
,29478,164922,j,rj89.673,2455313.972351,1.56,1.105117,0.154,48131.0,
,29479,164922,j,rj89.674,2455313.973335,1.88,1.055606,0.153,47811.0,
,29480,164922,j,rj89.675,2455313.974342,0.40,1.086592,0.153,47811.0,
,29481,164922,j,rj90.773,2455320.999656,6.08,1.039193,0.153,48181.0,
,29482,164922,j,rj90.774,2455321.000698,9.71,1.117825,0.152,48437.0,
,29483,164922,j,rj90.775,2455321.001728,10.62,1.08411,0.153,48466.0,
,29484,164922,j,rj844.179,2455339.941019,6.62,1.003038,0.1532,76774.0,
,29485,164922,j,rj93.788,2455375.873266,6.05,1.029875,0.152,48568.0,
,29486,164922,j,rj95.51,2455399.974592,3.05,1.0453,0.152,48310.0,
,29487,164922,j,rj854.129,2455463.839839,0.81,1.036069,0.1528,76917.0,
,29488,164922,j,rj854.130,2455463.841112,0.93,0.969036,0.153,78045.0,
,29489,164922,j,rj854.131,2455463.842351,-0.76,1.005196,0.1523,77270.0,
,29490,164922,j,rj854.132,2455463.843589,-1.86,0.943979,0.1526,76508.0,
,29491,164922,j,rj100.1094,2455467.710772,-2.49,1.024039,0.152,48154.0,
,29492,164922,j,rj103.91,2455486.784393,8.14,1.102474,0.154,47364.0,
,29493,164922,j,rj106.465,2455522.680414,0.87,1.136054,0.153,47302.0,
,29494,164922,j,rj115.414,2455613.170263,-6.81,1.154423,0.151,47849.0,
,29495,164922,j,rj118.1341,2455673.978134,-7.38,1.202336,0.154,47403.0,
,29496,164922,j,rj120.514,2455704.899447,-7.55,1.443576,0.154,24000.0,
,29497,164922,j,rj124.315,2455734.880644,0.25,0.976413,0.154,49496.0,
,29498,164922,j,rj126.272,2455752.773461,-8.89,0.976666,0.153,47286.0,
,29499,164922,j,rj126.273,2455752.774445,-5.52,0.982762,0.153,48511.0,
,29500,164922,j,rj126.274,2455752.775475,-9.92,1.018285,0.152,48082.0,
,29501,164922,j,rj127.74,2455759.778147,-8.34,1.107516,0.154,47787.0,
,29502,164922,j,rj127.75,2455759.779188,-9.52,1.102215,0.153,48172.0,
,29503,164922,j,rj127.76,2455759.780253,-7.06,1.088443,0.154,48056.0,
,29504,164922,j,rj127.491,2455761.788511,-9.10,0.968814,0.152,47561.0,
,29505,164922,j,rj127.492,2455761.789448,-8.84,0.96282,0.152,47350.0,
,29506,164922,j,rj127.493,2455761.790478,-8.80,1.107714,0.148,46536.0,
,29507,164922,j,rj127.693,2455762.840959,-7.79,1.055516,0.152,48176.0,
,29508,164922,j,rj127.694,2455762.841954,-12.37,1.045616,0.153,49352.0,
,29509,164922,j,rj127.695,2455762.842915,-14.56,0.992015,0.152,48939.0,
,29510,164922,j,rj127.875,2455763.770608,-10.51,1.135739,0.153,47345.0,
,29511,164922,j,rj127.876,2455763.771707,-10.74,0.99488,0.151,47118.0,
,29512,164922,j,rj127.877,2455763.772842,-10.02,1.077676,0.152,47217.0,
,29513,164922,j,rj128.271,2455769.761841,-6.49,1.060363,0.153,46897.0,
,29514,164922,j,rj128.272,2455769.762824,-8.39,0.998308,0.152,47711.0,
,29515,164922,j,rj128.273,2455769.763831,-7.39,1.037141,0.152,46987.0,
,29516,164922,j,rj129.69,2455781.75457,-3.78,1.21622,0.152,38778.0,
,29517,164922,j,rj129.70,2455781.755449,-3.01,1.048184,0.152,38727.0,
,29518,164922,j,rj129.71,2455781.75634,-1.25,1.042499,0.151,38383.0,
,29519,164922,j,rj129.305,2455782.874635,-2.71,1.062702,0.152,48945.0,
,29520,164922,j,rj129.306,2455782.876012,-8.07,1.080639,0.153,48742.0,
,29521,164922,j,rj129.307,2455782.877459,-4.23,1.159108,0.152,48263.0,
,29522,164922,j,rj130.1867,2455795.791304,-5.53,1.517515,0.151,16727.0,
,29523,164922,j,rj130.2515,2455798.851413,-5.63,0.977441,0.153,47656.0,
,29524,164922,j,rj130.2516,2455798.852386,-5.73,1.066441,0.153,47974.0,
,29525,164922,j,rj130.2517,2455798.853381,-6.39,1.054964,0.153,48134.0,
,29526,164922,j,rj131.88,2455806.812956,-1.63,1.170527,0.151,49527.0,
,29527,164922,j,rj131.89,2455806.815074,-6.03,1.159695,0.15,48671.0,
,29528,164922,j,rj131.90,2455806.817284,-4.16,1.138476,0.151,48966.0,
,29529,164922,j,rj131.1075,2455811.728515,-8.01,0.993674,0.151,47871.0,
,29530,164922,j,rj131.1076,2455811.729488,-5.41,1.003261,0.151,47224.0,
,29531,164922,j,rj131.1077,2455811.73046,-1.38,0.96954,0.152,47120.0,
,29532,164922,j,rj133.374,2455842.754575,-4.62,1.627013,0.121,24749.0,
,29533,164922,j,rj133.375,2455842.760929,-2.79,1.079802,0.142,46134.0,
,29534,164922,j,rj133.376,2455842.763232,-8.05,1.157296,0.143,45571.0,
,29535,164922,j,rj134.177,2455850.718384,-10.31,0.96401,0.152,47278.0,
,29536,164922,j,rj134.178,2455850.719403,-10.51,1.00455,0.153,48309.0,
,29537,164922,j,rj134.179,2455850.720363,-9.62,0.958057,0.152,47145.0,
,29538,164922,j,rj137.606,2455880.753778,0.29,1.099323,0.142,41468.0,
,29539,164922,j,rj137.607,2455880.753778,1.44,1.152742,0.159,39369.0,
,29540,164922,j,rj138.535,2455903.680911,-6.49,1.075539,0.15,48110.0,
,29541,164922,j,rj138.536,2455903.682126,-9.74,1.06164,0.151,48089.0,
,29542,164922,j,rj138.537,2455903.683306,-4.07,1.083291,0.152,46849.0,
,29543,164922,j,rj143.227,2455961.180039,-0.75,1.065538,0.149,46730.0,
,29544,164922,j,rj143.228,2455961.181069,2.55,1.116291,0.15,46190.0,
,29545,164922,j,rj143.229,2455961.182076,1.88,1.025804,0.151,46303.0,
,29546,164922,j,rj147.124,2456000.095746,-0.61,1.140603,0.152,46446.0,
,29547,164922,j,rj147.125,2456000.096741,-3.12,1.095999,0.153,47575.0,
,29548,164922,j,rj147.126,2456000.097713,-0.76,1.0826,0.152,47666.0,
,29549,164922,j,rj150.513,2456075.852435,-1.26,1.158681,0.152,48994.0,
,29550,164922,j,rj150.514,2456075.854032,-5.33,1.179892,0.149,48494.0,
,29551,164922,j,rj150.515,2456075.855548,-1.93,1.220383,0.151,48701.0,
,29552,164922,j,rj152.912,2456101.818908,-1.71,1.101928,0.154,48523.0,
,29553,164922,j,rj153.87,2456109.785358,-3.89,1.037772,0.152,48072.0,
,29554,164922,j,rj153.88,2456109.786376,-3.99,1.026552,0.152,49146.0,
,29555,164922,j,rj153.89,2456109.787406,0.43,1.004188,0.152,47992.0,
,29556,164922,j,rj153.1090,2456114.783376,2.34,1.068039,0.15,48242.0,
,29557,164922,j,rj153.1091,2456114.784892,0.32,1.034128,0.152,48327.0,
,29558,164922,j,rj153.1092,2456114.786489,0.22,1.097183,0.151,48350.0,
,29559,164922,j,rj156.1962,2456153.955723,3.59,1.081113,0.15,47591.0,
,29560,164922,j,rj156.1963,2456153.958385,2.66,1.145753,0.15,47003.0,
,29561,164922,j,rj156.1964,2456153.960376,2.27,1.151095,0.151,46613.0,
,29562,164922,j,rj159.74,2456192.721101,5.88,1.071629,0.152,48157.0,
,29563,164922,j,rj159.75,2456192.722027,5.13,1.069857,0.151,47678.0,
,29564,164922,j,rj159.76,2456192.722987,6.17,1.12387,0.152,48837.0,
,29565,164922,j,rj161.469,2456209.694112,4.37,1.200894,0.152,48501.0,
,29566,164922,j,rj161.470,2456209.695258,5.76,1.119386,0.15,48035.0,
,29567,164922,j,rj161.471,2456209.696369,5.15,1.129945,0.15,47690.0,
,29568,164922,j,rj166.123,2456326.174124,8.88,1.031372,0.15,47610.0,
,29569,164922,j,rj166.124,2456326.17512,10.81,1.054288,0.152,48796.0,
,29570,164922,j,rj166.125,2456326.176162,12.96,1.101454,0.151,48772.0,
,29571,164922,j,rj166.339,2456327.17866,13.99,1.080916,0.152,47737.0,
,29572,164922,j,rj166.340,2456327.180859,16.22,1.014608,0.151,48657.0,
,29573,164922,j,rj166.341,2456327.181796,15.61,1.19289,0.152,47298.0,
,29574,164922,j,rj166.618,2456328.17536,12.18,1.092,0.151,48033.0,
,29575,164922,j,rj166.619,2456328.176448,12.75,1.16648,0.15,48809.0,
,29576,164922,j,rj166.620,2456328.177536,10.85,1.05941,0.151,47920.0,
,29577,164922,j,rj167.335,2456345.166331,5.45,1.167896,0.148,48099.0,
,29578,164922,j,rj167.336,2456345.167558,5.67,1.239683,0.148,48159.0,
,29579,164922,j,rj167.337,2456345.168727,8.56,1.202432,0.149,47077.0,
,29580,164922,j,rj170.83,2456448.848439,3.25,1.09229,0.152,48389.0,
,29581,164922,j,rj170.84,2456448.849619,3.52,1.118176,0.153,48414.0,
,29582,164922,j,rj170.85,2456448.850707,0.77,1.021408,0.153,48803.0,
,29583,164922,j,rj170.286,2456449.872542,5.26,1.037651,0.152,48408.0,
,29584,164922,j,rj170.287,2456449.873573,8.50,1.049454,0.152,47730.0,
,29585,164922,j,rj170.288,2456449.874545,9.59,1.087526,0.152,48373.0,
,29586,164922,j,rj170.498,2456450.861367,3.80,1.054973,0.152,48620.0,
,29587,164922,j,rj170.499,2456450.862351,7.47,1.140266,0.153,49985.0,
,29588,164922,j,rj170.500,2456450.86345,6.96,1.087035,0.152,48024.0,
,29589,164922,j,rj172.182,2456472.802321,2.88,1.09381,0.15,49260.0,
,29590,164922,j,rj172.183,2456472.803872,0.77,1.161627,0.151,48178.0,
,29591,164922,j,rj172.184,2456472.805377,3.51,1.133866,0.15,48489.0,
,29592,164922,j,rj172.1267,2456477.766543,-0.44,1.092753,0.152,47506.0,
,29593,164922,j,rj173.1371,2456489.773102,7.17,0.993468,0.152,48360.0,
,29594,164922,j,rj178.268,2456519.735894,2.28,1.118905,0.152,47682.0,
,29595,164922,j,rj178.269,2456519.737236,4.34,1.110796,0.153,49114.0,
,29596,164922,j,rj178.270,2456519.738521,2.22,1.078482,0.152,48510.0,
,29597,164922,j,rj183.367,2456588.697084,6.55,1.066978,0.152,47200.0,
,29598,164922,j,rj183.368,2456588.69801,4.33,1.28454,0.152,47802.0,
,29599,164922,j,rj183.369,2456588.69897,4.32,1.108248,0.152,47957.0,
,29600,164922,j,rj184.71,2456613.697735,6.96,1.140238,0.151,47902.0,
,29601,164922,j,rj184.72,2456613.698973,4.41,1.158245,0.151,48996.0,
,29602,164922,j,rj184.73,2456613.700154,4.96,1.109412,0.153,48184.0,
,29603,164922,j,rj187.240,2456709.162,0.43,1.01991,0.1505,47232.0,
,29604,164922,j,rj187.241,2456709.163065,3.37,0.999376,0.1513,47426.0,
,29605,164922,j,rj187.242,2456709.164106,3.95,1.096943,0.1512,46569.0,
,29606,164922,j,rj187.465,2456710.107192,2.90,1.136522,0.1501,48922.0,
,29607,164922,j,rj187.466,2456710.108338,0.87,1.08079,0.1505,48851.0,
,29608,164922,j,rj187.467,2456710.109461,3.71,1.083316,0.1502,47142.0,
,29609,164922,j,rj188.517,2456828.830953,-0.55,1.239762,0.1497,47873.0,
,29610,164922,j,rj188.518,2456828.832157,-4.08,1.110885,0.1474,48018.0,
,29611,164922,j,rj188.519,2456828.833442,-4.01,1.128244,0.1462,47773.0,
,29612,164922,j,rj188.567,2456829.114623,-0.96,1.184204,0.1516,47226.0,
,29613,164922,j,rj188.568,2456829.115653,-0.74,1.211235,0.1525,47929.0,
,29614,164922,j,rj188.569,2456829.116695,0.65,1.066741,0.153,47437.0,
,29615,164922,j,rj189.1282,2456848.899924,-4.75,1.150104,0.1523,50040.0,
,29616,164922,j,rj189.1283,2456848.901024,-9.75,1.178154,0.1522,48095.0,
,29617,164922,j,rj189.1284,2456848.902077,-6.92,1.098389,0.1527,48509.0,
,29618,164922,j,rj190.89,2456861.035123,-4.33,1.235718,0.1476,47966.0,
,29619,164922,j,rj190.370,2456862.751725,-2.89,1.018945,0.1521,49494.0,
,29620,164922,j,rj190.371,2456862.752662,-2.49,0.971904,0.1529,49720.0,
,29621,164922,j,rj190.372,2456862.753611,-2.33,1.010329,0.1526,48792.0,
,29622,164922,j,rj190.767,2456864.741185,2.87,0.961552,0.152,49418.0,
,29623,164922,j,rj190.768,2456864.742157,3.29,1.090727,0.1507,48670.0,
,29624,164922,j,rj190.769,2456864.743129,1.27,0.956926,0.1514,48956.0,
,29625,164922,j,rj192.494,2456881.750693,-5.44,1.169118,0.1535,47942.0,
,29626,164922,j,rj192.495,2456881.751631,-2.38,1.101249,0.1529,48755.0,
,29627,164922,j,rj192.496,2456881.75258,-8.56,1.19232,0.1523,48499.0,
,29628,164922,j,rj192.679,2456882.754337,-7.80,1.060389,0.1526,48192.0,
,29629,164922,j,rj192.680,2456882.755356,-2.72,1.096815,0.1528,49109.0,
,29630,164922,j,rj192.681,2456882.756421,-3.15,1.07395,0.1527,49549.0,
,29631,164922,j,rj194.1270,2456912.721351,-3.46,1.070012,0.1525,47825.0,
,29632,164922,j,rj194.1271,2456912.722381,-4.12,1.05151,0.1519,49874.0,
,29633,164922,j,rj194.1272,2456912.723354,-4.99,0.964922,0.1519,47944.0,
,29634,164922,j,rj196.161,2457058.179561,-10.49,1.09475,0.1484,46480.0,
,29635,164922,j,rj196.162,2457058.180823,-12.40,1.060274,0.1465,47700.0,
,29636,164922,j,rj196.163,2457058.182108,-10.76,1.177352,0.1361,44361.0,
,29637,164922,j,rj196.338,2457059.16691,-9.86,1.129834,0.1525,49399.0,
,29638,164922,j,rj196.339,2457059.168553,-13.22,1.139134,0.1515,49502.0,
,29639,164922,j,rj196.340,2457059.170093,-13.36,1.068742,0.1517,49886.0,
,29640,164922,j,rj197.364,2457062.175327,-11.29,1.097708,0.1431,46975.0,
,29641,164922,j,rj197.365,2457062.1766,-13.04,1.030858,0.1437,47106.0,
,29642,164922,j,rj197.366,2457062.177815,-9.05,1.130905,0.1499,49063.0,
,29643,164922,j,rj199.76,2457150.984757,-2.03,0.987126,0.1515,49226.0,
,29644,164922,j,rj199.77,2457150.985648,-6.58,1.016645,0.1525,48011.0,
,29645,164922,j,rj199.78,2457150.986562,-11.60,1.051959,0.1518,49541.0,
,29646,164922,j,rj200.107,2457179.939595,-3.08,1.103003,0.1546,49292.0,
,29647,164922,j,rj200.108,2457179.940752,-2.89,1.177047,0.1535,48516.0,
,29648,164922,j,rj200.109,2457179.941887,-2.63,1.133598,0.1528,48152.0,
,29649,164922,j,rj201.91,2457197.864069,-5.26,1.117238,0.1519,49108.0,
,29650,164922,j,rj201.92,2457197.864995,-10.95,1.120304,0.1512,49262.0,
,29651,164922,j,rj201.93,2457197.865887,-9.69,1.107366,0.1517,47149.0,
,29652,164922,j,rj201.1185,2457203.860419,-2.91,1.189726,0.1524,47957.0,
,29653,164922,j,rj201.1186,2457203.861357,-2.98,1.004476,0.1526,48401.0,
,29654,164922,j,rj201.1187,2457203.862271,-5.06,1.105403,0.1522,48380.0,
,29655,164922,j,rj202.288,2457207.892289,-9.86,1.050195,0.1532,48488.0,
,29656,164922,j,rj202.289,2457207.893319,-7.22,1.010132,0.1531,50602.0,
,29657,164922,j,rj202.290,2457207.894314,-6.40,0.997154,0.1524,48789.0,
,29658,164922,j,rj202.892,2457210.952467,-13.13,1.053591,0.1531,49521.0,
,29659,164922,j,rj202.893,2457210.953381,-9.44,1.030235,0.1536,49531.0,
,29660,164922,j,rj202.894,2457210.954296,-8.87,1.048662,0.1531,47932.0,
,29661,164922,j,rj202.1086,2457211.966386,-7.39,1.143806,0.1529,48731.0,
,29662,164922,j,rj202.1087,2457211.9673,-8.62,1.115635,0.1528,48247.0,
,29663,164922,j,rj202.1088,2457211.968192,-9.13,1.033687,0.1528,47749.0,
,29664,164922,j,rj203.268,2457223.049315,-9.17,1.070051,0.1532,48701.0,
,29665,164922,j,rj203.269,2457223.050287,-7.41,1.128057,0.1543,47681.0,
,29666,164922,j,rj203.270,2457223.051247,-5.82,1.109415,0.1539,48011.0,
,29667,164922,j,rj208.281,2457245.778807,-2.03,1.046243,0.1516,49728.0,
,29668,164922,j,rj208.282,2457245.779733,-0.64,0.972227,0.1516,48051.0,
,29669,164922,j,rj208.283,2457245.780659,-0.29,0.973977,0.1515,49545.0,
,29670,164922,j,rj218.364,2457354.676272,-2.49,1.132187,0.1499,48613.0,
,29671,164922,j,rj218.365,2457354.677603,-6.00,1.146155,0.1506,49613.0,
,29672,164922,j,rj218.366,2457354.67891,0.45,1.114918,0.1511,49538.0,
,29673,164922,j,rj224.175,2457423.175036,1.67,1.0537,0.1491,54291.0,
,29674,164922,j,rj224.176,2457423.176159,2.00,0.938794,0.1502,54116.0,
,29675,164922,j,rj224.177,2457423.177258,2.79,1.000592,0.1509,54279.0,
,29676,164922,j,rj229.289,2457556.901708,5.49,1.171619,0.1512,47303.0,
,29677,164922,j,rj229.290,2457556.903641,3.99,1.197937,0.1512,46694.0,
,29678,164922,j,rj229.291,2457556.905308,2.13,1.141968,0.151,47242.0,
,29679,164922,j,rj234.391,2457594.89335,6.00,1.90861,0.1533,18203.0,
,29680,164922,j,rj242.303,2457672.809829,7.17,1.145438,0.1527,49690.0,
,29681,164922,j,rj242.304,2457672.811125,7.34,1.144779,0.1526,49738.0,
,29682,164922,j,rj242.305,2457672.81241,3.48,1.241651,0.1532,49857.0,
,29683,164922,j,rj251.1204,2457795.179165,3.04,1.014774,0.151,49032.0,
,29684,164922,j,rj251.1205,2457795.180183,4.92,1.11645,0.1496,46870.0,
,29685,164922,j,rj251.1206,2457795.181202,4.57,1.160745,0.1508,47685.0,
,29686,164922,j,rj253.130,2457829.163193,3.86,0.975025,0.1507,48580.0,
,29687,164922,j,rj253.131,2457829.164165,6.73,1.120743,0.1519,47862.0,
,29688,164922,j,rj253.132,2457829.165126,5.81,1.055644,0.1519,49202.0,
,29689,164922,j,rj253.338,2457830.164137,3.91,1.081055,0.1517,49021.0,
,29690,164922,j,rj253.339,2457830.165155,7.15,0.977351,0.1506,49064.0,
,29691,164922,j,rj253.340,2457830.166162,5.01,1.032782,0.1515,49148.0,
,29692,164922,j,rj271.88,2458002.841539,1.63,1.136392,0.154,49826.0,
,29693,164922,j,rj273.69,2458023.717072,-4.28,1.0518,0.1514,46836.0,
,29694,164922,j,rj273.70,2458023.718033,-4.00,1.06103,0.1515,48598.0,
,29695,164922,j,rj273.71,2458023.71897,-1.30,0.974487,0.153,48259.0,
,29696,164922,j,rj290.777,2458267.005804,-14.38,1.099843,0.1522,47769.0,
,29697,164922,j,rj290.778,2458267.006904,-11.49,1.038872,0.1524,48827.0,
,29698,164922,j,rj290.779,2458267.008038,-11.46,0.954643,0.1522,48889.0,
,29699,164922,j,rj305.1262,2458391.701771,-7.12,1.094055,0.1499,48408.0,
,29700,164922,j,rj332.185,2458633.866123,5.71,1.064071,0.1527,47505.0,
,29701,164922,j,rj332.186,2458633.867338,8.74,1.145818,0.1529,47813.0,
,29702,164922,j,rj332.187,2458633.868507,4.48,1.121348,0.1531,47453.0,
,29703,164922,j,rj335.280,2458660.795639,4.36,1.145787,0.1534,48790.0,
,29704,164922,j,rj335.281,2458660.7966,5.10,1.12095,0.1532,48514.0,
,29705,164922,j,rj335.282,2458660.797572,2.09,1.16964,0.1522,48898.0,
,29706,164922,j,rj337.94,2458679.796796,4.58,1.054752,0.1519,49983.0,
,29707,164922,j,rj337.95,2458679.79771,6.25,1.133387,0.1527,49288.0,
,29708,164922,j,rj337.96,2458679.79859,4.09,1.107722,0.1523,49833.0,
,29709,164922,j,rj341.465,2458724.734147,1.77,0.974754,0.1523,49398.0,
,29710,164922,j,rj341.466,2458724.735062,2.25,0.896964,0.1524,48371.0,
,29711,164922,j,rj341.467,2458724.735987,0.77,1.03481,0.1509,48458.0,
,29712,164922,j,rj343.266,2458738.895236,4.11,1.062489,0.1518,47993.0,
,29713,164922,j,rj343.267,2458738.898326,3.12,1.085967,0.1513,48522.0,
,29714,164922,j,rj343.268,2458738.900004,1.89,1.105269,0.1525,48956.0,
,29715,164922,j,rj351.958,2458798.682433,6.31,1.192231,0.1453,46526.0,
,29716,164922,j,rj351.959,2458798.683845,7.00,1.16856,0.1442,46616.0,
,29717,164922,j,rj351.960,2458798.685223,9.42,1.183342,0.1449,47265.0,
,29718,164922,j,rj366.139,2458917.140452,11.60,1.117301,0.1498,46754.0,
,29719,164922,j,rj366.512,2458919.156609,10.26,1.101196,0.1525,48239.0,
,29720,164922,apf,raep.221,2456822.99651,-4.32,0.979213,29109.0,
,29721,164922,apf,raet.210,2456831.887392,-5.17,0.932277,29505.0,
,29722,164922,apf,ragc.187,2456899.752139,-6.28,0.889499,25248.0,
,29723,164922,apf,ragv.118,2456941.748161,1.71,1.066739,15679.0,
,29724,164922,apf,raii.267,2457115.847778,-4.22,1.133442,12021.0,
,29725,164922,apf,rail.205,2457121.79559,-6.59,1.795905,4798.0,
,29726,164922,apf,rail.206,2457121.803299,-10.22,1.486372,5422.0,
,29727,164922,apf,rail.272,2457122.006263,-10.98,1.010818,15918.0,
,29728,164922,apf,raim.256,2457124.015366,-7.36,0.974313,18103.0,
,29729,164922,apf,raio.319,2457126.029029,-0.48,0.961441,16386.0,
,29730,164922,apf,raiq.284,2457131.007816,-9.24,0.896604,18675.0,
,29731,164922,apf,rair.247,2457132.999399,-8.79,0.968864,17652.0,
,29732,164922,apf,rais.245,2457134.008842,-7.42,1.028462,14894.0,
,29733,164922,apf,raiv.237,2457138.916563,-5.00,1.218461,9550.0,
,29734,164922,apf,raiw.269,2457141.00261,-9.02,1.031043,18559.0,
,29735,164922,apf,raix.289,2457142.966946,-4.39,0.963054,16564.0,
,29736,164922,apf,raiy.282,2457143.996002,-9.46,0.99788,18518.0,
,29737,164922,apf,raiz.278,2457145.962059,-9.99,0.957849,16809.0,
,29738,164922,apf,raja.224,2457148.792111,-12.98,1.018584,12127.0,
,29739,164922,apf,rajb.210,2457151.898327,-0.54,1.127338,13683.0,
,29740,164922,apf,rajb.230,2457151.942449,-3.66,1.042411,14972.0,
,29741,164922,apf,rajc.271,2457153.967455,-3.12,0.979718,17497.0,
,29742,164922,apf,raje.194,2457158.886807,-8.22,1.186712,11312.0,
,29743,164922,apf,raji.237,2457165.921252,-0.79,1.022306,13734.0,
,29744,164922,apf,rajj.287,2457168.937755,-1.32,0.896862,29906.0,
,29745,164922,apf,rajk.242,2457170.838988,2.22,0.963282,17134.0,
,29746,164922,apf,rajm.194,2457176.790715,1.49,1.279569,8721.0,
,29747,164922,apf,rajn.249,2457178.874136,-8.48,1.153302,13372.0,
,29748,164922,apf,rajo.225,2457179.87802,-3.59,1.140917,15166.0,
,29749,164922,apf,rajp.237,2457181.795193,-6.49,1.112768,16794.0,
,29750,164922,apf,rajr.192,2457185.850919,-8.33,1.132404,12718.0,
,29751,164922,apf,rajt.249,2457188.878946,-7.83,0.979926,17138.0,
,29752,164922,apf,raju.255,2457189.857264,-0.96,0.948132,15868.0,
,29753,164922,apf,rajv.247,2457191.851894,-8.08,0.931051,19192.0,
,29754,164922,apf,rajw.237,2457193.85821,-7.06,1.168155,10619.0,
,29755,164922,apf,rajx.236,2457195.838005,-9.23,0.938553,18440.0,
,29756,164922,apf,rajy.237,2457196.849834,-7.39,0.950508,18336.0,
,29757,164922,apf,raka.219,2457202.745531,-7.08,1.205042,9737.0,
,29758,164922,apf,rakb.226,2457204.836696,-8.16,1.033204,20477.0,
,29759,164922,apf,rakd.228,2457207.793447,-8.26,0.990152,24726.0,
,29760,164922,apf,rakf.206,2457211.789803,-4.65,1.04495,18011.0,
,29761,164922,apf,raki.154,2457217.779769,-0.66,0.954338,15310.0,
,29762,164922,apf,rakj.226,2457218.770141,-3.08,0.868772,29590.0,
,29763,164922,apf,rakk.221,2457220.752407,-5.00,1.065889,14558.0,
,29764,164922,apf,rakl.215,2457221.756421,-8.71,1.109832,13690.0,
,29765,164922,apf,rakn.216,2457224.760551,-0.07,1.009132,21966.0,
,29766,164922,apf,rako.155,2457226.727043,-0.60,0.951698,25201.0,
,29767,164922,apf,rakp.202,2457227.737335,1.73,1.111057,15038.0,
,29768,164922,apf,rakq.211,2457229.738196,-2.22,1.051365,17225.0,
,29769,164922,apf,rakr.205,2457232.722941,-1.85,1.115058,15479.0,
,29770,164922,apf,raks.208,2457233.722742,-5.76,1.080661,16985.0,
,29771,164922,apf,rakt.208,2457235.681394,0.67,1.093087,17283.0,
,29772,164922,apf,rakt.211,2457235.707366,-1.97,1.082276,18984.0,
,29773,164922,apf,raku.208,2457238.715208,0.55,1.151132,14209.0,
,29774,164922,apf,rakx.202,2457245.683187,-2.77,1.249105,10617.0,
,29775,164922,apf,raky.216,2457247.696355,4.64,1.087254,17835.0,
,29776,164922,apf,rakz.193,2457249.692415,2.00,1.067671,12129.0,
,29777,164922,apf,ralb.125,2457255.738098,-1.71,1.133413,11451.0,
,29778,164922,apf,ralc.159,2457256.694817,2.00,1.114712,15435.0,
,29779,164922,apf,rale.221,2457260.730463,-1.28,1.010709,20566.0,
,29780,164922,apf,ralf.191,2457262.740198,-0.42,1.009084,16005.0,
,29781,164922,apf,ralg.208,2457265.688558,-5.75,1.2203,10208.0,
,29782,164922,apf,ralh.205,2457267.661254,-3.22,1.056306,18849.0,
,29783,164922,apf,rali.215,2457269.668009,-4.61,0.987087,16128.0,
,29784,164922,apf,ralk.201,2457274.643735,-7.79,1.028329,14535.0,
,29785,164922,apf,ralk.207,2457274.692841,-2.59,1.148419,12475.0,
,29786,164922,apf,rall.216,2457276.713838,-4.56,1.075421,16931.0,
,29787,164922,apf,ralm.184,2457277.71962,-4.33,1.051496,24258.0,
,29788,164922,apf,ralo.185,2457281.678769,-2.10,1.296314,8273.0,
,29789,164922,apf,ralp.219,2457283.756449,-2.07,1.248931,10529.0,
,29790,164922,apf,ralq.200,2457286.683982,-3.59,1.096241,12936.0,
,29791,164922,apf,ralr.166,2457290.702302,1.72,1.117188,15102.0,
,29792,164922,apf,rals.189,2457292.678877,-5.41,1.288662,14896.0,
,29793,164922,apf,ralx.201,2457305.669273,-3.29,1.07467,13739.0,
,29794,164922,apf,raly.208,2457308.708972,-2.74,1.12916,15824.0,
,29795,164922,apf,ramd.206,2457321.643963,7.12,1.198974,12677.0,
,29796,164922,apf,ramf.206,2457325.62132,5.96,1.044768,13385.0,
,29797,164922,apf,rami.195,2457332.59308,4.50,1.210756,9681.0,
,29798,164922,apf,ramj.218,2457334.654245,4.78,0.944672,20041.0,
,29799,164922,apf,ramm.197,2457340.62607,2.01,1.173658,16510.0,
,29800,164922,apf,ramo.195,2457344.636816,-1.23,1.12891,10055.0,
,29801,164922,apf,ramq.191,2457348.632717,2.22,1.146801,17561.0,
,29802,164922,apf,ranq.216,2457414.032172,3.97,1.197845,9631.0,
,29803,164922,apf,ranv.319,2457427.003756,2.85,1.16664,11685.0,
,29804,164922,apf,rany.283,2457433.013258,-2.74,1.213731,10664.0,
,29805,164922,apf,raob.257,2457439.979645,0.18,1.232699,11294.0,
,29806,164922,apf,raoc.211,2457442.056985,-5.22,1.293544,8656.0,
,29807,164922,apf,raoc.212,2457442.062286,-8.57,1.419341,6338.0,
,29808,164922,apf,raod.301,2457443.918031,-1.04,1.138292,17221.0,
,29809,164922,apf,raof.234,2457446.96159,-11.13,2.011295,3046.0,
,29810,164922,apf,raog.260,2457449.942627,5.80,1.096061,14971.0,
,29811,164922,apf,raoo.239,2457463.942015,3.64,1.843235,4218.0,
,29812,164922,apf,raoo.240,2457463.945696,9.93,1.796977,3848.0,
,29813,164922,apf,raoo.261,2457464.022506,1.18,1.524872,4743.0,
,29814,164922,apf,raoo.262,2457464.026661,4.95,1.653023,5394.0,
,29815,164922,apf,raop.219,2457465.866421,7.75,1.106915,16083.0,
,29816,164922,apf,raoq.230,2457466.898675,0.86,0.906273,26416.0,
,29817,164922,apf,raou.239,2457473.865732,2.57,1.166166,13806.0,
,29818,164922,apf,raox.260,2457478.951276,-2.36,1.099299,14690.0,
,29819,164922,apf,raoy.263,2457480.878979,3.01,1.011514,21667.0,
,29820,164922,apf,raoz.251,2457483.021267,-1.12,1.412926,5861.0,
,29821,164922,apf,raoz.252,2457483.024345,-0.76,1.486521,6246.0,
,29822,164922,apf,rapa.261,2457483.901912,-3.96,1.608181,5189.0,
,29823,164922,apf,rapa.262,2457483.905326,-0.64,1.493676,5283.0,
,29824,164922,apf,rapg.253,2457496.008021,8.54,1.11058,10754.0,
,29825,164922,apf,raph.262,2457496.994779,1.55,0.994957,19945.0,
,29826,164922,apf,rapi.244,2457498.98157,-2.61,1.500105,6306.0,
,29827,164922,apf,rapi.245,2457498.984382,9.03,1.448511,6051.0,
,29828,164922,apf,rapn.244,2457509.969961,4.64,1.082302,13182.0,
,29829,164922,apf,rapr.241,2457520.99026,2.86,0.916927,26375.0,
,29830,164922,apf,raps.237,2457524.974315,8.52,1.146656,12550.0,
,29831,164922,apf,rapt.204,2457525.966007,6.33,1.043119,16655.0,
,29832,164922,apf,rapz.242,2457537.911963,9.80,0.934986,22074.0,
,29833,164922,apf,raqa.230,2457539.924164,3.30,1.040044,15129.0,
,29834,164922,apf,raqc.206,2457543.894872,9.20,0.985299,23784.0,
,29835,164922,apf,raqf.199,2457549.855372,10.51,1.162733,12709.0,
,29836,164922,apf,raqh.198,2457554.826197,5.83,1.164978,9999.0,
,29837,164922,apf,raqi.192,2457556.84959,3.14,1.129744,18296.0,
,29838,164922,apf,raqi.194,2457556.863444,8.06,1.045469,23442.0,
,29839,164922,apf,raqk.207,2457558.856439,3.58,1.029668,16945.0,
,29840,164922,apf,raql.208,2457560.869313,8.68,1.044963,19152.0,
,29841,164922,apf,raqm.213,2457563.798802,12.88,1.055937,13154.0,
,29842,164922,apf,raqm.228,2457563.850827,4.81,1.160179,13686.0,
,29843,164922,apf,raqn.203,2457564.858649,4.28,1.034071,14334.0,
,29844,164922,apf,raqo.210,2457566.84114,6.52,1.143426,12723.0,
,29845,164922,apf,raqr.216,2457570.82699,3.66,1.037623,15728.0,
,29846,164922,apf,raqs.223,2457571.823253,4.30,0.982747,21179.0,
,29847,164922,apf,raqv.225,2457576.808152,7.11,1.092769,12913.0,
,29848,164922,apf,raqw.233,2457578.832632,7.36,1.197586,11300.0,
,29849,164922,apf,raqx.220,2457579.759247,4.67,1.126706,12187.0,
,29850,164922,apf,raqx.234,2457579.791503,5.46,0.99682,12702.0,
,29851,164922,apf,raqy.226,2457581.778095,4.59,0.967658,21626.0,
,29852,164922,apf,raqz.113,2457582.808351,10.53,1.055337,13060.0,
,29853,164922,apf,rara.229,2457584.817298,6.18,1.241949,11466.0,
,29854,164922,apf,rarb.216,2457586.740433,3.83,1.027633,14732.0,
,29855,164922,apf,rarb.227,2457586.782122,9.90,1.023331,20453.0,
,29856,164922,apf,rarc.234,2457587.819664,8.42,0.955875,22855.0,
,29857,164922,apf,rard.227,2457588.794834,7.15,0.933602,16625.0,
,29858,164922,apf,rare.235,2457591.810984,4.86,1.12535,17527.0,
,29859,164922,apf,rarf.193,2457593.780644,10.61,1.269251,10666.0,
,29860,164922,apf,rari.214,2457599.787226,4.18,0.987054,21025.0,
,29861,164922,apf,rarj.238,2457600.796828,-0.69,0.980864,22447.0,
,29862,164922,apf,rarm.226,2457605.785224,4.98,0.953517,22698.0,
,29863,164922,apf,raro.217,2457608.749873,8.49,0.970986,19197.0,
,29864,164922,apf,rarq.195,2457611.756852,8.31,1.055098,12413.0,
,29865,164922,apf,rata.186,2457684.633452,6.24,0.988135,18115.0,
,29866,164922,apf,rath.194,2457696.685485,8.85,1.046295,15083.0,
,29867,164922,apf,ratm.212,2457702.660836,8.64,1.199103,16142.0,
,29868,164922,apf,rato.202,2457705.608859,11.47,1.151636,13154.0,
,29869,164922,apf,ravc.286,2457784.075253,10.48,0.995081,14638.0,
,29870,164922,apf,ravy.259,2457821.961947,1.04,1.222184,11152.0,
,29871,164922,apf,ravz.229,2457823.876304,1.49,1.281307,9926.0,
,29872,164922,apf,ravz.263,2457823.979737,0.76,1.123087,12748.0,
,29873,164922,apf,rawa.242,2457824.910386,0.08,1.195017,11281.0,
,29874,164922,apf,rawb.242,2457826.904726,5.21,1.032341,15815.0,
,29875,164922,apf,rawl.241,2457845.924522,1.50,1.021204,14903.0,
,29876,164922,apf,rawm.241,2457847.837836,8.28,1.314204,9322.0,
,29877,164922,apf,rawq.262,2457854.00273,-1.64,1.069047,12143.0,
,29878,164922,apf,raxb.235,2457871.862755,-0.00,1.234785,11578.0,
,29879,164922,apf,raxc.232,2457872.809239,2.78,1.242267,9897.0,
,29880,164922,apf,raxc.266,2457872.936652,3.24,0.940541,14084.0,
,29881,164922,apf,raxe.227,2457875.818335,3.28,1.113788,12662.0,
,29882,164922,apf,raxe.261,2457875.952832,5.76,1.154855,13670.0,
,29883,164922,apf,raxf.248,2457877.975788,0.92,0.970306,19529.0,
,29884,164922,apf,raxh.225,2457881.817051,-0.91,1.26519,10404.0,
,29885,164922,apf,raxh.258,2457881.942392,-1.43,1.089937,13403.0,
,29886,164922,apf,raxi.240,2457882.980354,-1.06,0.958846,15550.0,
,29887,164922,apf,raxm.233,2457891.818273,-1.43,1.071011,13038.0,
,29888,164922,apf,raxq.250,2457897.993337,-5.61,1.014681,18151.0,
,29889,164922,apf,raxs.257,2457902.004572,-4.36,1.123842,14227.0,
,29890,164922,apf,raxt.249,2457903.85933,0.02,1.121111,12977.0,
,29891,164922,apf,raxt.290,2457903.993245,-5.93,1.043151,15011.0,
,29892,164922,apf,raxw.232,2457909.849376,5.54,1.177429,13636.0,
,29893,164922,apf,raxx.228,2457911.830972,2.95,1.039835,16414.0,
,29894,164922,apf,rayc.240,2457917.875472,1.63,1.040127,14784.0,
,29895,164922,apf,rayd.184,2457918.842831,0.66,1.099444,15027.0,
,29896,164922,apf,rayf.202,2457921.798708,5.28,1.18411,15243.0,
,29897,164922,apf,rayi.233,2457927.792438,1.41,1.174473,14532.0,
,29898,164922,apf,rayj.230,2457930.827003,5.78,1.029939,14888.0,
,29899,164922,apf,rayk.230,2457931.84032,-0.85,0.957,18588.0,
,29900,164922,apf,rayl.231,2457933.826245,0.82,1.028477,16308.0,
,29901,164922,apf,raym.227,2457937.811034,-3.36,1.02758,17067.0,
,29902,164922,apf,rayo.228,2457941.767046,-5.55,1.09884,14535.0,
,29903,164922,apf,rayq.121,2457945.972503,-2.59,1.092988,14673.0,
,29904,164922,apf,rays.193,2457950.748277,0.96,1.110016,15324.0,
,29905,164922,apf,razd.227,2457964.756982,-3.02,1.196639,12265.0,
,29906,164922,apf,razd.229,2457964.763336,1.62,1.235617,12317.0,
,29907,164922,apf,razd.231,2457964.769562,0.54,1.201126,12990.0,
,29908,164922,apf,razt.220,2457996.70928,-0.19,1.035302,14662.0,
,29909,164922,apf,rbad.307,2458012.699362,-5.93,1.113139,14442.0,
,29910,164922,apf,rbaj.211,2458025.741989,-3.00,1.208775,16036.0,
,29911,164922,apf,rbao.194,2458039.669616,-3.86,1.074763,12039.0,
,29912,164922,apf,rbar.220,2458042.711586,-3.52,1.19965,12458.0,
,29913,164922,apf,rbck.297,2458132.073766,-8.12,1.203066,10168.0,
,29914,164922,apf,rbdl.202,2458196.871869,-11.85,1.3018,8529.0,
,29915,164922,apf,rbdr.224,2458207.83299,-7.96,1.189514,10455.0,
,29916,164922,apf,rbds.216,2458210.826409,-4.89,1.396712,7027.0,
,29917,164922,apf,rbec.238,2458233.978227,-6.98,1.045129,19489.0,
,29918,164922,apf,rbef.227,2458240.889587,-10.39,1.147607,12867.0,
,29919,164922,apf,rbeg.209,2458241.84005,-7.59,1.0513,12449.0,
,29920,164922,apf,rbeg.230,2458241.952752,-10.04,1.043602,13866.0,
,29921,164922,apf,rbeh.239,2458245.012456,-6.07,1.084682,15624.0,
,29922,164922,apf,rbek.218,2458248.931588,-2.50,1.11366,13962.0,
,29923,164922,apf,rbel.278,2458250.903812,-8.06,1.176303,11349.0,
,29924,164922,apf,rbeo.225,2458256.91424,-0.51,1.056336,14847.0,
,29925,164922,apf,rbep.244,2458260.892384,-5.08,1.063106,13308.0,
,29926,164922,apf,rbeq.228,2458261.900819,-7.58,1.054594,18932.0,
,29927,164922,apf,rbet.225,2458267.903061,-13.99,1.092799,15678.0,
,29928,164922,apf,rbev.202,2458270.826986,-16.57,1.147886,10554.0,
,29929,164922,apf,rbew.211,2458273.917988,-15.33,1.104206,16442.0,
,29930,164922,apf,rbex.287,2458275.990699,-13.92,1.075697,23290.0,
,29931,164922,apf,rbez.231,2458280.889533,-13.89,1.134631,13844.0,
,29932,164922,apf,rbfa.190,2458283.848407,-8.21,1.088809,15986.0,
,29933,164922,apf,rbfd.219,2458288.828728,-8.23,1.03311,13795.0,
,29934,164922,apf,rbfe.229,2458289.823535,-9.33,1.049295,15266.0,
,29935,164922,apf,rbff.209,2458291.76973,-6.65,1.100931,11808.0,
,29936,164922,apf,rbfg.208,2458294.833916,-4.72,1.062722,14476.0,
,29937,164922,apf,rbfh.219,2458299.775788,-7.55,1.142728,11825.0,
,29938,164922,apf,rbfh.226,2458299.794735,-4.05,1.228651,11303.0,
,29939,164922,apf,rbfm.227,2458307.802241,-8.78,1.016231,17196.0,
,29940,164922,apf,rbfn.224,2458308.826194,-2.88,1.075542,13677.0,
,29941,164922,apf,rbfo.231,2458311.815397,-7.16,1.092437,16171.0,
,29942,164922,apf,rbfp.211,2458313.78172,-7.33,1.077107,18743.0,
,29943,164922,apf,rbfq.223,2458314.788433,-5.80,1.133898,14734.0,
,29944,164922,apf,rbfr.217,2458318.751562,-8.94,1.127976,13460.0,
,29945,164922,apf,rbft.166,2458320.761447,-3.90,1.183398,16437.0,
,29946,164922,apf,rbfu.231,2458321.784275,-4.27,1.057316,17101.0,
,29947,164922,apf,rbfv.191,2458323.731344,-7.05,1.110604,14600.0,
,29948,164922,apf,rbfx.181,2458327.736487,-5.25,1.170923,9650.0,
,29949,164922,apf,rbgj.190,2458348.708407,-12.27,0.954665,13978.0,
,29950,164922,apf,rbgm.187,2458356.721966,-10.37,1.08372,12906.0,
,29951,164922,apf,rbgn.207,2458357.681229,-4.37,1.102768,13148.0,
,29952,164922,apf,rbgp.214,2458359.721078,-8.21,1.193928,12547.0,
,29953,164922,apf,rbgs.207,2458369.66539,-4.52,1.002878,13695.0,
,29954,164922,apf,rbgt.213,2458372.698604,1.32,1.150427,11993.0,
,29955,164922,apf,rbgx.219,2458378.747135,-7.18,1.142197,13228.0,
,29956,164922,apf,rbgz.197,2458381.722675,1.14,1.092324,13766.0,
,29957,164922,apf,rbha.203,2458385.697838,-2.62,0.934025,22448.0,
,29958,164922,apf,rbhb.201,2458387.671056,-1.53,1.220759,11522.0,
,29959,164922,apf,rbhc.203,2458389.701366,-7.09,1.144002,14546.0,
,29960,164922,apf,rbhh.182,2458390.664152,-2.63,1.240515,9342.0,
,29961,164922,apf,rbhj.193,2458398.659041,-8.64,1.130427,12291.0,
,29962,164922,apf,rbhk.203,2458399.659059,-0.84,1.07251,12811.0,
,29963,164922,apf,rbhm.199,2458405.691977,-6.96,1.205507,10621.0,
,29964,164922,apf,rbhn.203,2458410.648188,-4.06,1.027949,13611.0,
,29965,164922,apf,rbhr.202,2458418.674705,-5.95,1.075807,18378.0,
,29966,164922,apf,rbhs.208,2458419.676735,-2.88,1.03471,19771.0,
,29967,164922,apf,rbhw.212,2458428.659489,-4.73,1.254834,10404.0,
,29968,164922,apf,rbjf.261,2458509.037931,5.96,1.286677,8776.0,
,29969,164922,apf,rbkh.210,2458556.978182,0.80,1.303989,6685.0,
,29970,164922,apf,rbkx.209,2458586.815543,0.64,1.665762,4304.0,
,29971,164922,apf,rbkx.210,2458586.818008,5.23,1.729001,4079.0,
,29972,164922,apf,rbkx.211,2458586.820439,-0.51,1.959857,3213.0,
,29973,164922,apf,rbky.207,2458587.821563,5.46,1.535357,5020.0,
,29974,164922,apf,rbky.207,2458587.821563,5.46,1.535357,5020.0,
,29975,164922,apf,rbky.208,2458587.824017,0.25,1.602606,4563.0,
,29976,164922,apf,rbky.208,2458587.824017,0.25,1.602606,4563.0,
,29977,164922,apf,rbky.209,2458587.826425,4.84,1.83638,4322.0,
,29978,164922,apf,rbky.209,2458587.826425,4.84,1.83638,4322.0,
,29979,164922,apf,rbld.237,2458601.892776,-5.78,1.528511,4450.0,
,29980,164922,apf,rbld.237,2458601.892776,-5.78,1.528511,4450.0,
,29981,164922,apf,rbld.238,2458601.894536,-5.10,1.527539,4247.0,
,29982,164922,apf,rbld.238,2458601.894536,-5.10,1.527539,4247.0,
,29983,164922,apf,rbld.239,2458601.896272,-5.52,1.746774,4026.0,
,29984,164922,apf,rbld.239,2458601.896272,-5.52,1.746774,4026.0,
,29985,164922,apf,rble.244,2458605.930352,-1.12,1.945874,3885.0,
,29986,164922,apf,rble.244,2458605.930352,-1.12,1.945874,3885.0,
,29987,164922,apf,rble.245,2458605.932112,1.23,1.763453,3913.0,
,29988,164922,apf,rble.245,2458605.932112,1.23,1.763453,3913.0,
,29989,164922,apf,rble.246,2458605.933929,2.79,1.701674,4089.0,
,29990,164922,apf,rble.246,2458605.933929,2.79,1.701674,4089.0,
,29991,164922,apf,rblg.238,2458607.953483,4.05,1.276006,7236.0,
,29992,164922,apf,rblg.239,2458607.956446,4.54,1.367502,7559.0,
,29993,164922,apf,rblg.240,2458607.960011,2.50,1.357328,7622.0,
,29994,164922,apf,rblh.243,2458611.910007,6.23,1.57872,3755.0,
,29995,164922,apf,rblh.244,2458611.911767,2.07,1.648872,3828.0,
,29996,164922,apf,rblh.245,2458611.913584,-2.22,1.708432,3821.0,
,29997,164922,apf,rblj.232,2458617.886289,2.90,0.924826,23303.0,
,29998,164922,apf,rblj.233,2458617.892863,-0.15,0.928471,22235.0,
,29999,164922,apf,rblj.234,2458617.898905,-0.92,1.064386,20908.0,
,30000,164922,apf,rbll.221,2458621.904022,8.82,1.354901,8226.0,
,30001,164922,apf,rbll.222,2458621.911036,8.67,1.429143,7285.0,
,30002,164922,apf,rbll.223,2458621.917958,7.04,1.303264,8551.0,
,30003,164922,apf,rblz.202,2458648.790812,-5.54,2.039988,3041.0,
,30004,164922,apf,rblz.203,2458648.792814,-4.54,1.967842,3324.0,
,30005,164922,apf,rbma.232,2458649.846434,-1.53,1.787663,3754.0,
,30006,164922,apf,rbma.233,2458649.84824,-5.37,1.819512,3473.0,
,30007,164922,apf,rbma.234,2458649.850069,-2.21,1.676664,3514.0,
,30008,164922,apf,rbmc.203,2458651.800198,-5.11,1.702224,3734.0,
,30009,164922,apf,rbmc.204,2458651.802085,-7.76,1.764697,4389.0,
,30010,164922,apf,rbmc.205,2458651.803983,-1.57,1.67259,4074.0,
,30011,164922,apf,rbmd.215,2458655.856476,-7.16,1.67494,4133.0,
,30012,164922,apf,rbmd.216,2458655.858282,0.97,1.583476,4502.0,
,30013,164922,apf,rbmd.217,2458655.860064,0.21,1.641908,4466.0,
,30014,164922,apf,rbmh.206,2458660.822491,4.82,1.862109,3651.0,
,30015,164922,apf,rbmh.207,2458660.824354,-0.35,1.865773,3394.0,
,30016,164922,apf,rbmh.208,2458660.826229,-7.74,2.020242,3412.0,
,30017,164922,apf,rbmj.207,2458665.813085,0.45,1.620585,4603.0,
,30018,164922,apf,rbmj.208,2458665.81481,6.78,1.719954,3930.0,
,30019,164922,apf,rbmj.209,2458665.816499,3.63,1.544594,3999.0,
,30020,164922,apf,rbmk.227,2458667.88869,6.28,1.695767,4121.0,
,30021,164922,apf,rbmk.228,2458667.890484,3.61,1.885181,3650.0,
,30022,164922,apf,rbmk.229,2458667.892278,5.57,1.56064,5250.0,
,30023,164922,apf,rbml.189,2458669.804025,5.06,1.633118,4362.0,
,30024,164922,apf,rbml.190,2458669.805843,-4.51,1.497169,4159.0,
,30025,164922,apf,rbml.191,2458669.807718,8.08,1.619901,4710.0,
,30026,164922,apf,rbmo.207,2458676.777035,7.97,1.216274,7771.0,
,30027,164922,apf,rbmo.208,2458676.779708,2.25,1.243269,8096.0,
,30028,164922,apf,rbmo.209,2458676.782636,5.75,1.259869,8188.0,
,30029,164922,apf,rbmp.134,2458677.892,1.99,1.095937,14134.0,
,30030,164922,apf,rbmp.135,2458677.895102,-0.23,1.391002,6554.0,
,30031,164922,apf,rbmp.136,2458677.898863,4.55,1.112058,18504.0,
,30032,164922,apf,rbmr.259,2458681.764572,4.81,1.953259,3049.0,
,30033,164922,apf,rbmr.261,2458681.768588,12.59,1.726143,3308.0,
,30034,164922,apf,rbms.220,2458682.779257,7.32,1.682704,3850.0,
,30035,164922,apf,rbms.221,2458682.781247,8.90,1.851397,3928.0,
,30036,164922,apf,rbms.222,2458682.783099,7.31,2.015904,3071.0,
,30037,164922,apf,rbmt.199,2458686.742155,1.47,1.827389,3807.0,
,30038,164922,apf,rbmt.200,2458686.743972,2.53,1.840261,3673.0,
,30039,164922,apf,rbmt.201,2458686.745835,6.07,1.904166,3700.0,
,30040,164922,apf,rbmu.212,2458688.754026,6.52,1.4163,5881.0,
,30041,164922,apf,rbmu.213,2458688.755901,4.40,1.614876,4869.0,
,30042,164922,apf,rbmu.214,2458688.757706,6.94,1.564424,4689.0,
,30043,164922,apf,rbmv.280,2458690.939984,0.45,1.838662,4504.0,
,30044,164922,apf,rbmv.281,2458690.942299,7.50,1.841778,4552.0,
,30045,164922,apf,rbmv.282,2458690.944498,10.04,1.974234,3641.0,
,30046,164922,apf,rbmx.254,2458695.923496,9.44,1.683942,3831.0,
,30047,164922,apf,rbmx.255,2458695.925649,-1.60,1.797629,4395.0,
,30048,164922,apf,rbmx.256,2458695.92779,8.79,1.707513,3866.0,