,51514,210277,k,rk5.130,2450277.038449,-13.92,1.889716,41368.0,
,51515,210277,k,rk5.131,2450277.041794,-14.44,1.295164,113798.0,
,51516,210277,k,rk7.150,2450366.792639,12.88,1.138215,202596.0,
,51517,210277,k,rk8.43,2450418.759074,11.47,1.766542,24879.0,
,51518,210277,k,rk9.162,2450462.706169,22.43,1.116465,81143.0,
,51519,210277,k,rk12.275,2450605.093981,-41.13,1.010857,158393.0,
,51520,210277,k,rk13.34,2450665.987558,-20.21,1.271561,147358.0,
,51521,210277,k,rk14.56,2450688.94566,-11.62,1.084439,203081.0,
,51522,210277,k,rk14.125,2450689.983264,-11.35,1.230946,202119.0,
,51523,210277,k,rk15.32,2450713.879201,-7.34,1.055115,137030.0,
,51524,210277,k,rk15.101,2450714.972812,-5.00,1.099218,132540.0,
,51525,210277,k,rk15.182,2450715.928611,-2.90,0.971197,140179.0,
,51526,210277,k,rk16.14,2450783.708912,-7.05,3.280369,5419.0,
,51527,210277,k,rk16.15,2450783.712917,4.46,1.065133,93236.0,
,51528,210277,k,rk16.75,2450784.720475,10.89,1.123612,93783.0,
,51529,210277,k,rk16.141,2450785.699491,8.14,1.066608,106274.0,
,51530,210277,k,rk17.16,2450805.71456,7.52,1.017988,140263.0,
,51531,210277,k,rk17.149,2450806.701667,13.09,1.261856,52987.0,
,51532,210277,k,rk17.150,2450806.704618,13.55,1.044401,162317.0,
,51533,210277,k,rk20.194,2450956.087708,7.27,1.082232,169864.0,
,51534,210277,k,rk21.114,2450983.051088,-27.77,1.167988,150247.0,
,51535,210277,k,rk21.223,2450984.087824,-27.56,1.421181,98379.0,
,51536,210277,k,rk22.65,2451010.026111,-54.20,1.148395,130996.0,
,51537,210277,k,rk22.125,2451011.10147,-55.90,1.131017,302157.0,
,51538,210277,k,rk22.191,2451011.96919,-54.14,1.134141,154372.0,
,51539,210277,k,rk22.347,2451013.08162,-56.41,1.092458,142886.0,
,51540,210277,k,rk22.477,2451014.085891,-53.81,1.19196,166122.0,
,51541,210277,k,rk23.18,2451043.005718,-44.93,1.146565,117676.0,
,51542,210277,k,rk23.79,2451043.994167,-45.44,1.215908,182119.0,
,51543,210277,k,rk24.63,2451050.915266,-43.95,1.068183,97637.0,
,51544,210277,k,rk24.64,2451050.917176,-47.09,1.196997,104311.0,
,51545,210277,k,rk24.194,2451051.983889,-44.67,0.973947,180164.0,
,51546,210277,k,rk25.53,2451068.867049,-35.13,1.107267,135422.0,
,51547,210277,k,rk25.195,2451069.974803,-39.45,1.151428,134377.0,
,51548,210277,k,rk25.322,2451070.956574,-30.66,1.142721,176373.0,
,51549,210277,k,rk25.436,2451071.87059,-33.21,1.172744,107234.0,
,51550,210277,k,rk25.588,2451072.930671,-36.11,1.135356,101318.0,
,51551,210277,k,rk26.834,2451074.871632,-29.86,1.071584,88595.0,
,51552,210277,k,rk27.16,2451170.688495,-2.62,1.080794,126236.0,
,51553,210277,k,rk27.311,2451172.689444,-5.30,1.244296,189639.0,
,51554,210277,k,rk27.456,2451173.686782,-7.33,1.136475,118336.0,
,51555,210277,k,rk30.83,2451311.103102,17.36,0.979365,114401.0,
,51556,210277,k,rk30.169,2451312.093808,18.96,0.984123,120725.0,
,51557,210277,k,rk30.277,2451313.113056,21.05,1.098018,115341.0,
,51558,210277,k,rk30.385,2451314.132662,17.93,1.119879,183554.0,
,51559,210277,k,rk31.94,2451341.105961,16.54,1.088251,177113.0,
,51560,210277,k,rk31.167,2451342.066238,20.99,1.081489,168443.0,
,51561,210277,k,rk32.68,2451367.956725,22.60,1.329862,71377.0,
,51562,210277,k,rk33.107,2451410.017894,-5.96,1.094484,217789.0,
,51563,210277,k,rk35.41,2451438.810451,-48.48,1.278076,74773.0,
,51564,210277,k,rk35.366,2451441.929028,-48.45,1.083591,102283.0,
,51565,210277,k,rk43.55,2451754.986088,23.97,1.044245,108706.0,
,51566,210277,k,rk53.213,2452063.114734,3.76,1.511063,88249.0,
,51567,210277,k,rk54.100,2452095.076713,5.00,1.358137,99925.0,
,51568,210277,k,rk54.1102,2452101.031701,7.08,1.35346,78039.0,
,51569,210277,k,rk55.79,2452128.015775,10.87,1.31566,85444.0,
,51570,210277,k,rk56.157,2452161.849965,5.17,1.433272,85714.0,
,51571,210277,k,rk57.19,2452187.956725,21.42,1.443536,84419.0,
,51572,210277,k,rk59.235,2452236.704271,21.04,1.237684,108652.0,
,51573,210277,k,rk65.74,2452486.963935,-2.64,1.26499,89575.0,
,51574,210277,k,rk66.52,2452514.850579,-0.42,1.267191,100141.0,
,51575,210277,k,rk67.45,2452535.785208,4.86,1.317641,89177.0,
,51576,210277,k,rk68.41,2452572.792813,7.41,1.312724,97747.0,
,51577,210277,k,rk75.88,2452829.02147,-37.56,1.398329,106814.0,
,51578,210277,k,rk76.65,2452848.971447,-27.88,1.393534,99446.0,
,51579,210277,k,rk77.218,2452856.008866,-27.55,1.268781,96789.0,
,51580,210277,k,rk78.66,2452897.857604,-18.52,1.336537,106598.0,
,51581,210277,k,rk79.124,2452924.726644,-2.81,1.209536,107341.0,
,51582,210277,k,rk79.129,2452924.743576,-5.83,1.196018,108403.0,
,51583,210277,k,rk88.280,2453196.935475,-27.72,1.533438,88838.0,
,51584,210277,j,rj01.394,2453238.858368,-50.66,1.330758,0.152,114547.0,
,51585,210277,j,rj02.158,2453301.842778,-24.84,1.59537,0.153,100448.0,
,51586,210277,j,rj08.2058,2453552.12044,11.49,1.207649,0.151,97891.0,
,51587,210277,j,rj08.2059,2453552.121609,12.17,1.138108,0.152,97051.0,
,51588,210277,j,rj08.2060,2453552.122755,13.94,1.267833,0.152,95908.0,
,51589,210277,j,rj11.595,2453603.949595,16.73,1.241806,0.152,101136.0,
,51590,210277,j,rj11.596,2453603.950868,16.12,1.450954,0.153,99736.0,
,51591,210277,j,rj11.597,2453603.95206,17.09,1.377274,0.152,101308.0,
,51592,210277,j,rj19.595,2453927.008553,16.25,1.384449,0.152,93079.0,
,51593,210277,j,rj19.596,2453927.009757,19.53,1.325166,0.152,91591.0,
,51594,210277,j,rj19.597,2453927.010926,19.66,1.298023,0.152,91245.0,
,51595,210277,j,rj21.460,2453960.942975,23.52,1.329578,0.154,93891.0,
,51596,210277,j,rj21.461,2453960.944016,18.87,1.254121,0.154,93880.0,
,51597,210277,j,rj21.462,2453960.945069,18.87,1.243597,0.153,92639.0,
,51598,210277,j,rj21.899,2453962.036111,22.38,1.226824,0.154,90950.0,
,51599,210277,j,rj21.900,2453962.037257,21.13,1.281108,0.154,91972.0,
,51600,210277,j,rj21.901,2453962.03838,21.06,1.348318,0.154,91408.0,
,51601,210277,j,rj21.1567,2453964.034711,23.23,1.351973,0.153,93963.0,
,51602,210277,j,rj21.1568,2453964.036088,17.02,1.351738,0.154,93767.0,
,51603,210277,j,rj21.1569,2453964.037465,15.13,1.354304,0.154,93941.0,
,51604,210277,j,rj26.135,2454083.743542,-16.12,1.426338,0.164,71075.0,
,51605,210277,j,rj26.136,2454083.74544,-20.65,1.333361,0.151,70648.0,
,51606,210277,j,rj32.230,2454247.098275,-6.68,1.41416,0.152,70783.0,
,51607,210277,j,rj32.590,2454248.101053,-3.15,1.34472,0.152,70901.0,
,51608,210277,j,rj32.2218,2454252.12434,-7.86,1.296518,0.152,71782.0,
,51609,210277,j,rj33.270,2454256.126389,-10.54,1.390317,0.153,55021.0,
,51610,210277,j,rj33.271,2454256.127222,-5.69,1.31694,0.153,55880.0,
,51611,210277,j,rj35.504,2454279.081331,2.03,1.353686,0.152,71358.0,
,51612,210277,j,rj35.891,2454280.103623,1.40,1.384188,0.152,70702.0,
,51613,210277,j,rj36.182,2454286.087998,1.74,1.384154,0.152,72686.0,
,51614,210277,j,rj38.247,2454295.075799,1.14,1.333543,0.151,71400.0,
,51615,210277,j,rj41.200,2454305.001366,0.28,1.365463,0.152,71608.0,
,51616,210277,j,rj41.201,2454305.002338,4.14,1.340899,0.153,70875.0,
,51617,210277,j,rj41.207,2454305.020544,4.82,1.336091,0.152,71578.0,
,51618,210277,j,rj41.208,2454305.021539,3.73,1.375111,0.153,71499.0,
,51619,210277,j,rj41.593,2454305.9825,-0.72,1.22163,0.153,71324.0,
,51620,210277,j,rj41.594,2454305.983449,-1.25,1.263421,0.152,72263.0,
,51621,210277,j,rj41.637,2454306.101065,-0.96,1.259652,0.153,72477.0,
,51622,210277,j,rj41.638,2454306.102002,-0.09,1.19171,0.152,71497.0,
,51623,210277,j,rj41.987,2454306.98728,11.70,1.310552,0.152,71988.0,
,51624,210277,j,rj41.988,2454306.988275,4.45,1.30167,0.153,71346.0,
,51625,210277,j,rj41.1025,2454307.085046,4.51,1.31245,0.152,72041.0,
,51626,210277,j,rj41.1026,2454307.08603,0.59,1.340684,0.152,73252.0,
,51627,210277,j,rj41.1409,2454308.010312,5.83,1.359424,0.152,72052.0,
,51628,210277,j,rj41.1410,2454308.01147,5.31,1.304218,0.153,73074.0,
,51629,210277,j,rj41.1787,2454308.97566,9.67,1.33455,0.153,72567.0,
,51630,210277,j,rj41.1788,2454308.977211,6.91,1.263958,0.152,72369.0,
,51631,210277,j,rj41.1833,2454309.137743,6.32,1.316863,0.152,70627.0,
,51632,210277,j,rj41.2190,2454309.976956,-0.70,1.257926,0.152,69956.0,
,51633,210277,j,rj41.2191,2454309.977882,1.81,1.201149,0.151,72517.0,
,51634,210277,j,rj41.2588,2454310.967373,1.88,1.197109,0.153,73061.0,
,51635,210277,j,rj41.2589,2454310.96838,-2.45,1.217094,0.152,72755.0,
,51636,210277,j,rj41.2661,2454311.139144,10.03,1.339428,0.152,72177.0,
,51637,210277,j,rj41.2662,2454311.140301,4.96,1.355546,0.152,72374.0,
,51638,210277,j,rj41.2991,2454311.965625,5.93,1.241623,0.152,71540.0,
,51639,210277,j,rj41.2992,2454311.966748,9.06,1.261441,0.152,72610.0,
,51640,210277,j,rj41.3056,2454312.140833,9.76,1.424476,0.152,71674.0,
,51641,210277,j,rj41.3392,2454312.961678,2.39,1.281522,0.152,74298.0,
,51642,210277,j,rj41.3393,2454312.962685,9.32,1.309078,0.154,73169.0,
,51643,210277,j,rj41.3455,2454313.135602,12.81,1.506783,0.153,71460.0,
,51644,210277,j,rj41.3456,2454313.136678,10.82,1.493117,0.152,72496.0,
,51645,210277,j,rj41.3790,2454313.958009,5.08,1.234811,0.153,71946.0,
,51646,210277,j,rj41.3791,2454313.95897,2.71,1.180755,0.153,71089.0,
,51647,210277,j,rj41.3866,2454314.138391,15.35,1.449443,0.151,72311.0,
,51648,210277,j,rj41.3867,2454314.140556,16.96,1.404612,0.151,72424.0,
,51649,210277,j,rj41.4192,2454314.9914,8.34,1.302582,0.152,73373.0,
,51650,210277,j,rj41.4193,2454314.992975,8.73,1.281058,0.153,71799.0,
,51651,210277,j,rj41.4242,2454315.137801,9.60,1.240508,0.153,70773.0,
,51652,210277,j,rj43.200,2454335.999618,18.85,1.49261,0.153,70662.0,
,51653,210277,j,rj43.201,2454336.000625,17.26,1.284127,0.152,70776.0,
,51654,210277,j,rj43.2183,2454337.077384,15.00,1.55907,0.153,74273.0,
,51655,210277,j,rj55.567,2454636.064421,-22.32,1.413534,0.152,47177.0,
,51656,210277,j,rj56.1382,2454673.110648,-11.69,1.322988,0.151,72334.0,
,51657,210277,j,rj801.204,2454703.114241,4.18,1.356586,0.1512,73652.0,
,51658,210277,j,rj59.1612,2454722.876007,2.56,1.487934,0.153,44521.0,
,51659,210277,j,rj70.1464,2454989.066435,-52.58,1.328822,0.151,46304.0,
,51660,210277,j,rj72.506,2455016.081243,-59.61,1.301643,0.152,43371.0,
,51661,210277,j,rj72.1084,2455019.077619,-46.41,1.49881,0.152,46525.0,
,51662,210277,j,rj73.81,2455027.013555,-41.40,1.463856,0.151,46010.0,
,51663,210277,j,rj74.318,2455042.975563,-36.33,1.455321,0.152,48087.0,
,51664,210277,j,rj74.718,2455045.082541,-30.05,1.446413,0.152,46505.0,
,51665,210277,j,rj75.142,2455048.992128,-31.18,1.596224,0.151,46181.0,
,51666,210277,j,rj76.529,2455076.074899,-25.45,1.458654,0.152,46841.0,
,51667,210277,j,rj76.725,2455077.079873,-24.26,1.595836,0.152,46624.0,
,51668,210277,j,rj76.1712,2455082.076602,-25.64,1.542149,0.152,47453.0,
,51669,210277,j,rj76.1914,2455083.065617,-20.36,1.395516,0.151,47403.0,
,51670,210277,j,rj76.2098,2455084.036378,-20.17,1.433097,0.151,47104.0,
,51671,210277,j,rj76.2301,2455085.00627,-18.60,1.435587,0.152,47162.0,
,51672,210277,j,rj78.729,2455135.879546,-4.29,1.495146,0.153,46459.0,
,51673,210277,j,rj80.785,2455172.780224,-0.85,1.411646,0.153,47382.0,
,51674,210277,j,rj81.293,2455188.690339,10.18,1.43331,0.153,46753.0,
,51675,210277,j,rj93.1923,2455381.093239,1.41,1.37719,0.152,48288.0,
,51676,210277,j,rj95.1113,2455404.917136,-11.56,1.481065,0.152,48239.0,
,51677,210277,j,rj97.145,2455426.034435,-44.02,1.344055,0.153,47785.0,
,51678,210277,j,rj97.319,2455427.007824,-45.15,1.374548,0.151,46491.0,
,51679,210277,j,rj105.95,2455500.87052,-26.41,1.46904,0.135,45652.0,
,51680,210277,j,rj108.75,2455528.792044,-15.77,1.566214,0.153,48340.0,
,51681,210277,j,rj120.1144,2455708.082801,23.15,1.367592,0.151,47068.0,
,51682,210277,j,rj122.70,2455726.054517,22.28,1.316284,0.148,45162.0,
,51683,210277,j,rj126.307,2455753.062421,27.63,1.522957,0.152,48475.0,
,51684,210277,j,rj130.1689,2455794.868435,25.72,1.513451,0.153,47519.0,
,51685,210277,j,rj133.580,2455843.773577,-6.86,1.349063,0.151,47367.0,
,51686,210277,j,rj138.790,2455904.742086,-50.62,1.513922,0.151,47829.0,
,51687,210277,j,rj153.718,2456113.135887,7.81,1.481973,0.149,46400.0,
,51688,210277,j,rj179.728,2456525.109891,8.65,1.475254,0.151,49335.0,
,51689,210277,j,rj185.574,2456638.691986,21.82,1.443519,0.1519,48142.0,
,51690,210277,j,rj190.81,2456860.989849,-14.62,1.429492,0.1517,49176.0,
,51691,210277,j,rj209.274,2457254.867317,-43.29,1.458264,0.1507,48828.0,
,51692,210277,j,rj220.68,2457384.684566,-3.93,1.484608,0.1519,54485.0,
,51693,210277,j,rj233.1728,2457588.143557,16.91,1.444385,0.1504,49239.0,
,51694,210277,j,rj246.62,2457711.678051,-35.08,1.5668,0.1511,48438.0,
,51695,210277,j,rj256.87,2457907.133392,17.74,1.366528,0.1517,48630.0,
,51696,210277,j,rj256.492,2457910.130358,14.11,1.303495,0.1498,49334.0,
,51697,210277,j,rj257.85,2457912.024716,17.55,1.325279,0.1532,49426.0,
,51698,210277,j,rj258.94,2457924.119882,15.04,1.432461,0.1515,47578.0,
,51699,210277,j,rj278.471,2458113.69586,-53.56,1.383924,0.152,46168.0,
,51700,210277,j,rj292.291,2458292.131463,10.67,1.30777,0.1433,47159.0,
,51701,210277,j,rj306.97,2458395.964452,22.60,1.475214,0.152,49974.0,
,51702,210277,j,rj306.291,2458396.868422,20.78,1.621874,0.1532,49377.0,
,51703,210277,j,rj316.76,2458490.7218,13.88,1.603114,0.1548,50704.0,
,51704,210277,j,rj335.369,2458662.124403,-11.87,1.428893,0.1448,48429.0,
,51705,210277,j,rj359.80,2458852.686962,25.12,1.485168,0.1511,46093.0,
,51706,210277,apf,raew.212,2456838.849689,-16.34,2.442303,18268.0,
,51707,210277,apf,raew.213,2456838.860894,-15.08,2.627172,17430.0,
,51708,210277,apf,rafd.229,2456852.993003,-6.25,2.282878,30939.0,
,51709,210277,apf,rafs.240,2456885.013354,-3.86,2.251106,20788.0,
,51710,210277,apf,raft.226,2456886.852997,4.55,2.195625,12904.0,
,51711,210277,apf,rafz.220,2456895.815153,4.18,2.069961,22668.0,
,51712,210277,apf,ragb.187,2456898.822265,7.10,1.958026,33150.0,
,51713,210277,apf,ragg.225,2456906.82313,7.32,1.969786,26945.0,
,51714,210277,apf,ragl.212,2456917.803039,11.68,1.963147,32915.0,
,51715,210277,apf,ragr.169,2456933.808794,18.87,2.028075,23361.0,
,51716,210277,apf,raiz.301,2457146.011166,27.70,2.934311,6392.0,
,51717,210277,apf,raiz.302,2457146.012914,27.90,2.973462,6175.0,
,51718,210277,apf,raiz.303,2457146.014673,31.05,2.676949,6316.0,
,51719,210277,apf,raja.284,2457149.01052,26.72,3.744458,3551.0,
,51720,210277,apf,raja.285,2457149.012893,27.36,3.790883,4034.0,
,51721,210277,apf,raji.249,2457165.932965,9.38,3.825325,4293.0,
,51722,210277,apf,raji.250,2457165.935292,11.57,3.441888,4940.0,
,51723,210277,apf,raji.251,2457165.937723,11.45,4.043299,4200.0,
,51724,210277,apf,rajn.269,2457178.918323,2.49,3.873916,3840.0,
,51725,210277,apf,rajn.270,2457178.920592,-1.60,3.731376,4168.0,
,51726,210277,apf,rajn.271,2457178.922803,-5.15,3.454213,4762.0,
,51727,210277,apf,rajo.244,2457179.938837,-2.17,3.163985,4738.0,
,51728,210277,apf,rajo.245,2457179.940828,-11.55,3.789007,4981.0,
,51729,210277,apf,rajo.246,2457179.942807,-1.68,3.417448,4879.0,
,51730,210277,apf,rajp.268,2457181.919789,-4.69,3.768466,5065.0,
,51731,210277,apf,rajp.269,2457181.921953,-3.13,3.738095,5431.0,
,51732,210277,apf,rajp.270,2457181.924152,-2.22,3.801925,5047.0,
,51733,210277,apf,rajr.213,2457185.91015,-24.99,4.364082,3539.0,
,51734,210277,apf,rajr.214,2457185.912476,-16.37,3.846474,3705.0,
,51735,210277,apf,rajr.215,2457185.914768,-8.52,3.980058,3595.0,
,51736,210277,apf,rajs.241,2457187.89936,-19.00,2.915325,5059.0,
,51737,210277,apf,rajs.242,2457187.901154,-20.82,3.05828,5509.0,
,51738,210277,apf,rajs.243,2457187.902902,-15.99,2.901436,5487.0,
,51739,210277,apf,rajt.270,2457188.93332,-20.77,3.191301,5877.0,
,51740,210277,apf,rajt.271,2457188.93501,-16.69,3.002868,5677.0,
,51741,210277,apf,rajt.272,2457188.936711,-13.02,3.113278,6046.0,
,51742,210277,apf,raju.276,2457189.916962,-13.27,3.338147,4512.0,
,51743,210277,apf,raju.277,2457189.91893,-19.98,3.228112,5254.0,
,51744,210277,apf,raju.278,2457189.920851,-14.57,3.269442,5141.0,
,51745,210277,apf,rajv.286,2457191.950986,-22.04,2.419209,10768.0,
,51746,210277,apf,rajv.287,2457191.952896,-20.72,2.286636,10814.0,
,51747,210277,apf,rajv.288,2457191.954887,-22.50,2.466408,10870.0,
,51748,210277,apf,rajx.257,2457195.890809,-30.54,2.93929,6155.0,
,51749,210277,apf,rajx.258,2457195.892348,-27.31,2.992264,6316.0,
,51750,210277,apf,rajx.259,2457195.893865,-26.90,2.854102,6155.0,
,51751,210277,apf,rajy.258,2457196.904819,-30.19,2.785679,6295.0,
,51752,210277,apf,rajy.259,2457196.906393,-29.48,3.074847,6069.0,
,51753,210277,apf,rajy.260,2457196.907979,-35.08,3.321936,6175.0,
,51754,210277,apf,raka.242,2457202.960826,-35.59,2.163431,15441.0,
,51755,210277,apf,raka.247,2457202.976961,-32.57,3.01571,5660.0,
,51756,210277,apf,raka.248,2457202.978779,-29.91,3.210244,5248.0,
,51757,210277,apf,raka.249,2457202.980619,-30.26,3.225522,5479.0,
,51758,210277,apf,rakb.285,2457204.980707,-43.24,2.847929,7685.0,
,51759,210277,apf,rakb.286,2457204.983334,-33.82,3.188561,6946.0,
,51760,210277,apf,rakb.287,2457204.985788,-37.46,2.931838,6870.0,
,51761,210277,apf,rakc.202,2457206.968081,-39.84,4.525263,3012.0,
,51762,210277,apf,rakd.277,2457207.973735,-35.31,2.602095,11276.0,
,51763,210277,apf,rakd.278,2457207.975818,-40.78,2.648308,11509.0,
,51764,210277,apf,rakd.279,2457207.977948,-34.36,2.385436,11379.0,
,51765,210277,apf,rake.298,2457208.974653,-33.42,3.16431,5839.0,
,51766,210277,apf,rake.299,2457208.976355,-39.81,3.347169,5980.0,
,51767,210277,apf,rake.300,2457208.978091,-36.03,2.931353,5873.0,
,51768,210277,apf,rakf.269,2457211.975065,-40.45,3.128389,6116.0,
,51769,210277,apf,rakf.270,2457211.976674,-31.61,3.247999,6361.0,
,51770,210277,apf,rakf.271,2457211.978271,-43.01,3.129995,6273.0,
,51771,210277,apf,raki.196,2457217.939095,-39.39,3.032592,6563.0,
,51772,210277,apf,raki.197,2457217.940739,-34.34,3.044876,6547.0,
,51773,210277,apf,raki.198,2457217.942359,-33.74,2.856756,6765.0,
,51774,210277,apf,rakj.292,2457218.959483,-33.44,2.947454,6188.0,
,51775,210277,apf,rakj.293,2457218.961068,-41.92,2.913871,6322.0,
,51776,210277,apf,rakj.294,2457218.962689,-36.87,2.905932,6105.0,
,51777,210277,apf,rakk.250,2457220.851344,-36.24,3.288337,5397.0,
,51778,210277,apf,rakk.251,2457220.853092,-39.56,3.109147,5501.0,
,51779,210277,apf,rakk.252,2457220.854863,-45.16,3.222224,5375.0,
,51780,210277,apf,rakl.294,2457221.944139,-38.41,3.061017,5827.0,
,51781,210277,apf,rakl.295,2457221.945876,-37.10,3.008684,6117.0,
,51782,210277,apf,rakl.296,2457221.947485,-39.61,2.9352,6539.0,
,51783,210277,apf,rako.199,2457226.894523,-31.86,2.899737,6666.0,
,51784,210277,apf,rako.200,2457226.89604,-33.57,2.97021,6959.0,
,51785,210277,apf,rako.201,2457226.897556,-29.50,3.054343,6793.0,
,51786,210277,apf,rakp.266,2457227.889874,-33.99,2.952344,6261.0,
,51787,210277,apf,rakp.267,2457227.891471,-34.65,2.957914,6166.0,
,51788,210277,apf,rakp.268,2457227.893069,-37.57,2.993054,6362.0,
,51789,210277,apf,rakq.296,2457229.927414,-29.96,2.843999,6684.0,
,51790,210277,apf,rakq.297,2457229.928919,-31.43,2.905156,6571.0,
,51791,210277,apf,rakq.298,2457229.930481,-34.12,2.872368,6644.0,
,51792,210277,apf,rakr.276,2457232.908437,-32.07,3.034082,5936.0,
,51793,210277,apf,rakr.277,2457232.910092,-26.48,3.025481,5811.0,
,51794,210277,apf,rakr.278,2457232.911805,-28.18,3.032777,5664.0,
,51795,210277,apf,raku.284,2457238.90034,-30.43,3.1256,6749.0,
,51796,210277,apf,raku.285,2457238.90181,-30.87,2.845613,6765.0,
,51797,210277,apf,raku.286,2457238.903268,-36.43,2.784284,6809.0,
,51798,210277,apf,rakx.243,2457245.785668,-29.69,2.642437,14212.0,
,51799,210277,apf,raky.271,2457247.878546,-27.96,2.503814,11057.0,
,51800,210277,apf,raky.272,2457247.880711,-25.76,2.712217,11108.0,
,51801,210277,apf,raky.273,2457247.882991,-24.29,2.615658,11377.0,
,51802,210277,apf,rakz.254,2457249.863719,-31.32,3.279442,5689.0,
,51803,210277,apf,rakz.255,2457249.865467,-26.88,3.055791,5915.0,
,51804,210277,apf,rakz.256,2457249.867087,-32.27,3.005441,6310.0,
,51805,210277,apf,rala.184,2457252.853375,-25.17,2.906811,6128.0,
,51806,210277,apf,rala.185,2457252.855054,-29.65,3.095382,6062.0,
,51807,210277,apf,rala.186,2457252.856709,-26.88,2.873639,6311.0,
,51808,210277,apf,ralc.194,2457256.820881,-17.31,3.067573,6351.0,
,51809,210277,apf,ralc.195,2457256.822455,-28.85,3.28733,5991.0,
,51810,210277,apf,ralc.196,2457256.824064,-22.42,3.218384,6136.0,
,51811,210277,apf,rald.265,2457258.827309,-21.67,2.774659,6698.0,
,51812,210277,apf,rald.266,2457258.829033,-20.62,3.12267,6388.0,
,51813,210277,apf,rald.267,2457258.830758,-16.58,3.192431,6130.0,
,51814,210277,apf,rale.267,2457260.818117,-19.62,2.965523,6609.0,
,51815,210277,apf,rale.268,2457260.819621,-23.83,3.672403,4398.0,
,51816,210277,apf,rale.269,2457260.821149,-20.83,2.724516,6375.0,
,51817,210277,apf,ralf.230,2457262.821082,-19.97,3.160761,5834.0,
,51818,210277,apf,ralf.231,2457262.822795,-17.96,3.159965,5889.0,
,51819,210277,apf,ralf.232,2457262.824485,-21.02,3.165,6088.0,
,51820,210277,apf,ralh.242,2457267.809468,-19.19,3.21288,6082.0,
,51821,210277,apf,ralh.243,2457267.811088,-24.99,3.086704,6048.0,
,51822,210277,apf,ralh.244,2457267.812767,-14.70,3.066416,5889.0,
,51823,210277,apf,rali.256,2457269.826461,-18.21,3.023671,6173.0,
,51824,210277,apf,rali.257,2457269.828602,-20.48,2.861442,6878.0,
,51825,210277,apf,rali.258,2457269.833452,-18.87,3.914428,3787.0,
,51826,210277,apf,ralm.189,2457277.775157,-11.30,2.458142,12340.0,
,51827,210277,apf,ralo.200,2457281.757417,-13.71,2.792788,8843.0,
,51828,210277,apf,ralp.230,2457283.790938,-13.94,3.364432,5335.0,
,51829,210277,apf,ralp.231,2457283.792836,-6.42,3.195413,5333.0,
,51830,210277,apf,ralp.232,2457283.794711,-12.83,3.221037,5280.0,
,51831,210277,apf,ralq.228,2457286.747942,-10.91,3.417465,5753.0,
,51832,210277,apf,ralq.229,2457286.74962,-5.39,2.835112,5970.0,
,51833,210277,apf,ralq.230,2457286.751252,-6.30,3.357762,6009.0,
,51834,210277,apf,ralr.200,2457290.812782,-6.09,3.164218,5644.0,
,51835,210277,apf,ralr.201,2457290.814518,-7.68,3.145176,5999.0,
,51836,210277,apf,ralr.202,2457290.816184,-4.15,3.359065,5977.0,
,51837,210277,apf,rals.213,2457292.737808,-1.28,2.630264,10676.0,
,51838,210277,apf,rals.214,2457292.73988,-0.96,2.574563,10697.0,
,51839,210277,apf,rals.215,2457292.741975,-1.78,2.604514,10767.0,
,51840,210277,apf,ralx.215,2457305.746612,4.34,2.113606,16645.0,
,51841,210277,apf,raly.222,2457308.738824,2.26,2.319116,17792.0,
,51842,210277,apf,ralz.198,2457311.728017,-1.14,2.522239,14448.0,
,51843,210277,apf,rama.204,2457312.731388,-1.27,2.306998,16416.0,
,51844,210277,apf,rami.231,2457332.688797,4.15,2.204207,15640.0,
,51845,210277,apf,ramo.202,2457344.685597,6.79,2.469979,12338.0,
,51846,210277,apf,ramz.212,2457364.700037,16.05,2.30221,19686.0,
,51847,210277,apf,raph.279,2457497.027175,32.26,2.094983,15824.0,
,51848,210277,apf,rapi.256,2457499.008902,34.93,3.961464,3426.0,
,51849,210277,apf,rapi.257,2457499.01264,45.87,4.061954,3441.0,
,51850,210277,apf,rapn.263,2457510.007115,36.54,2.614169,10680.0,
,51851,210277,apf,raps.244,2457524.986769,39.01,2.41648,10986.0,
,51852,210277,apf,rapy.203,2457536.938446,38.30,2.503082,12678.0,
,51853,210277,apf,raqa.240,2457539.950301,38.23,2.43677,12967.0,
,51854,210277,apf,raqb.215,2457541.931928,38.55,2.187922,14752.0,
,51855,210277,apf,raqd.231,2457545.944476,36.89,2.215035,14079.0,
,51856,210277,apf,raqf.219,2457549.893562,38.53,2.525408,10977.0,
,51857,210277,apf,raqh.208,2457554.861761,35.70,2.91116,8455.0,
,51858,210277,apf,raqi.208,2457556.902267,34.04,2.418589,16505.0,
,51859,210277,apf,raqk.219,2457558.904075,36.20,2.324595,15292.0,
,51860,210277,apf,raql.223,2457560.920373,34.61,2.542112,14448.0,
,51861,210277,apf,raqm.239,2457563.88898,37.81,2.383889,12741.0,
,51862,210277,apf,raqn.234,2457564.999119,31.33,2.21796,14208.0,
,51863,210277,apf,raqo.249,2457566.999617,36.27,2.112343,15483.0,
,51864,210277,apf,raqp.245,2457568.00339,33.42,2.247181,14738.0,
,51865,210277,apf,raqt.250,2457573.993803,39.61,2.393257,14498.0,
,51866,210277,apf,raqu.251,2457575.964409,36.97,2.354937,13863.0,
,51867,210277,apf,raqv.265,2457577.005721,34.30,2.158261,15620.0,
,51868,210277,apf,raqy.263,2457581.954433,34.16,2.084252,16710.0,
,51869,210277,apf,raqz.139,2457582.955261,35.61,2.156287,14855.0,
,51870,210277,apf,rara.250,2457584.95704,34.50,2.303284,13657.0,
,51871,210277,apf,rarb.260,2457586.943396,30.65,2.114036,16789.0,
,51872,210277,apf,rarc.256,2457587.938001,29.49,2.416683,15491.0,
,51873,210277,apf,rard.261,2457588.956565,30.86,2.252341,16201.0,
,51874,210277,apf,rare.257,2457591.938043,32.83,2.22609,17617.0,
,51875,210277,apf,rarf.224,2457593.929704,25.25,2.305219,15576.0,
,51876,210277,apf,rarl.240,2457603.920923,21.03,2.360913,14294.0,
,51877,210277,apf,rarm.241,2457605.89264,20.84,1.999733,23990.0,
,51878,210277,apf,rarn.249,2457607.891112,19.90,2.351037,13652.0,
,51879,210277,apf,raro.252,2457608.879147,16.92,2.456143,14622.0,
,51880,210277,apf,rarr.191,2457613.859578,15.28,2.473495,9429.0,
,51881,210277,apf,rart.242,2457614.880636,9.93,2.34295,14704.0,
,51882,210277,apf,raru.323,2457616.856914,6.58,2.224821,15312.0,
,51883,210277,apf,rarw.224,2457618.851936,2.32,2.315428,15392.0,
,51884,210277,apf,rarz.315,2457625.859691,-7.08,2.418857,15192.0,
,51885,210277,apf,rasb.225,2457628.833195,-10.71,2.239476,19429.0,
,51886,210277,apf,rase.232,2457632.829367,-19.47,2.39475,13127.0,
,51887,210277,apf,rasf.207,2457633.785221,-24.76,2.652298,13277.0,
,51888,210277,apf,rasg.206,2457635.805823,-21.97,2.874942,8947.0,
,51889,210277,apf,rash.213,2457637.799277,-25.64,2.358314,12254.0,
,51890,210277,apf,rask.225,2457641.804499,-24.78,2.624444,12607.0,
,51891,210277,apf,rasl.208,2457643.803153,-32.81,2.276952,19541.0,
,51892,210277,apf,rasn.210,2457647.772678,-34.42,2.327368,15881.0,
,51893,210277,apf,raso.204,2457648.77081,-31.31,2.596672,11102.0,
,51894,210277,apf,rasp.214,2457649.748652,-29.94,2.43085,14025.0,
,51895,210277,apf,rasq.208,2457668.734825,-33.35,2.45068,15395.0,
,51896,210277,apf,rasr.211,2457669.715406,-37.72,2.297656,14911.0,
,51897,210277,apf,rass.239,2457670.689261,-33.51,2.22617,16388.0,
,51898,210277,apf,rast.208,2457674.72039,-38.87,2.228834,16411.0,
,51899,210277,apf,rasu.184,2457675.718844,-42.07,2.798495,11314.0,
,51900,210277,apf,rasz.209,2457682.751636,-30.02,2.286734,16334.0,
,51901,210277,apf,rata.195,2457684.759383,-25.74,2.346666,17468.0,
,51902,210277,apf,raxb.261,2457871.986679,24.38,2.898413,7666.0,
,51903,210277,apf,raxi.245,2457883.009762,29.98,2.451242,12952.0,
,51904,210277,apf,rayr.260,2457948.962321,38.88,2.410011,15897.0,
,51905,210277,apf,rays.220,2457950.897161,37.60,2.345096,15192.0,
,51906,210277,apf,rayw.181,2457956.909313,37.04,2.369073,12808.0,
,51907,210277,apf,raze.240,2457966.967477,38.29,2.301457,16922.0,
,51908,210277,apf,razh.242,2457972.89592,35.07,2.238945,28635.0,
,51909,210277,apf,razq.235,2457991.75984,40.54,2.284034,14032.0,
,51910,210277,apf,razr.231,2457992.757069,40.05,2.473893,14742.0,
,51911,210277,apf,razs.230,2457995.822092,41.20,2.735352,12608.0,
,51912,210277,apf,razt.232,2457996.834291,37.22,2.290081,16944.0,
,51913,210277,apf,razz.201,2458007.766596,40.97,4.483108,3143.0,
,51914,210277,apf,rbaa.223,2458009.823499,38.24,2.466344,14436.0,
,51915,210277,apf,rbab.221,2458010.739544,38.52,2.301316,15072.0,
,51916,210277,apf,rbab.242,2458010.837781,38.94,2.245349,17346.0,
,51917,210277,apf,rbac.221,2458011.750376,37.42,2.582162,13450.0,
,51918,210277,apf,rbad.309,2458012.714646,37.93,2.188127,14979.0,
,51919,210277,apf,rbad.319,2458012.782016,40.69,2.110458,18733.0,
,51920,210277,apf,rbag.204,2458021.763928,39.62,2.223407,15072.0,
,51921,210277,apf,rbah.211,2458022.770207,34.82,2.118581,16208.0,
,51922,210277,apf,rbai.214,2458024.756765,37.34,2.116134,29546.0,
,51923,210277,apf,rbaj.223,2458025.854585,35.58,2.121541,16651.0,
,51924,210277,apf,rbal.218,2458031.781165,30.88,2.464792,14488.0,
,51925,210277,apf,rbao.195,2458039.681767,28.64,2.374345,13339.0,
,51926,210277,apf,rbaq.216,2458041.68563,23.40,2.259948,14833.0,
,51927,210277,apf,rbar.228,2458042.76322,26.06,2.277432,15322.0,
,51928,210277,apf,rbav.205,2458051.671276,18.19,2.172062,15790.0,
,51929,210277,apf,rbbs.218,2458094.658239,-31.81,2.326694,15224.0,
,51930,210277,apf,rbel.308,2458251.010106,13.80,2.532762,10051.0,
,51931,210277,apf,rbeq.255,2458262.002682,16.93,2.188672,40077.0,
,51932,210277,apf,rbfw.338,2458326.835209,31.00,2.364572,11730.0,
,51933,210277,apf,rbga.227,2458332.888288,24.06,2.08682,16333.0,
,51934,210277,apf,rbgh.227,2458342.878057,26.79,2.601591,14733.0,
,51935,210277,apf,rbgj.213,2458348.811642,24.61,2.374819,15407.0,
,51936,210277,apf,rbgp.231,2458359.784986,35.49,2.438816,14099.0,
,51937,210277,apf,rbgr.227,2458368.794324,31.22,2.314766,15524.0,
,51938,210277,apf,rbgs.228,2458369.743248,35.92,2.42451,14680.0,
,51939,210277,apf,rbgt.223,2458372.754729,38.44,2.575756,12391.0,
,51940,210277,apf,rbgw.212,2458376.75932,38.40,2.031592,27029.0,
,51941,210277,apf,rbgx.224,2458378.770414,35.36,2.03519,24935.0,
,51942,210277,apf,rbgy.229,2458379.755791,36.67,2.081517,15933.0,
,51943,210277,apf,rbgz.199,2458381.734944,35.79,2.380304,14637.0,
,51944,210277,apf,rbha.206,2458385.715661,34.36,2.239339,25764.0,
,51945,210277,apf,rbhc.218,2458389.770795,43.77,2.353807,14637.0,
,51946,210277,apf,rbhh.197,2458390.760242,38.00,2.531787,11356.0,
,51947,210277,apf,rbhj.208,2458398.710267,35.69,2.643777,12327.0,
,51948,210277,apf,rbhl.219,2458400.767463,37.04,2.503641,15588.0,
,51949,210277,apf,rbhm.205,2458405.75527,39.10,2.249755,14277.0,
,51950,210277,apf,rbhp.204,2458414.74349,39.51,2.267348,14684.0,
,51951,210277,apf,rbhr.225,2458418.780466,37.57,2.569814,15106.0,
,51952,210277,apf,rbmk.264,2458667.978161,3.94,2.475637,9119.0,
,51953,210277,apf,rbmo.246,2458676.892505,9.10,2.739211,12147.0,
,51954,210277,apf,rbmp.161,2458677.956787,2.72,2.371271,12517.0,
,51955,210277,apf,rbmr.311,2458681.949046,8.13,2.447624,12279.0,
,51956,210277,apf,rbmt.285,2458686.996629,7.81,2.483489,12664.0,
,51957,210277,apf,rbmv.291,2458690.966686,13.77,2.545331,12464.0,
,51958,210277,apf,rbmx.267,2458695.957536,12.06,2.325501,12404.0,
,51959,210277,lick,rb65.15,2450793.585938,21.33,2.814721,22537.0,
,51960,210277,lick,rb97.135,2451446.707031,-40.54,3.235274,22754.0,
,51961,210277,lick,rd49.44,2452075.988281,1.70,2.435214,35374.0,
,51962,210277,lick,rd49.80,2452076.948242,-2.11,3.10899,13762.0,
,51963,210277,lick,rd59.23,2452157.751953,10.69,3.520036,17654.0,