5250.122138,172.1,13.9,
7327.282286,375.8,11.7,
8932.016082,297.0,18.9
5842.239861,-135.9,10.4,
7704.032537,419.6,12.1,
8933.033641,331.2,26.2
5933.110447,-269.3,13.1,
7757.119503,90.8,10.8,
8942.963325,198.6,15.7
5962.989966,-192.3,12.3,
7758.088199,34.1,13.8,
8945.014470,201.6,17.1
6259.132566,-256.3,10.0,
7813.013370,-62.4,11.5,
8969.961480,178.8,19.5
6287.044466,-293.7,18.5,
7855.011677,-81.4,22.9,
9149.317839,-168.9,12.2
6288.161790,-166.4,9.5,
7855.986123,-155.7,15.2,
9150.041118,-190.8,21.3
6347.047078,-101.5,12.9,
8015.212962,48.9,11.8,
9151.008641,-184.4,11.1
6551.243387,133.2,11.9,
8092.145036,174.8,13.6,
9161.097381,-177.0,12.6
6578.277410,-13.3,14.4,
8109.225577,90.8,12.8,
9161.108724,-148.6,12.8
6617.007990,-98.8,9.5,
8516.945624,88.1,12.0,
9161.097381,-177.0,12.6
6714.072126,-109.5,17.3,
8561.987563,-13.2,15.0,
9161.108724,-148.6,12.8
6739.961457,-120.5,10.6,
8830.238542,-78.7,17.6,
9162.194690,-141.3,13.0
6808.255282,-147.6,20.5,
8849.167430,121.2,41.3,
9217.071292,-132.7,15.4
6922.137214,106.6,11.8,
8852.045193,49.0,14.2,
9218.071261,-167.9,15.0
6965.371019,234.8,12.4,
8862.029439,117.6,13.6,
9298.983663,30.0,15.2
7094.012094,-227.1,12.9,
8863.129164,161.4,16.5,,,
7298.026234,410.2,10.7,
8893.969101,201.4,16.5,,,