2453747.575694,-25.86,5.99,67.43,18.27
2454342.946962,-414.81,7.76,79.03,20.63
2454443.681389,320.76,6.23,72.93,19.24
2454658.950532,-342.45,9.33,23.85,35.21
2455072.807951,-158.79,9.75,144.67,11.45
2455077.796435,-311.32,6.28,75.36,11.89
2455106.720556,-273.87,6.54,67.99,12.25
2455179.534306,-488.58,6.10,30.22,14.37
2455483.837199,6.40,6.33,79.23,15.13
2455513.741308,-180.02,5.87,26.91,16.29
2455762.902917,350.44,7.07,23.70,22.83
2455796.830660,279.09,6.87,68.37,15.65
2455821.906296,168.59,7.07,91.88,21.23
2455850.831181,156.20,5.16,121.96,13.70
2455882.597899,74.40,5.52,45.03,14.47
2455910.652147,-153.54,10.28,39.68,42.27
2455916.658819,-182.66,5.98,79.49,16.06
2456121.948206,-218.47,6.75,66.14,14.04
2456147.864815,9.10,6.12,75.62,11.69
2456172.954363,170.80,6.66,8.82,16.76
2456202.726285,208.31,6.06,81.47,15.59
2456231.634751,136.16,5.29,117.31,14.07
2456258.711968,122.91,6.30,113.09,18.08
2456285.641852,174.83,5.87,96.21,15.51
2456314.572708,54.92,6.28,145.80,18.11
2456262.357503,-67038.55,0.94,209.20
2456277.467716,-67025.63,1.31,195.75
2456294.439304,-67076.55,0.79,216.56
2456321.387544,-67189.82,0.83,242.55
2456560.680562,-67150.42,1.05,155.16
2456647.450312,-66884.74,1.08,252.03
2456927.561058,-67603.04,1.26,176.64
2456970.334628,-67480.96,0.91,162.39
2456992.493091,-67457.37,1.44,190.77
2457196.727447,-67167.02,1.34,170.63