4093.18674,11.36,4.59,HIDES-S,
4144.11514,-19.66,4.69,HIDES-S,
4172.01541,-18.29,3.85,HIDES-S,
4467.12999,-4.46,4.31,HIDES-S,
4553.97104,-31.25,4.14,HIDES-S,
4755.29094,32.92,3.46,HIDES-S,
4796.25711,36.33,4.17,HIDES-S,
4818.17076,19.49,3.87,HIDES-S,
4823.11554,14.96,4.17,HIDES-S,
4834.16358,12.38,4.36,HIDES-S,
4856.08725,-6.42,3.92,HIDES-S,
4863.09739,-6.67,4.41,HIDES-S,
4864.03798,-11.43,3.60,HIDES-S,
4883.04016,-7.18,4.55,HIDES-S,
4923.93523,-17.64,3.73,HIDES-S,
5108.31507,40.77,4.18,HIDES-S,
5131.32409,47.90,3.57,HIDES-S,
5161.34584,39.99,4.64,HIDES-S,
5182.16055,11.19,4.10,HIDES-S,
5204.11564,-7.29,4.29,HIDES-S,
5232.99361,-43.84,3.62,HIDES-S,
5267.01163,-60.09,3.57,HIDES-S,
5294.93562,-62.39,3.54,HIDES-S,
5471.29879,24.76,3.61,HIDES-S,
5502.23739,33.89,4.15,HIDES-S,
5525.22640,33.98,4.85,HIDES-S,
5545.21850,18.86,3.73,HIDES-S,
5581.04001,-12.92,3.75,HIDES-S,
5611.01311,-8.59,4.13,HIDES-S,
5625.02350,-13.62,3.49,HIDES-S,
5656.93188,-10.50,3.74,HIDES-S,
5854.27845,33.84,3.69,HIDES-S,
5877.25348,18.63,5.42,HIDES-S,
5882.29779,12.23,3.83,HIDES-S,
5922.13357,-12.73,3.88,HIDES-S,
5938.09758,-34.44,3.79,HIDES-S,
5976.03887,-49.42,4.57,HIDES-S,
6010.93116,-64.77,5.74,HIDES-S,
6032.96687,-55.43,4.48,HIDES-S,
6215.30762,27.47,4.04,HIDES-S,
6235.27265,41.83,3.68,HIDES-S,
6249.30138,27.36,4.69,HIDES-S,
6284.08997,-0.00,4.69,HIDES-S,
6552.29701,42.87,5.53,HIDES-S,
6577.28414,4.35,4.84,HIDES-S,
6578.28739,14.21,4.48,HIDES-S,
6578.30265,14.55,4.27,HIDES-S,
6579.25810,12.00,5.63,HIDES-S,
6618.19944,4.11,3.91,HIDES-S,
6753.98409,-63.39,4.45,HIDES-S,
6609.21551,21.82,4.04,HIDES-F,
6616.27916,33.33,3.44,HIDES-F,
6664.09442,-1.41,4.02,HIDES-F,
6672.05938,-16.16,3.85,HIDES-F,
6697.15561,-9.17,4.70,HIDES-F,
6713.98988,-17.94,4.87,HIDES-F,
6727.00570,-12.14,3.47,HIDES-F,
4046.34259,53.99,27.92,CES-O,
4133.12441,53.23,21.39,CES-O,
4398.37834,101.38,17.20,CES-O,
4459.23135,117.08,30.81,CES-O,
4459.24962,32.80,27.00,CES-O,
5172.26505,96.73,19.05,CES-N,
5172.28626,76.60,15.71,CES-N,
5172.30759,51.67,14.37,CES-N,
5173.27944,45.82,15.67,CES-N,
5173.30065,56.52,16.41,CES-N,
5173.32198,65.67,17.79,CES-N,
5173.34310,65.70,14.76,CES-N,
5226.05844,-45.55,24.43,CES-N,
5226.10875,-20.17,22.59,CES-N,
5227.08807,-26.57,11.76,CES-N,
5227.10979,-46.69,13.18,CES-N,
5227.13103,-12.38,14.99,CES-N,
5281.99890,-14.95,13.80,CES-N,
5282.00964,-22.57,15.56,CES-N,
5282.02035,-61.02,17.25,CES-N,
5282.98558,-45.16,16.54,CES-N,
5283.00671,-59.43,16.13,CES-N,
5283.02782,-52.03,15.03,CES-N,
5283.98000,-51.62,13.79,CES-N,
5284.00528,-29.21,20.65,CES-N,
5284.02646,-48.95,20.95,CES-N,
5284.04756,-6.26,21.05,CES-N,
5520.33128,39.59,17.73,CES-N,
5520.35299,21.56,16.20,CES-N,
5552.23941,34.69,14.87,CES-N,
5552.26341,24.93,21.94,CES-N,
5878.34042,43.36,13.50,HRS,
5878.36563,33.75,13.50,HRS,
5878.38866,-0.73,16.05,HRS,
5878.41177,42.81,16.18,HRS,
5879.29416,4.27,19.96,HRS,
5905.20117,23.16,11.56,HRS,
5905.22422,14.68,12.04,HRS,
5905.24720,36.90,14.27,HRS,
5905.27024,48.98,15.64,HRS,
5907.26067,1.38,8.18,HRS,
5907.28402,-8.44,9.30,HRS,
5907.30698,8.20,10.15,HRS,
5907.32995,7.82,9.57,HRS,
5936.13872,-29.36,10.11,HRS,
5936.16225,-35.52,10.34,HRS,
5936.18572,-32.01,10.67,HRS,
5936.20863,-22.04,11.92,HRS,
5959.11008,-30.57,22.97,HRS,
5959.13303,-43.36,20.46,HRS,
5959.15600,-43.22,18.84,HRS,
5959.17896,-62.76,24.07,HRS,
5960.09450,-49.14,13.67,HRS,
5960.11747,-39.46,15.51,HRS,
5966.04907,-39.47,19.32,HRS,
5966.07211,-31.79,20.95,HRS,
5966.09510,-79.17,17.80,HRS,
5966.11809,-67.76,17.67,HRS,
5997.97169,-66.24,10.18,HRS,
5997.99495,-52.05,11.16,HRS,
5998.01824,-47.66,11.05,HRS,
5998.04152,-60.49,10.68,HRS,
6199.33390,51.35,6.54,HRS,
6199.35708,45.59,7.80,HRS,
6232.33343,54.89,5.89,HRS,
6232.35667,61.48,6.12,HRS,
6287.18192,30.60,9.50,HRS,
6287.20515,35.52,10.34,HRS,
6287.22838,32.06,9.39,HRS,
6287.25312,47.44,11.03,HRS,
6318.08350,31.16,11.25,HRS,
6318.10670,13.27,11.99,HRS,
6318.13045,21.01,12.00,HRS,
6318.15375,25.07,11.17,HRS,
6344.02830,11.76,8.52,HRS,
6344.05152,23.29,9.47,HRS,
6344.07471,22.34,9.87,HRS,
6583.31389,22.42,10.63,HRS,
6583.33707,35.39,11.03,HRS,
6583.36032,20.96,11.67,HRS,
6611.28853,18.21,7.27,HRS,
6611.31171,20.81,8.39,HRS,
6611.33507,7.72,8.55,HRS,
6645.18797,-18.03,12.37,HRS,
6645.21133,9.17,12.68,HRS,
6645.23463,-12.05,15.41,HRS,
6645.25792,-22.92,16.31,HRS,
6701.05113,-50.92,11.31,HRS,
6701.07444,-55.62,15.95,HRS,
6728.98753,-39.22,16.13,HRS,
6729.01088,-50.79,19.71,HRS,
6374.88737,-4.3,1.2,
6375.91758,1.9,1.1,
6376.93270,0.0,1.1,
6377.98528,-2.0,1.2,
6399.91709,13.0,1.4,
6526.29116,70.0,1.4,
6529.31433,85.4,1.5,
6555.29760,63.2,1.5,
6556.21605,67.5,1.5,
6686.00004,-17.2,1.6,
6744.92245,-42.0,1.5,
6747.92675,-46.0,1.6,
6764.87970,-40.9,1.3,