2455268.8925184,-51.4,9.0,
2454367.5951401,225.90,0.69,
2453189.71323,-141.83,2.89
2455286.7126041,-133.4,12.0,
2454368.6185060,227.85,1.10,
2453190.70833,-143.62,2.73
2455286.7482435,-137.4,12.0,
2454578.8112608,82.73,0.61,
2453191.72040,-147.14,3.33
2455287.7447603,-130.4,12.0,
2454581.8703510,71.32,0.52,
2453254.50616,175.30,2.60
2455287.7803973,-136.4,12.0,
2455271.8920649,-18.52,0.63,
2453596.68926,130.45,3.10
2455288.7337184,-139.4,11.0,
2455649.8248173,-195.00,0.66,
2453810.90968,-5.00,2.56
2455288.7776633,-138.4,12.0,
2455786.5972307,-87.04,0.66,
2453872.81362,260.75,2.45
2455349.7906916,161.6,10.0,
2455993.8674482,-126.00,0.78,
2454189.87086,-80.09,3.62
2455350.8687367,177.6,10.0,
2455994.8361631,-98.02,0.83,
2454189.87898,-90.28,3.52
2455351.7067623,173.6,10.0,
2456063.7424430,53.14,1.25,
2454190.84022,-57.35,2.84
2455352.7571340,172.6,9.0,
2456064.7465191,50.37,0.66,
2454215.86050,242.59,2.52
2455353.6007870,135.6,10.0,
2456065.7448182,48.70,0.74,
2454216.78927,243.77,2.54
2455354.6329905,151.6,10.0,
2456183.5270912,188.65,0.85,
2454217.87254,250.94,2.76
2455354.7244421,136.6,11.0,
2456442.7630531,-86.65,0.69,
2454277.70250,67.40,2.74
2455355.6194464,135.6,11.0,
2456443.7800510,-86.90,1.29,
2454299.62096,0.00,2.64
2455355.7115550,148.6,11.0,
2456462.7983801,-163.39,0.91,
2454339.55738,-145.72,4.15
2455433.5945428,-58.4,11.0,
2456462.8102434,-164.91,1.02,
2454501.89596,-143.22,2.71
2455434.5939320,-68.4,10.0,
2456561.4986867,39.66,0.85,
2455018.68932,213.92,2.17
2455467.5419737,-152.4,11.0,
2456563.5280947,36.30,0.89,,,
2455468.5360292,-140.4,11.0,,,,,,
2455786.6672674,-128.5,10.0,,,,,,
2456034.8785575,94.5,9.0,,,,,,
2456037.8864541,86.5,9.0,,,,,,
2456160.5115180,-99.5,11.0,,,,,,
2456161.5235072,-68.5,12.0,,,,,,
2456164.5556060,60.5,13.0,,,,,,
2456381.7967325,47.5,10.0,,,,,,
2456463.6867223,-212.5,10.0,,,,,,
2456464.7194041,-226.5,10.0,,,,,,
2456734.8670344,-17.5,9.0,,,,,,
2456735.8301098,-20.5,9.0,,,,,,
2456823.8058978,153.5,11.0,,,,,,
2456825.8537984,178.5,11.0,,,,,,
2456882.6789128,44.5,11.0,,,,