,11411,12661,k,rk27.50,2451170.828218,-78.90,1.565467,62443.0,
,11412,12661,k,rk27.170,2451171.727708,-79.67,1.269279,70483.0,
,11413,12661,k,rk27.357,2451172.831331,-81.96,1.431337,75043.0,
,11414,12661,k,rk27.507,2451173.856875,-85.51,1.46719,90368.0,
,11415,12661,k,rk29.23,2451226.750949,-84.86,1.090834,114885.0,
,11416,12661,k,rk29.147,2451227.74485,-86.88,1.350798,146745.0,
,11417,12661,k,rk29.267,2451228.722581,-85.08,1.254875,179598.0,
,11418,12661,k,rk38.35,2451550.757488,83.69,1.153416,85009.0,
,11419,12661,k,rk38.172,2451551.783634,81.83,1.143905,99942.0,
,11420,12661,k,rk38.302,2451552.786898,84.87,1.540157,46763.0,
,11421,12661,k,rk39.26,2451580.732419,56.59,1.3365,66003.0,
,11422,12661,k,rk39.164,2451581.791273,56.78,1.455965,70420.0,
,11423,12661,k,rk39.268,2451582.705648,52.58,1.201193,109067.0,
,11424,12661,k,rk39.394,2451583.719294,55.88,1.151925,100686.0,
,11425,12661,k,rk39.586,2451585.715104,48.83,1.587594,48551.0,
,11426,12661,k,rk43.231,2451757.052812,-33.29,1.203472,107707.0,
,11427,12661,k,rk46.204,2451883.920313,37.55,1.449772,77100.0,
,11428,12661,k,rk47.206,2451898.972627,20.06,1.230854,101900.0,
,11429,12661,k,rk47.348,2451899.880185,23.09,1.220072,95175.0,
,11430,12661,k,rk47.557,2451900.858241,21.27,1.370501,100313.0,
,11431,12661,k,rk48.181,2451973.711771,-32.41,1.153511,105741.0,
,11432,12661,k,rk54.491,2452098.105162,86.71,1.383697,87194.0,
,11433,12661,k,rk54.701,2452099.121157,85.50,1.323958,87348.0,
,11434,12661,k,rk54.898,2452100.115023,83.95,1.354272,77407.0,
,11435,12661,k,rk55.292,2452129.088252,44.95,1.397677,85724.0,
,11436,12661,k,rk55.427,2452133.12213,45.56,1.771126,78827.0,
,11437,12661,k,rk55.570,2452134.005937,36.37,1.278718,83645.0,
,11438,12661,k,rk56.273,2452162.924398,6.61,1.352445,103773.0,
,11439,12661,k,rk57.146,2452189.124757,-4.43,1.468892,82041.0,
,11440,12661,k,rk58.136,2452219.035949,-33.66,1.430863,92377.0,
,11441,12661,k,rk59.29,2452235.725822,-44.51,1.534165,96536.0,
,11442,12661,k,rk59.262,2452236.821586,-43.71,1.319934,106946.0,
,11443,12661,k,rk59.457,2452238.772882,-46.15,1.230467,96299.0,
,11444,12661,k,rk59.549,2452242.846412,-50.95,1.407508,107769.0,
,11445,12661,k,rk60.50,2452307.747083,27.84,1.573994,82476.0,
,11446,12661,k,rk60.51,2452307.749468,26.94,1.746625,82445.0,
,11447,12661,k,rk61.228,2452334.790104,91.93,1.5271,88939.0,
,11448,12661,k,rk61.229,2452334.792847,88.28,1.46806,100715.0,
,11449,12661,k,rk66.115,2452515.136204,-80.92,1.351307,101428.0,
,11450,12661,k,rk66.273,2452515.945602,-79.79,1.36148,98775.0,
,11451,12661,k,rk67.95,2452535.940046,-77.61,1.429133,88423.0,
,11452,12661,k,rk67.289,2452536.949109,-80.98,1.483503,88428.0,
,11453,12661,k,rk67.483,2452537.99478,-75.17,1.742907,89661.0,
,11454,12661,k,rk68.57,2452572.882454,5.70,1.440698,108423.0,
,11455,12661,k,rk68.274,2452573.982894,8.72,1.400667,104471.0,
,11456,12661,k,rk68.456,2452574.895139,9.42,1.487019,98177.0,
,11457,12661,k,rk68.641,2452575.805278,18.44,1.414436,98106.0,
,11458,12661,k,rk68.662,2452575.909722,31.06,1.767551,98142.0,
,11459,12661,k,rk69.57,2452600.834965,56.07,1.545849,102522.0,
,11460,12661,k,rk69.284,2452601.930394,61.39,1.326593,114775.0,
,11461,12661,k,rk75.1066,2452836.111134,-4.53,1.422524,99386.0,
,11462,12661,k,rk76.90,2452849.068021,36.27,1.454666,109486.0,
,11463,12661,k,rk77.234,2452856.063519,46.31,1.382932,100411.0,
,11464,12661,k,rk78.87,2452897.928391,20.29,1.410432,106140.0,
,11465,12661,k,rk79.159,2452924.91353,-14.79,1.288511,104611.0,
,11466,12661,k,rk80.238,2452988.795301,-65.28,1.516411,111890.0,
,11467,12661,k,rk81.949,2453017.800266,-80.57,1.346494,111494.0,
,11468,12661,k,rk88.128,2453196.116563,2.49,1.580971,99691.0,
,11469,12661,j,rj01.715,2453239.95787,-29.89,0.876874,0.159,114451.0,
,11470,12661,j,rj20.928,2453933.072106,82.05,0.850384,0.158,89919.0,
,11471,12661,j,rj38.257,2454295.098877,-55.71,0.866848,0.158,70686.0,
,11472,12661,j,rj43.228,2454336.073194,-84.97,0.901323,0.158,70124.0,
,11473,12661,j,rj45.212,2454344.032882,-88.30,1.071081,0.159,71444.0,
,11474,12661,j,rj47.337,2454397.805081,-42.19,0.998408,0.159,71009.0,
,11475,12661,j,rj48.145,2454427.836516,45.94,1.055581,0.159,72750.0,
,11476,12661,j,rj50.235,2454492.755046,-9.58,1.108331,0.159,44202.0,
,11477,12661,j,rj52.110,2454544.7239,-49.01,1.094784,0.158,71574.0,
,11478,12661,j,rj59.152,2454717.98985,47.49,1.069377,0.158,45786.0,
,11479,12661,j,rj60.574,2454727.061644,39.37,1.142057,0.158,45879.0,
,11480,12661,j,rj63.88,2454805.765972,-32.32,1.216286,0.159,44875.0,
,11481,12661,j,rj63.1645,2454810.958426,-40.33,1.080157,0.158,44737.0,
,11482,12661,j,rj64.145,2454838.910642,-56.58,1.298247,0.158,45150.0,
,11483,12661,j,rj75.159,2455049.038228,3.91,1.147269,0.159,45394.0,
,11484,12661,j,rj80.631,2455171.97431,-17.34,1.304407,0.158,45962.0,
,11485,12661,j,rj82.383,2455197.732774,56.72,1.234817,0.158,47186.0,
,11486,12661,j,rj83.951,2455231.826499,107.38,1.172305,0.158,47057.0,
,11487,12661,j,rj95.928,2455404.11185,-27.55,0.973237,0.157,46787.0,
,11488,12661,j,rj100.733,2455466.974202,80.56,1.174138,0.153,46526.0,
,11489,12661,j,rj104.328,2455490.929438,109.16,1.03821,0.157,46725.0,
,11490,12661,j,rj106.579,2455523.014161,67.63,1.192279,0.159,46522.0,
,11491,12661,j,rj113.121,2455584.8696,-0.10,1.176005,0.159,46463.0,
,11492,12661,j,rj115.359,2455612.747073,-24.11,1.115402,0.159,46141.0,
,11493,12661,j,rj116.376,2455634.728331,-31.02,1.15164,0.158,47795.0,
,11494,12661,j,rj116.880,2455636.733691,-40.13,1.009692,0.159,46855.0,
,11495,12661,j,rj130.518,2455789.110657,41.36,0.94935,0.158,47557.0,
,11496,12661,j,rj133.421,2455843.002867,-22.71,1.112662,0.156,46571.0,
,11497,12661,j,rj136.98,2455871.012006,-46.85,1.244264,0.159,46643.0,
,11498,12661,j,rj138.821,2455904.830428,-72.53,1.160936,0.159,47280.0,
,11499,12661,j,rj143.109,2455960.836576,-62.34,1.230258,0.157,47468.0,
,11500,12661,j,rj147.39,2455999.715202,56.41,1.183464,0.159,46856.0,
,11501,12661,j,rj156.1024,2456149.034729,-75.81,1.034525,0.157,46031.0,
,11502,12661,j,rj158.528,2456174.121771,-90.25,1.210342,0.159,48131.0,
,11503,12661,j,rj165.29,2456318.713322,6.69,0.988735,0.158,47885.0,
,11504,12661,j,rj172.1132,2456477.098372,-66.28,1.199881,0.158,48114.0,
,11505,12661,j,rj178.142,2456519.078719,51.94,1.016864,0.157,48350.0,
,11506,12661,j,rj185.349,2456637.884617,-17.94,1.097809,0.1586,47733.0,
,11507,12661,j,rj185.1091,2456640.858686,-23.14,1.06036,0.1572,46540.0,
,11508,12661,j,rj192.543,2456882.146548,20.12,0.978915,0.1583,47329.0,
,11509,12661,j,rj207.94,2457243.115229,-40.08,1.086251,0.1585,47859.0,
,11510,12661,j,rj233.149,2457580.131975,72.42,1.00231,0.1577,47477.0,
,11511,12661,j,rj233.500,2457582.134067,69.72,1.027732,0.1563,46252.0,
,11512,12661,j,rj253.471,2457830.717176,38.02,1.389486,0.1579,23822.0,
,11513,12661,j,rj262.385,2457945.128873,-48.74,0.925551,0.1575,48253.0,
,11514,12661,j,rj299.111,2458345.0844,34.89,0.999294,0.1578,48645.0,
,11515,12661,j,rj300.282,2458351.051174,48.52,0.970776,0.1595,48591.0,
,11516,12661,j,rj305.395,2458386.972414,80.13,1.157511,0.1586,49275.0,
,11517,12661,j,rj316.386,2458491.76808,-22.33,0.99791,0.1582,48996.0,
,11518,12661,j,rj351.94,2458794.840204,-28.86,1.293379,0.1599,48344.0,
,11519,12661,apf,raan.154,2456539.889833,74.28,2.080059,28470.0,
,11520,12661,apf,raao.147,2456540.923073,65.99,1.928524,29689.0,
,11521,12661,apf,raaq.188,2456542.967479,70.33,1.979535,28153.0,
,11522,12661,apf,raar.125,2456547.872736,76.99,2.331426,34044.0,
,11523,12661,apf,raas.124,2456548.880793,64.95,2.154776,34720.0,
,11524,12661,apf,raat.174,2456562.78755,48.36,2.394262,10875.0,
,11525,12661,apf,raat.188,2456562.850342,50.30,2.334777,10853.0,
,11526,12661,apf,raat.199,2456562.910392,49.31,2.283561,11067.0,
,11527,12661,apf,raat.207,2456562.966864,48.03,2.381514,11639.0,
,11528,12661,apf,raat.215,2456563.010918,45.87,2.318708,10874.0,
,11529,12661,apf,raau.171,2456563.710734,47.72,2.579202,11199.0,
,11530,12661,apf,raau.189,2456563.795785,51.64,2.557903,10683.0,
,11531,12661,apf,raau.198,2456563.843993,55.09,2.460712,10790.0,
,11532,12661,apf,raau.210,2456563.906137,53.19,2.67504,10633.0,
,11533,12661,apf,raau.222,2456563.978143,50.56,2.554404,10644.0,
,11534,12661,apf,raax.185,2456570.842624,35.53,2.527283,10601.0,
,11535,12661,apf,raay.180,2456573.770387,28.89,2.600044,10478.0,
,11536,12661,apf,raay.197,2456573.843017,29.51,2.553035,10579.0,
,11537,12661,apf,raay.212,2456573.899999,28.90,2.461724,10639.0,
,11538,12661,apf,raaz.195,2456574.988833,29.06,2.510807,10965.0,
,11539,12661,apf,raba.231,2456577.938789,28.15,2.463082,11343.0,
,11540,12661,apf,raba.246,2456577.981869,34.30,2.269888,11209.0,
,11541,12661,apf,raba.260,2456578.049834,27.53,2.374784,11023.0,
,11542,12661,apf,rabc.226,2456581.924913,25.06,2.350731,11466.0,
,11543,12661,apf,rabc.249,2456582.019776,29.68,2.496777,11121.0,
,11544,12661,apf,rabd.264,2456582.9757,26.56,2.515837,11273.0,
,11545,12661,apf,rabd.290,2456583.042901,27.08,2.794945,10886.0,
,11546,12661,apf,rabe.214,2456583.890129,17.81,2.407054,11606.0,
,11547,12661,apf,rabe.233,2456583.967503,31.73,2.396932,11363.0,
,11548,12661,apf,rabe.247,2456584.019078,22.24,2.415105,11202.0,
,11549,12661,apf,rabf.233,2456588.832754,17.71,2.31168,11524.0,
,11550,12661,apf,rabf.253,2456588.892489,18.68,2.386866,11277.0,
,11551,12661,apf,rabf.277,2456588.950348,17.12,2.305202,11314.0,
,11552,12661,apf,rabf.298,2456589.023023,19.77,2.468312,11111.0,
,11553,12661,apf,rabg.231,2456589.919445,23.71,2.306271,11315.0,
,11554,12661,apf,rabg.258,2456589.997107,19.29,2.600349,11025.0,
,11555,12661,apf,rabh.173,2456590.875032,18.36,3.169345,5967.0,
,11556,12661,apf,rabh.195,2456590.965392,16.02,2.374052,11294.0,
,11557,12661,apf,rabi.190,2456591.834692,18.08,2.249824,11508.0,
,11558,12661,apf,rabi.214,2456591.913674,12.95,2.216567,11401.0,
,11559,12661,apf,rabl.159,2456606.780045,-1.94,2.496827,11984.0,
,11560,12661,apf,rabm.207,2456607.831298,0.53,2.400958,12203.0,
,11561,12661,apf,rabm.257,2456607.984594,0.77,2.507292,11365.0,
,11562,12661,apf,rabn.199,2456610.872178,-2.75,2.301615,11869.0,
,11563,12661,apf,rabs.197,2456622.838831,-8.36,2.43544,11396.0,
,11564,12661,apf,rabs.221,2456622.98085,-16.07,4.334181,3164.0,
,11565,12661,apf,rabv.183,2456626.745359,-12.05,2.60234,11746.0,
,11566,12661,apf,rabv.224,2456626.911057,-13.61,2.446672,11241.0,
,11567,12661,apf,race.204,2456648.910553,-26.03,3.415418,7384.0,
,11568,12661,apf,racg.220,2456663.844759,-37.66,2.812736,10142.0,
,11569,12661,apf,racl.195,2456674.727561,-41.18,2.377435,14883.0,
,11570,12661,apf,racm.174,2456675.687132,-45.79,2.320072,16476.0,
,11571,12661,apf,racm.193,2456675.768849,-45.16,2.347286,15995.0,
,11572,12661,apf,raff.222,2456856.969237,39.95,2.224244,15656.0,
,11573,12661,apf,raff.223,2456856.981125,39.61,2.358855,15336.0,
,11574,12661,apf,rafl.211,2456870.927346,25.54,2.278452,14393.0,
,11575,12661,apf,rafl.212,2456870.940924,25.06,2.284696,16158.0,
,11576,12661,apf,raft.251,2456886.981151,5.57,1.943504,18132.0,
,11577,12661,apf,raft.252,2456886.991974,10.76,2.104124,17538.0,
,11578,12661,apf,rafx.247,2456892.960776,7.26,2.130684,15148.0,
,11579,12661,apf,rafx.248,2456892.969492,2.51,2.07237,15411.0,
,11580,12661,apf,ragf.237,2456906.012297,-7.08,2.279832,16890.0,
,11581,12661,apf,ragf.238,2456906.024045,-8.92,2.129889,17117.0,
,11582,12661,apf,ragg.256,2456907.019296,-4.56,2.035514,17143.0,
,11583,12661,apf,ragg.257,2456907.029818,-1.36,2.182592,17178.0,
,11584,12661,apf,ragx.214,2456949.826474,-33.15,2.207573,16316.0,
,11585,12661,apf,ragx.215,2456949.838256,-34.57,2.230671,16314.0,
,11586,12661,apf,raho.194,2457026.683844,33.79,2.463012,15989.0,
,11587,12661,apf,raho.195,2457026.697384,28.00,2.403214,15906.0,
,11588,12661,apf,ramm.260,2457340.799947,77.68,1.847659,31730.0,
,11589,12661,apf,rarp.244,2457610.892875,42.01,1.928813,27809.0,
,11590,12661,apf,rasp.273,2457650.033848,-10.13,1.9851,26962.0,
,11591,12661,apf,rata.233,2457684.869135,-45.21,2.057958,22308.0,
,11592,12661,apf,ratc.221,2457687.794508,-45.86,2.181256,23906.0,
,11593,12661,apf,ratg.128,2457694.723378,-57.73,2.574763,13664.0,
,11594,12661,apf,rath.231,2457696.810204,-60.82,2.061771,18917.0,
,11595,12661,apf,rati.239,2457698.809662,-58.76,2.249373,14981.0,
,11596,12661,apf,ratk.208,2457700.795491,-59.15,2.126751,31097.0,
,11597,12661,apf,ratl.224,2457701.854004,-62.32,2.23842,27606.0,
,11598,12661,apf,ratm.248,2457702.819936,-63.06,2.05061,25194.0,
,11599,12661,apf,ratn.219,2457703.764998,-68.26,2.083715,29412.0,
,11600,12661,apf,rato.236,2457705.750706,-63.53,2.078702,21588.0,
,11601,12661,apf,ratp.235,2457707.726559,-64.24,1.945459,30014.0,
,11602,12661,apf,ratu.241,2457717.736601,-69.30,2.151798,17331.0,
,11603,12661,apf,ratx.234,2457722.744872,-77.53,2.288843,15810.0,
,11604,12661,apf,rauj.202,2457745.69693,-87.13,2.041536,22695.0,
,11605,12661,apf,raul.226,2457751.706976,-92.27,2.134228,16540.0,
,11606,12661,apf,raum.212,2457753.680914,-92.80,2.553958,12036.0,
,11607,12661,apf,rayf.245,2457921.985569,-31.23,2.316652,29091.0,
,11608,12661,apf,rayi.266,2457927.984047,-32.44,2.440516,15316.0,
,11609,12661,apf,rayj.260,2457930.986344,-36.77,2.048962,23972.0,
,11610,12661,apf,rayl.259,2457933.96029,-46.50,1.824477,26161.0,
,11611,12661,apf,raym.253,2457937.93633,-46.13,2.028371,27002.0,
,11612,12661,apf,rayq.117,2457945.901998,-45.79,1.877951,28329.0,
,11613,12661,apf,rayr.248,2457948.916567,-51.87,2.345229,16457.0,
,11614,12661,apf,rayy.211,2457959.89496,-62.15,1.80019,28136.0,
,11615,12661,apf,raza.179,2457961.856663,-60.78,2.338872,18202.0,
,11616,12661,apf,razc.242,2457962.853714,-62.26,2.024066,27174.0,
,11617,12661,apf,razd.268,2457964.86165,-66.24,2.270597,19821.0,
,11618,12661,apf,raze.218,2457966.86639,-67.13,2.171787,28578.0,
,11619,12661,apf,razh.241,2457972.883226,-73.34,1.800442,28836.0,
,11620,12661,apf,razq.304,2457991.97283,-87.11,2.144704,16442.0,
,11621,12661,apf,rbai.239,2458024.901252,-88.28,2.045012,24937.0,
,11622,12661,apf,rbaj.234,2458025.925909,-90.63,2.111174,30208.0,
,11623,12661,apf,rbal.271,2458031.956968,-91.88,1.994778,22716.0,
,11624,12661,apf,rbam.247,2458032.874655,-93.68,2.341892,14156.0,
,11625,12661,apf,rbaq.241,2458041.920536,-97.30,2.318678,11880.0,
,11626,12661,apf,rbar.245,2458042.919299,-94.95,2.133342,17534.0,
,11627,12661,apf,rbas.190,2458045.826431,-94.86,2.340656,15396.0,
,11628,12661,apf,rbbn.225,2458087.757987,23.01,1.939086,28554.0,
,11629,12661,apf,rbfk.255,2458304.947743,-70.52,2.066457,27264.0,
,11630,12661,apf,rbfr.249,2458318.925077,-53.31,2.183467,27539.0,
,11631,12661,apf,rbft.197,2458320.948844,-50.03,2.0826,28610.0,
,11632,12661,apf,rbfu.252,2458321.922026,-44.74,2.176446,28524.0,
,11633,12661,apf,rbfw.352,2458326.895381,-35.00,2.290258,15317.0,
,11634,12661,apf,rbfy.244,2458329.916746,-24.99,1.930254,22199.0,
,11635,12661,apf,rbfz.208,2458330.887082,-22.43,2.064203,22724.0,
,11636,12661,apf,rbga.224,2458332.838611,-16.56,2.169439,20930.0,
,11637,12661,apf,rbga.224,2458332.838611,-16.56,2.169439,20930.0,
,11638,12661,apf,rbhb.251,2458387.872463,76.06,2.368485,12043.0,
,11639,12661,apf,rbhh.233,2458390.922309,73.30,2.337775,9966.0,
,11640,12661,apf,rbhm.232,2458405.862921,51.28,2.021122,25092.0,
,11641,12661,apf,rbhp.235,2458414.838434,46.50,1.959042,25077.0,
,11642,12661,apf,rbhr.249,2458418.912915,41.27,1.843083,26485.0,
,11643,12661,apf,rbhs.227,2458419.81984,41.04,2.160696,21420.0,
,11644,12661,apf,rbie.220,2458448.753269,6.12,2.330535,14580.0,
,11645,12661,apf,rbmo.247,2458676.890572,66.48,3.584329,5099.0,
,11646,12661,apf,rbmo.248,2458676.894612,61.04,3.767843,5652.0,
,11647,12661,apf,rbmo.249,2458676.898536,60.91,3.306881,6089.0,
,11648,12661,apf,rbmp.174,2458677.987385,61.30,2.704198,7979.0,
,11649,12661,apf,rbmp.175,2458677.991297,59.22,2.886118,7985.0,
,11650,12661,apf,rbmp.176,2458677.995175,62.20,2.805264,8024.0,
,11651,12661,apf,rbmr.332,2458682.00213,56.74,2.810767,7001.0,
,11652,12661,apf,rbmt.238,2458686.877287,52.72,3.416068,5360.0,
,11653,12661,apf,rbmt.239,2458686.881257,51.17,4.027993,4950.0,
,11654,12661,apf,rbmt.240,2458686.885204,57.83,3.905265,4689.0,
,11655,12661,apf,rbmv.276,2458690.920124,46.42,3.17014,7366.0,
,11656,12661,apf,rbmv.277,2458690.92406,47.47,3.286675,7420.0,
,11657,12661,apf,rbmv.278,2458690.928042,44.24,2.863694,8007.0,
,11658,12661,apf,rbmx.250,2458695.903749,43.97,2.966703,6443.0,
,11659,12661,apf,rbmx.251,2458695.907696,38.14,3.367084,6783.0,
,11660,12661,apf,rbmx.252,2458695.911643,44.26,3.148552,6539.0,
,11661,12661,apf,rbnr.343,2458715.98376,15.41,2.600321,8097.0,
,11662,12661,apf,rbnr.344,2458715.987001,24.90,2.643517,8014.0,
,11663,12661,apf,rbnr.345,2458715.990346,21.14,2.678585,8008.0,
,11664,12661,apf,rbqy.773,2458800.870247,-37.46,3.385937,4700.0,
,11665,12661,apf,rbqy.774,2458800.874264,-41.13,3.289107,5153.0,
,11666,12661,apf,rbqy.775,2458800.878164,-40.76,3.73865,4326.0,
,11667,12661,lick,rb66.22,2450831.608398,-11.92,10.245748,4244.0,
,11668,12661,lick,rb72.178,2451027.000977,63.80,8.395222,6058.0,
,11669,12661,lick,rb80.66,2451154.672852,-52.11,7.585532,9933.0,
,11670,12661,lick,rb80.135,2451155.746094,-60.34,6.862225,10428.0,
,11671,12661,lick,rb82.17,2451206.666016,-83.38,7.371266,9299.0,
,11672,12661,lick,rb97.37,2451445.016602,-45.62,6.779223,25182.0,
,11673,12661,lick,rb97.97,2451445.996094,-67.20,5.567953,22938.0,
,11674,12661,lick,rb97.167,2451446.998047,-63.86,6.537899,13388.0,
,11675,12661,lick,rs08.20,2451498.77832,-37.39,12.178389,4553.0,
,11676,12661,lick,rs08.21,2451498.802734,-39.90,11.615815,5095.0,
,11677,12661,lick,rs08.85,2451501.733398,-9.42,12.822451,4163.0,
,11678,12661,lick,rs08.86,2451501.755859,-18.67,14.6522,3978.0,
,11679,12661,lick,rd06.62,2451533.772461,74.00,5.205934,22723.0,
,11680,12661,lick,rd06.125,2451534.75293,82.87,8.10044,10749.0,
,11681,12661,lick,rd06.178,2451535.713773,74.53,5.717926,15973.0,
,11682,12661,lick,rd06.237,2451536.692383,75.96,6.333569,14190.0,
,11683,12661,lick,rd06.319,2451539.733398,75.13,5.704498,16209.0,
,11684,12661,lick,rd07.12,2451581.636719,64.03,15.20225,3070.0,
,11685,12661,lick,rd12.46,2451750.979492,-32.39,5.328934,37869.0,
,11686,12661,lick,rd12.178,2451752.977539,-36.86,5.595579,28791.0,
,11687,12661,lick,rd12.179,2451752.987305,-27.73,5.532388,29992.0,
,11688,12661,lick,rd13.39,2451774.966797,15.41,4.776564,34048.0,
,11689,12661,lick,rd13.40,2451774.978516,16.93,4.853311,34252.0,
,11690,12661,lick,rd13.93,2451775.996094,16.73,5.471652,31583.0,
,11691,12661,lick,rd13.94,2451776.008789,6.43,5.143115,31033.0,
,11692,12661,lick,rd16.156,2451805.97168,106.52,8.120993,7037.0,
,11693,12661,lick,rd26.55,2451860.790039,59.45,5.888567,21283.0,
,11694,12661,lick,rd35.18,2451913.698242,9.63,5.289603,34627.0,
,11695,12661,lick,rd35.78,2451914.654297,18.39,4.603513,37783.0,
,11696,12661,lick,rd35.79,2451914.664062,3.95,4.457138,29242.0,
,11697,12661,lick,rd35.154,2451915.658203,10.80,4.916875,31026.0,
,11698,12661,lick,rd35.155,2451915.667969,4.24,5.058247,33841.0,
,11699,12661,lick,rd37.17,2451927.646042,-3.47,5.321284,38941.0,
,11700,12661,lick,rd39.15,2451945.655273,-11.39,5.143486,32239.0,
,11701,12661,lick,rd39.80,2451946.65918,-18.70,5.991444,14417.0,
,11702,12661,lick,rd39.81,2451946.670898,-10.90,4.715812,30197.0,
,11703,12661,lick,rd54.126,2452121.959961,65.77,5.742746,22219.0,
,11704,12661,lick,rd54.218,2452122.995117,62.78,6.34553,13252.0,
,11705,12661,lick,rd59.48,2452157.958008,34.66,5.683571,22977.0,
,11706,12661,lick,rd59.243,2452160.96875,21.77,6.078047,17552.0,
,11707,12661,lick,rd59.310,2452161.944468,20.05,5.590516,23553.0,
,11708,12661,lick,rd74.20,2452241.674805,-34.94,4.634052,35297.0,
,11709,12661,lick,rd81.39,2452299.641602,-14.87,4.682569,24998.0,
,11710,12661,lick,rd81.40,2452299.657227,-17.74,4.745137,30455.0,
,11711,12661,lick,rd82.1,2452302.69043,24.49,11.120744,4835.0,
,11712,12661,lick,rd82.3,2452302.75,-17.55,11.471505,4212.0,
,11713,12661,lick,rd84.11,2452314.625977,25.47,14.789252,3460.0,
,11714,12661,lick,rd84.47,2452315.623047,46.66,11.397359,4386.0,
,11715,12661,lick,rd84.48,2452315.65332,32.37,10.055585,5231.0,
,11716,12661,lick,rd84.84,2452316.619141,60.16,11.338193,4448.0,
,11717,12661,lick,rd84.85,2452316.647461,36.30,15.71732,3145.0,
,11718,12661,lick,rd85.1,2452333.672852,87.19,5.69476,18933.0,
,11719,12661,lick,rd85.59,2452334.636719,88.37,6.271048,13195.0,
,11720,12661,lick,rd86.11,2452335.625977,81.19,6.191915,13775.0,
,11721,12661,lick,rf08.43,2452492.994141,-69.68,5.853875,15217.0,
,11722,12661,lick,rf08.44,2452493.006836,-56.09,6.249015,16964.0,
,11723,12661,lick,rf08.99,2452493.983398,-62.94,5.368569,38830.0,
,11724,12661,lick,rf08.100,2452494.0,-64.70,5.188472,33868.0,
,11725,12661,lick,rf09.51,2452508.986328,-78.79,4.716476,56712.0,
,11726,12661,lick,rf09.52,2452509.005859,-82.35,4.737325,54271.0,
,11727,12661,lick,rf11.40,2452512.009766,-81.82,3.905471,35628.0,
,11728,12661,lick,rf11.115,2452512.983398,-75.80,4.418081,30706.0,
,11729,12661,lick,rf11.116,2452512.999023,-72.16,4.611576,31533.0,
,11730,12661,lick,rf11.168,2452513.961914,-70.67,4.536647,29078.0,
,11731,12661,lick,rf11.169,2452513.982422,-82.64,4.89263,28412.0,
,11732,12661,lick,rf53.18,2453008.746094,-68.66,5.808071,9251.0,
,11733,12661,lick,rg02.94,2453389.678194,91.08,5.598074,14461.0,
,11734,12661,lick,rg02.263,2453391.632894,95.02,5.644036,12778.0,
,11735,12661,lick,rg70.191,2454099.763472,-72.33,5.083205,15969.0,
,11736,12661,lick,rw05.353,2455114.971065,-41.37,6.86656,21516.0,