3038.86139200,-14.42,8.32,0.1823 +or- 0.0247,
3066.79412600,-24.59,4.67,0.1709 +or- 0.0177,
3073.81710000,-21.56,5.65,0.1598 +or- 0.0202,
3746.91651500,27.61,4.58,0.1532 +or- 0.0242,
3787.81423800,19.33,4.33,0.1592 +or- 0.0195,
3806.70783400,15.78,2.43,0.1584 +or- 0.0203,
3840.75580400,28.03,5.25,0.1848 +or- 0.0238,
3861.68232900,29.18,6.57,0.1535 +or- 0.0187,
4067.98581900,7.79,3.44,0.1435 +or- 0.0210,
4068.90695600,23.21,4.53,0.1607 +or- 0.0214,
4191.80349000,23.76,3.77,0.1617 +or- 0.0220,
4569.73532700,9.86,3.82,0.1748 +or- 0.0216,
4569.74801300,5.54,3.92,0.1701 +or- 0.0212,
4605.64036800,5.89,3.41,0.1759 +or- 0.0235,
4634.62414000,4.64,5.12,0.1701 +or- 0.0209,
4782.01348700,0.79,3.11,0.1590 +or- 0.0212,
4783.98080700,-4.54,4.65,0.1640 +or- 0.0230,
4821.93818500,-3.04,5.12,0.1705 +or- 0.0249,
4840.97668200,-10.65,4.49,0.1599 +or- 0.0237,
4868.91890100,-10.63,4.53,0.1651 +or- 0.0212,
4868.93042200,-5.90,4.35,0.1710 +or- 0.0226,
4868.94194000,-10.23,3.62,0.1693 +or- 0.0225,
4906.70221500,-9.93,3.16,0.1663 +or- 0.0204,
4906.71734700,-10.49,4.07,0.1578 +or- 0.0197,
4907.62242900,-4.23,4.12,0.1602 +or- 0.0187,
4907.63742600,-13.71,3.10,0.1629 +or- 0.0187,
4928.68528400,-11.02,4.05,0.1802 +or- 0.0204,
4928.70027200,-15.00,4.95,0.1845 +or- 0.0191,
4928.71526200,-7.46,4.88,0.1761 +or- 0.0204,
4931.63355900,-18.23,6.43,0.1698 +or- 0.0194,
4931.64625200,-14.05,4.44,0.1657 +or- 0.0190,
4931.65894600,-6.45,3.87,0.1693 +or- 0.0210,
4964.66292000,-16.12,5.03,0.1610 +or- 0.0186,
4986.64365700,-16.87,3.78,0.1659 +or- 0.0199,
5137.98754800,-33.34,5.93,0.1727 +or- 0.0252,
5152.96977000,-23.72,4.56,0.1580 +or- 0.0212,
5152.98476800,-28.36,1.92,0.1594 +or- 0.0212,
5152.99976400,-34.83,3.19,0.1755 +or- 0.0260,
5153.98375300,-27.49,2.26,0.1751 +or- 0.0235,
5153.99875100,-24.33,6.65,0.1744 +or- 0.0227,
5154.01374700,-27.91,4.50,0.1941 +or- 0.0244,
5173.01441600,-28.77,3.36,0.1637 +or- 0.0215,
5222.85632500,-19.26,5.33,0.1604 +or- 0.0231,
5222.87135400,-9.87,5.73,0.1657 +or- 0.0226,
5254.79363200,-4.05,4.53,0.1638 +or- 0.0211,
5254.80862500,-9.12,3.76,0.1625 +or- 0.0211,
5254.82361900,1.41,1.30,0.1625 +or- 0.0202,
5278.74248800,9.95,3.47,0.1674 +or- 0.0233,
5290.64067500,7.71,3.50,0.1597 +or- 0.0182,
5311.71658900,24.55,5.50,0.2135 +or- 0.0233,
5314.69970700,10.85,4.08,0.2051 +or- 0.0241,
5347.65756900,23.91,3.41,0.1536 +or- 0.0215,
5468.97994600,12.33,3.61,0.1438 +or- 0.0283,
5493.95838700,18.82,3.93,0.1603 +or- 0.0239,
5523.92790400,16.50,4.50,0.1629 +or- 0.0231,
5527.90018100,16.64,3.61,0.1651 +or- 0.0233,
5528.98017000,14.76,2.61,0.1598 +or- 0.0214,
5548.88450200,24.70,3.61,0.1526 +or- 0.0235,
5583.86404700,21.17,2.35,0.1635 +or- 0.0246,
5615.70061600,7.11,4.07,0.1584 +or- 0.0236,
5632.72839900,20.16,4.44,0.1402 +or- 0.0184,
5645.82335600,15.88,4.48,0.1827 +or- 0.0276,
5667.76838200,24.85,2.11,0.1616 +or- 0.0218,
5671.67914300,22.60,3.44,0.1665 +or- 0.0212,
5699.62389400,24.99,2.69,0.1654 +or- 0.0227,