2455698.5075694,223.8,9.0
2456442.5223438,−195.55,1.12
2455699.5368477,337.8,9.0
2456443.5281580,−167.05,1.77
2455700.5250521,444.8,9.0
2456444.5101783,−134.83,1.36
2455968.7197064,−111.2,9.0
2456448.4605785,144.30,1.29
2455969.7048152,−77.2,9.0
2456449.4624615,248.19,0.82
2455970.6308925,−55.2,9.0
2456450.4614518,357.16,1.21
2455972.6288495,61.8,9.0
2456462.4520834,−114.51,1.13
2456034.5646797,−129.2,9.0
2456463.4499736,−137.72,1.69
2456037.5717726,−156.2,9.0,,,
2456307.7713660,−110.3,9.0,,,
2456308.7833076,−126.3,9.0,,,
2456378.6598031,159.7,9.0,,,
2456379.5959537,128.7,9.0,,,
2456463.4576754,−57.3,9.0,,,
2456464.4530818,−80.3,14.0,,,
2456465.4567122,−111.3,9.0,,,
2456467.4802779,−147.3,16.0,,,
2456675.7562736,−196.3,9.0,,,
2456734.6035167,134.1,11.0,,,
2456752.6156272,−176.9,13.0,,,
2456754.5855485,−154.9,13.0,,,
2456824.4911691,−138.9,15.0,,,
2457184.4724902,−161.0,13.0,,,
