8448.647057,8298.01,1.16,8050.09,2.33,55.72,0.02,-33.09,2.33,0.167,0.001,-4.967,0.007
8448.773476,8298.21,1.23,8050.79,2.46,55.69,0.02,-35.66,2.46,0.166,0.001,-4.969,0.008
8449.670510,8289.10,1.63,8055.15,3.26,55.70,0.02,-36.85,3.26,0.161,0.002,-4.998,0.013
8449.773915,8287.11,1.21,8045.52,2.42,55.74,0.02,-33.87,2.42,0.165,0.001,-4.978,0.007
8451.629211,8292.77,1.63,8045.78,3.25,55.73,0.02,-39.28,3.25,0.163,0.002,-4.991,0.013
8451.715657,8293.42,1.17,8042.55,2.33,55.77,0.02,-35.96,2.33,0.163,0.001,-4.987,0.007
8451.786601,8288.71,2.01,8045.25,4.02,55.56,0.03,-39.00,4.02,0.166,0.003,-4.972,0.017
8454.666526,8289.59,1.45,8045.27,2.91,55.78,0.02,-41.57,2.91,0.167,0.002,-4.965,0.010
8454.705394,8290.09,1.13,8042.04,2.25,55.79,0.02,-37.15,2.25,0.167,0.001,-4.966,0.006
8454.753000,8294.86,1.41,8042.15,2.82,55.77,0.02,-40.06,2.82,0.165,0.002,-4.977,0.010
8454.798585,8289.86,1.32,8035.12,2.64,55.48,0.02,-39.47,2.64,0.166,0.001,-4.973,0.008
8473.771587,8292.83,1.26,8055.40,2.51,55.72,0.02,-31.57,2.51,0.167,0.001,-4.964,0.008
8473.781902,8294.96,1.13,8063.51,2.27,55.70,0.02,-34.53,2.27,0.169,0.001,-4.955,0.006
8473.792507,8294.45,1.23,8057.94,2.45,55.72,0.02,-35.22,2.45,0.167,0.001,-4.965,0.008
8474.682738,8298.20,1.05,8050.21,2.09,55.71,0.01,-39.82,2.09,0.169,0.001,-4.953,0.005
8474.693474,8299.49,1.06,8058.84,2.11,55.70,0.01,-37.25,2.11,0.171,0.001,-4.946,0.005
8474.704501,8297.00,0.99,8048.55,1.97,55.72,0.01,-36.86,1.97,0.168,0.001,-4.960,0.005
8475.702586,8290.71,3.18,8057.80,6.36,55.40,0.04,-34.36,6.36,0.175,0.006,-4.923,0.035
8475.713444,8293.67,3.10,8051.52,6.20,55.44,0.04,-40.45,6.20,0.181,0.006,-4.895,0.033
8475.723864,8296.35,3.70,8039.82,7.40,55.27,0.05,-52.74,7.40,0.170,0.008,-4.951,0.045
8475.773518,8301.13,5.21,8044.88,10.42,54.94,0.07,-40.02,10.42,0.155,0.013,-5.035,0.082
8475.784442,8299.47,6.49,7991.01,12.98,54.88,0.09,-38.43,12.98,0.180,0.017,-4.901,0.096
8475.795769,8293.76,5.70,7989.77,11.39,55.04,0.08,-35.21,11.39,0.134,0.015,-5.198,0.110
8477.655321,8303.94,2.17,8042.87,4.34,55.40,0.03,-37.01,4.34,0.169,0.003,-4.956,0.020
8477.666072,8298.53,2.16,8060.66,4.32,55.35,0.03,-34.30,4.32,0.170,0.003,-4.948,0.019
8477.676738,8305.97,1.86,8055.45,3.72,55.47,0.03,-30.41,3.72,0.168,0.003,-4.961,0.015
8479.709483,8296.97,1.26,8049.56,2.53,55.77,0.02,-34.97,2.53,0.165,0.001,-4.977,0.008
8479.720107,8295.89,1.17,8053.48,2.35,55.77,0.02,-37.45,2.35,0.170,0.001,-4.952,0.007
8480.637235,8291.59,2.47,8049.25,4.93,55.69,0.03,-44.81,4.93,0.167,0.004,-4.966,0.024
8481.638025,8301.11,1.27,8045.18,2.54,55.79,0.02,-39.43,2.54,0.168,0.001,-4.960,0.008
8481.699905,8303.13,1.51,8044.02,3.03,55.79,0.02,-38.86,3.03,0.164,0.002,-4.980,0.011
8481.754811,8300.58,1.06,8048.88,2.12,55.79,0.01,-38.45,2.12,0.168,0.001,-4.963,0.006
8481.796831,8301.92,1.42,8048.09,2.85,55.77,0.02,-41.92,2.85,0.168,0.002,-4.960,0.010
8482.613264,8301.63,1.18,8057.37,2.36,55.72,0.02,-39.60,2.36,0.166,0.001,-4.973,0.007
8482.655403,8301.84,1.14,8045.60,2.28,55.79,0.02,-41.48,2.28,0.166,0.001,-4.972,0.006
8482.717865,8299.63,1.34,8054.59,2.68,55.78,0.02,-42.46,2.68,0.163,0.001,-4.987,0.009
8483.615244,8293.44,1.18,8049.22,2.35,55.75,0.02,-40.84,2.35,0.166,0.001,-4.969,0.007
8483.659459,8294.82,1.32,8064.18,2.64,55.68,0.02,-41.17,2.64,0.169,0.001,-4.956,0.008
8483.719401,8295.57,1.22,8054.06,2.45,55.74,0.02,-36.51,2.45,0.165,0.001,-4.975,0.007
8484.616880,8300.30,1.46,8059.95,2.92,55.71,0.02,-31.87,2.92,0.170,0.002,-4.948,0.010
8484.642335,8300.05,1.59,8050.31,3.17,55.72,0.02,-38.40,3.17,0.164,0.002,-4.984,0.012
8484.711095,8298.85,1.78,8049.67,3.56,55.71,0.02,-35.08,3.56,0.167,0.002,-4.964,0.014
8484.757742,8297.74,2.09,8047.12,4.18,55.65,0.03,-38.34,4.18,0.162,0.003,-4.996,0.020
8486.687745,8293.52,1.15,8049.10,2.31,55.76,0.02,-39.18,2.31,0.172,0.001,-4.939,0.007
8487.574625,8297.58,1.51,8051.14,3.01,55.78,0.02,-41.27,3.01,0.168,0.002,-4.959,0.011
8487.650068,8296.81,1.37,8050.75,2.75,55.80,0.02,-41.24,2.75,0.165,0.002,-4.977,0.009
8487.717608,8298.16,1.04,8044.29,2.07,55.80,0.01,-43.53,2.07,0.168,0.001,-4.963,0.006
8488.581621,8299.15,1.59,8039.71,3.19,55.77,0.02,-34.95,3.19,0.170,0.002,-4.949,0.012
8488.663795,8295.55,1.26,8043.43,2.53,55.76,0.02,-40.29,2.53,0.164,0.001,-4.980,0.008
8488.727220,8296.71,1.22,8059.53,2.44,55.75,0.02,-42.53,2.44,0.173,0.001,-4.932,0.008
8489.624408,8301.44,1.24,8054.09,2.48,55.74,0.02,-46.64,2.48,0.166,0.001,-4.971,0.008
8489.683100,8302.71,1.31,8055.43,2.62,55.72,0.02,-40.60,2.62,0.169,0.001,-4.956,0.008
8489.756805,8301.51,2.19,8049.06,4.38,55.67,0.03,-46.85,4.38,0.173,0.003,-4.934,0.020
8491.553230,8296.10,1.18,8046.52,2.37,55.72,0.02,-35.94,2.37,0.166,0.001,-4.972,0.007
8491.661222,8296.82,1.14,8053.20,2.27,55.72,0.02,-39.10,2.27,0.169,0.001,-4.956,0.006
8492.554191,8304.55,1.73,8061.12,3.46,55.64,0.02,-38.70,3.46,0.177,0.002,-4.917,0.013
8492.708667,8299.16,1.43,8043.65,2.86,55.73,0.02,-45.13,2.86,0.171,0.002,-4.946,0.010
8495.749575,8306.06,1.35,8055.70,2.70,55.77,0.02,-36.47,2.70,0.170,0.002,-4.949,0.009
8495.784720,8304.94,1.57,8055.60,3.14,55.78,0.02,-37.46,3.14,0.171,0.002,-4.945,0.012
8502.602565,8307.98,1.37,8055.72,2.74,55.74,0.02,-37.79,2.74,0.166,0.002,-4.970,0.009
8503.610435,8299.67,0.91,8051.75,1.82,55.73,0.01,-36.13,1.82,0.168,0.001,-4.962,0.004
8503.694649,8298.56,1.14,8050.10,2.28,55.77,0.02,-35.95,2.28,0.170,0.001,-4.949,0.007
8504.586748,8296.45,1.30,8054.65,2.59,55.77,0.02,-34.23,2.59,0.166,0.001,-4.972,0.008
8504.683209,8299.07,1.49,8055.18,2.98,55.78,0.02,-40.97,2.98,0.172,0.002,-4.937,0.011
8516.673049,8302.18,1.34,8064.10,2.68,55.68,0.02,-39.96,2.68,0.173,0.001,-4.933,0.008
8517.515517,8299.22,1.43,8057.43,2.87,55.70,0.02,-33.53,2.87,0.172,0.002,-4.937,0.009
8518.621975,8303.13,2.45,8067.72,4.89,55.70,0.03,-37.80,4.89,0.170,0.004,-4.951,0.025
8519.714128,8299.57,3.18,8039.82,6.36,55.73,0.04,-39.70,6.36,0.173,0.007,-4.935,0.039
8520.636303,8303.71,1.48,8045.04,2.95,55.82,0.02,-38.98,2.95,0.169,0.002,-4.957,0.011
8521.621304,8303.26,0.98,8047.95,1.97,55.76,0.01,-39.10,1.97,0.168,0.001,-4.961,0.005
8522.565664,8302.89,1.30,8055.17,2.61,55.79,0.02,-37.99,2.61,0.165,0.001,-4.975,0.008
8523.507029,8314.48,1.14,8052.57,2.28,55.74,0.02,-38.86,2.28,0.168,0.001,-4.963,0.007
8523.695779,8313.08,1.71,8057.05,3.41,55.77,0.02,-38.12,3.41,0.172,0.002,-4.941,0.014
8524.606692,8306.39,1.18,8058.87,2.36,55.72,0.02,-41.80,2.36,0.170,0.001,-4.951,0.007
8525.498330,8309.77,2.27,8072.84,4.54,55.68,0.03,-35.56,4.54,0.169,0.004,-4.956,0.021
8526.495257,8312.30,1.15,8055.80,2.30,55.74,0.02,-36.56,2.30,0.171,0.001,-4.946,0.006
8526.662132,8307.64,1.45,8057.51,2.90,55.70,0.02,-41.13,2.90,0.166,0.002,-4.972,0.010
8527.464271,8305.00,1.34,8060.34,2.68,55.70,0.02,-41.65,2.68,0.167,0.001,-4.965,0.009
8527.549821,8304.41,1.30,8065.46,2.60,55.70,0.02,-35.01,2.60,0.167,0.001,-4.967,0.008
8528.478264,8306.55,1.48,8058.36,2.95,55.72,0.02,-31.84,2.95,0.170,0.002,-4.949,0.010
8528.557070,8308.16,1.49,8064.28,2.97,55.72,0.02,-33.03,2.97,0.165,0.002,-4.976,0.010
8531.559565,8308.92,1.41,8051.71,2.82,55.75,0.02,-38.43,2.82,0.171,0.002,-4.942,0.009
8531.640622,8308.14,1.56,8043.38,3.12,55.75,0.02,-37.72,3.12,0.165,0.002,-4.975,0.011
8536.471969,8312.91,2.26,8041.61,4.53,55.67,0.03,-34.75,4.53,0.170,0.004,-4.948,0.021
8536.657516,8306.88,1.85,8054.28,3.70,55.71,0.03,-38.27,3.70,0.165,0.003,-4.976,0.016
8537.518709,8301.60,1.52,8052.07,3.04,55.74,0.02,-36.20,3.04,0.169,0.002,-4.954,0.011
8537.636413,8304.69,3.03,8060.77,6.06,55.62,0.04,-43.52,6.06,0.158,0.006,-5.020,0.038
8538.536005,8304.27,1.91,8039.57,3.81,55.78,0.03,-39.01,3.81,0.160,0.003,-5.004,0.017
8538.649573,8306.74,2.28,8054.49,4.55,55.68,0.03,-40.16,4.55,0.164,0.004,-4.985,0.023
8539.512472,8305.60,1.06,8040.87,2.12,55.79,0.01,-35.06,2.12,0.165,0.001,-4.976,0.006
8539.650637,8301.32,1.37,8047.97,2.73,55.78,0.02,-37.12,2.73,0.162,0.002,-4.994,0.010
8540.600595,8305.06,1.83,8046.53,3.66,55.75,0.03,-33.28,3.66,0.170,0.002,-4.951,0.015
8544.519342,8315.89,1.17,8049.73,2.35,55.73,0.02,-38.16,2.35,0.171,0.001,-4.947,0.007
8545.505344,8309.71,1.32,8056.51,2.65,55.71,0.02,-35.93,2.65,0.171,0.001,-4.943,0.009
8546.535123,8316.75,1.10,8058.33,2.20,55.70,0.02,-36.26,2.20,0.172,0.001,-4.940,0.006
8547.522651,8310.17,1.20,8062.13,2.40,55.72,0.02,-41.66,2.40,0.168,0.001,-4.959,0.007
8563.486130,8309.92,1.26,8045.96,2.53,55.67,0.02,-35.07,2.53,0.169,0.001,-4.953,0.008
8564.453276,8319.33,2.07,8054.83,4.13,55.62,0.03,-37.79,4.13,0.168,0.003,-4.961,0.018
8565.420190,8315.96,1.18,8056.24,2.35,55.65,0.02,-34.49,2.35,0.163,0.001,-4.991,0.007
8565.512893,8313.14,1.53,8061.01,3.05,55.61,0.02,-37.08,3.05,0.168,0.002,-4.960,0.011
8566.411393,8309.44,0.95,8062.75,1.90,55.66,0.01,-33.77,1.90,0.164,0.001,-4.981,0.005
8566.586691,8313.16,1.48,8053.54,2.96,55.65,0.02,-35.07,2.96,0.170,0.002,-4.951,0.011
8591.468692,8315.51,1.52,8060.13,3.03,55.65,0.02,-38.63,3.03,0.168,0.002,-4.960,0.011
8592.438953,8323.40,1.45,8058.84,2.90,55.66,0.02,-36.07,2.90,0.165,0.002,-4.977,0.010
8593.430778,8323.49,1.25,8059.24,2.50,55.65,0.02,-36.41,2.50,0.172,0.001,-4.941,0.008
8594.432537,8317.29,1.35,8061.57,2.71,55.60,0.02,-37.48,2.71,0.171,0.002,-4.944,0.009
8595.442850,8322.81,1.14,8053.38,2.29,55.67,0.02,-36.08,2.29,0.169,0.001,-4.954,0.007
8596.460077,8317.30,1.42,8053.15,2.84,55.70,0.02,-36.94,2.84,0.170,0.002,-4.950,0.010
8597.432261,8315.83,1.22,8061.83,2.44,55.67,0.02,-38.00,2.44,0.168,0.001,-4.959,0.008
8598.404647,8321.87,0.85,8053.03,1.71,55.70,0.01,-38.72,1.71,0.169,0.001,-4.957,0.004
8604.419702,8312.56,1.27,8056.42,2.54,55.74,0.02,-37.85,2.54,0.161,0.001,-4.997,0.008
8605.425644,8314.66,1.03,8057.70,2.05,55.76,0.01,-40.23,2.05,0.164,0.001,-4.984,0.006
8606.418448,8317.54,1.07,8057.42,2.14,55.76,0.01,-36.56,2.14,0.162,0.001,-4.996,0.006
8607.428036,8313.86,1.05,8054.70,2.10,55.74,0.01,-42.55,2.10,0.165,0.001,-4.977,0.006
8609.401433,8318.58,1.31,8053.92,2.63,55.71,0.02,-39.62,2.63,0.168,0.001,-4.960,0.009
8809.772121,8367.74,1.28,8049.02,2.55,55.86,0.02,-38.61,2.55,0.163,0.001,-4.989,0.008
8820.741557,8372.31,1.97,8042.01,3.94,56.00,0.03,-33.55,3.94,0.162,0.003,-4.993,0.017
8829.774438,8374.27,2.38,8038.41,4.76,55.89,0.03,-33.02,4.76,0.151,0.004,-5.064,0.024
8838.656593,8380.34,1.32,8045.33,2.64,55.91,0.02,-36.20,2.64,0.158,0.001,-5.016,0.009
8843.625836,8383.42,1.28,8044.55,2.55,55.92,0.02,-40.33,2.55,0.155,0.001,-5.037,0.008
8847.743977,8378.81,1.39,8045.84,2.78,55.94,0.02,-35.49,2.78,0.155,0.001,-5.036,0.009
8853.648672,8388.68,1.28,8044.31,2.56,55.83,0.02,-34.53,2.56,0.158,0.001,-5.017,0.008
8866.647353,8395.54,1.75,8045.86,3.50,55.95,0.02,-44.01,3.50,0.147,0.002,-5.093,0.015
8868.669471,8393.68,1.78,8040.31,3.57,56.01,0.02,-35.45,3.57,0.152,0.002,-5.058,0.016
8873.688351,8399.52,3.21,8035.67,6.43,56.31,0.05,-35.62,6.43,0.124,0.006,-5.302,0.051
8876.760583,8407.42,1.94,8037.30,3.88,56.07,0.03,-36.28,3.88,0.148,0.003,-5.086,0.020
8877.725527,8403.11,2.05,8042.79,4.10,56.14,0.03,-26.19,4.10,0.146,0.003,-5.097,0.021
8884.560473,8411.59,1.55,8043.94,3.09,55.91,0.02,-38.89,3.09,0.154,0.002,-5.046,0.011
8891.601452,8413.12,1.25,8042.85,2.50,55.92,0.02,-39.00,2.50,0.159,0.001,-5.012,0.008
8906.486578,8437.69,1.67,8037.73,3.35,56.00,0.02,-35.37,3.35,0.155,0.002,-5.038,0.013
8911.375618,8448.97,4.70,8028.36,9.40,56.61,0.07,-51.22,9.40,0.089,0.011,-6.786,0.129
8920.587304,8467.59,1.71,8051.07,3.42,55.91,0.02,-40.96,3.42,0.156,0.002,-5.031,0.014
8923.546974,8479.36,1.12,8040.13,2.24,55.93,0.02,-39.91,2.24,0.159,0.001,-5.010,0.007
8972.386789,8380.51,1.05,8041.43,2.10,55.86,0.01,-37.58,2.10,0.159,0.001,-5.014,0.006
8977.357803,8321.78,1.10,8046.90,2.19,55.74,0.02,-39.97,2.19,0.155,0.001,-5.035,0.006
8978.353166,8322.00,1.48,8044.36,2.96,54.88,0.02,-34.83,2.96,0.160,0.002,-5.009,0.010
8979.349992,8310.49,1.63,8050.51,3.26,51.17,0.02,-34.86,3.26,0.170,0.002,-4.951,0.009
8980.361703,8307.55,1.65,8044.61,3.29,55.78,0.02,-30.76,3.29,0.151,0.002,-5.066,0.013
8981.361739,8300.11,2.26,8047.93,4.53,55.78,0.03,-40.32,4.53,0.160,0.003,-5.007,0.021
8982.369983,8295.31,1.82,8039.79,3.63,55.76,0.03,-48.38,3.63,0.161,0.002,-4.999,0.015
8983.370814,8298.47,3.04,8051.30,6.08,55.62,0.04,-43.61,6.08,0.162,0.005,-4.993,0.032
8985.362536,8285.04,1.30,8046.76,2.59,55.77,0.02,-39.01,2.59,0.162,0.001,-4.994,0.009
8986.363682,8280.66,1.51,8039.76,3.03,55.78,0.02,-41.82,3.03,0.159,0.002,-5.013,0.012
8987.366717,8273.11,2.02,8048.90,4.04,55.73,0.03,-40.45,4.04,0.156,0.003,-5.029,0.018
8988.362718,8284.40,1.83,8038.27,3.66,55.76,0.03,-30.67,3.66,0.165,0.002,-4.977,0.015
8989.389257,8272.22,1.60,8035.57,3.21,55.99,0.02,-31.39,3.21,0.150,0.002,-5.073,0.014
8990.389403,8271.41,1.14,8043.95,2.28,55.92,0.02,-38.68,2.28,0.158,0.001,-5.016,0.007
8991.369355,8274.52,1.82,8047.89,3.65,55.79,0.03,-37.19,3.65,0.160,0.002,-5.003,0.015
8992.363823,8271.42,3.24,8031.60,6.49,55.71,0.04,-43.15,6.49,0.157,0.006,-5.023,0.036
8993.370951,8271.42,1.41,8041.91,2.83,55.82,0.02,-46.40,2.83,0.162,0.002,-4.993,0.010
8995.410461,8267.31,1.65,8054.76,3.31,55.71,0.02,-33.52,3.31,0.159,0.002,-5.012,0.013
8996.364965,8267.51,1.04,8047.17,2.09,55.76,0.01,-39.33,2.09,0.160,0.001,-5.008,0.006
8997.368825,8257.30,1.28,8038.51,2.57,55.81,0.02,-38.13,2.57,0.161,0.001,-4.997,0.008
8999.358273,8262.31,2.02,8041.29,4.04,55.99,0.03,-42.99,4.04,0.163,0.002,-4.990,0.013
8999.372947,8262.28,1.38,8043.72,2.77,55.80,0.02,-37.22,2.77,0.160,0.002,-5.007,0.010
9000.355232,8258.69,1.31,8039.17,2.62,55.95,0.02,-40.90,2.62,0.163,0.001,-4.986,0.007
9002.372497,8253.75,0.96,8043.27,1.92,55.80,0.01,-36.59,1.92,0.158,0.001,-5.018,0.005
9007.358308,8253.98,1.44,8049.45,2.88,55.89,0.02,-32.56,2.88,0.165,0.001,-4.979,0.007
9008.357520,8254.75,1.13,8043.15,2.26,55.90,0.02,-40.87,2.26,0.162,0.001,-4.993,0.005
9009.357652,8261.64,1.30,8035.31,2.59,55.91,0.02,-36.15,2.59,0.161,0.001,-5.001,0.006
9010.356088,8258.22,6.11,8054.55,12.21,59.56,0.09,-46.03,12.21,0.181,0.005,-4.894,0.028
9012.354438,8251.62,3.12,8049.62,6.24,57.55,0.04,-52.87,6.24,0.179,0.002,-4.904,0.011
9018.366605,8249.43,4.63,8054.90,9.26,56.08,0.06,-37.84,9.26,0.164,0.008,-4.983,0.049
9019.371117,8254.72,1.18,8041.74,2.36,55.80,0.02,-39.07,2.36,0.160,0.001,-5.004,0.008
9020.372802,8247.81,1.93,8039.15,3.85,55.82,0.03,-41.15,3.85,0.160,0.003,-5.005,0.018
9023.378935,8256.57,1.99,8029.91,3.98,55.79,0.03,-39.46,3.98,0.156,0.004,-5.030,0.023
9025.364796,8246.06,2.58,8034.08,5.17,56.08,0.04,-42.01,5.17,0.162,0.003,-4.994,0.021
9026.368710,8253.22,2.91,8041.05,5.83,55.93,0.04,-41.24,5.83,0.163,0.005,-4.988,0.030
9027.366575,8252.86,1.19,8036.22,2.38,55.88,0.02,-39.33,2.38,0.160,0.001,-5.007,0.008
9028.364469,8248.73,2.26,8034.93,4.52,56.11,0.03,-41.49,4.52,0.159,0.003,-5.010,0.017
9029.363134,8265.17,2.69,8041.47,5.39,56.60,0.04,-35.74,5.39,0.170,0.003,-4.951,0.018
9112.753148,8271.17,3.00,8045.02,6.01,55.49,0.04,-17.56,6.01,0.149,0.006,-5.076,0.039
9119.740739,8261.18,1.80,8032.75,3.60,56.09,0.03,-41.92,3.60,0.152,0.003,-5.056,0.017
9120.752061,8266.84,1.45,8040.45,2.90,55.90,0.02,-42.00,2.90,0.152,0.002,-5.059,0.011
9126.749713,8258.93,2.24,8031.38,4.48,56.06,0.03,-40.91,4.48,0.146,0.003,-5.099,0.023
9127.764927,8261.19,1.55,8011.03,3.09,55.50,0.02,-44.24,3.09,0.149,0.002,-5.079,0.012
9130.754925,8265.92,2.34,8043.48,4.67,55.94,0.03,-47.59,4.67,0.152,0.004,-5.058,0.024
9133.770202,8266.33,1.39,7998.36,2.79,55.24,0.02,-36.48,2.79,0.156,0.001,-5.029,0.009
9156.756061,8269.14,1.64,8029.48,3.27,56.02,0.02,-46.17,3.27,0.149,0.002,-5.080,0.013
9169.696408,8276.86,2.64,8033.28,5.27,56.15,0.04,-30.65,5.27,0.158,0.004,-5.019,0.028
9170.733552,8263.79,1.07,8037.56,2.14,55.95,0.01,-40.02,2.14,0.155,0.001,-5.037,0.006
9189.787624,8273.80,1.29,8028.35,2.58,55.93,0.02,-38.52,2.58,0.156,0.001,-5.032,0.008
9190.795246,8267.39,1.79,8030.65,3.57,55.92,0.02,-33.84,3.57,0.153,0.002,-5.048,0.015
9191.767622,8267.16,1.03,8038.01,2.06,55.94,0.01,-40.85,2.06,0.156,0.001,-5.031,0.006
9203.658690,8276.40,1.40,8042.74,2.81,55.98,0.02,-43.53,2.81,0.153,0.002,-5.051,0.010
9212.604419,8271.03,1.42,8035.74,2.83,55.99,0.02,-43.04,2.83,0.152,0.002,-5.057,0.010
9229.739884,8270.93,3.47,8029.27,6.95,56.31,0.05,-35.67,6.95,0.134,0.007,-5.198,0.053
9235.701950,8273.98,1.44,8035.37,2.88,56.04,0.02,-43.40,2.88,0.155,0.002,-5.038,0.011
9237.643148,8272.51,1.35,8036.66,2.70,56.02,0.02,-40.49,2.70,0.159,0.001,-5.013,0.009
9240.661347,8279.29,1.13,8037.85,2.25,55.98,0.02,-38.68,2.25,0.158,0.001,-5.018,0.007
9246.615101,8278.13,1.40,8044.90,2.79,55.96,0.02,-45.21,2.79,0.152,0.001,-5.057,0.010
9247.637552,8276.45,1.20,8034.77,2.39,55.94,0.02,-40.36,2.39,0.155,0.001,-5.037,0.007
9253.660875,8276.95,1.13,8041.98,2.26,55.95,0.02,-42.04,2.26,0.155,0.001,-5.037,0.007
9255.619562,8277.97,1.19,8045.77,2.38,55.95,0.02,-39.53,2.38,0.155,0.001,-5.036,0.008
9277.488647,8281.67,1.02,8036.64,2.04,55.94,0.01,-41.81,2.04,0.155,0.001,-5.037,0.005
9286.574324,8277.32,1.63,8042.31,3.26,56.00,0.02,-46.39,3.26,0.148,0.002,-5.088,0.013
9288.553355,8284.32,1.22,8042.85,2.44,55.95,0.02,-41.42,2.44,0.152,0.001,-5.056,0.008
9289.493316,8281.11,1.16,8038.78,2.32,56.00,0.02,-41.96,2.32,0.156,0.001,-5.031,0.007
9295.546214,8289.09,2.60,8030.98,5.19,56.02,0.04,-42.12,5.19,0.141,0.004,-5.137,0.032
9303.545257,8289.17,2.58,8042.24,5.17,56.01,0.04,-41.30,5.17,0.152,0.004,-5.058,0.029
9306.530587,8285.50,1.35,8046.69,2.70,55.96,0.02,-46.75,2.70,0.153,0.001,-5.049,0.010
9307.487307,8282.88,0.96,8043.89,1.92,55.94,0.01,-43.26,1.92,0.156,0.001,-5.029,0.005
9330.520232,8290.01,1.56,8038.54,3.11,55.93,0.02,-42.39,3.11,0.154,0.002,-5.045,0.014
9332.511371,8294.39,1.21,8039.73,2.42,55.89,0.02,-43.71,2.42,0.155,0.001,-5.035,0.008
9349.352925,8289.02,2.04,8060.41,4.08,51.09,0.03,-41.28,4.08,0.166,0.002,-4.973,0.014
9371.363797,8298.00,2.75,8065.63,5.49,51.17,0.03,-34.47,5.49,0.182,0.004,-4.889,0.022
9381.381710,8304.40,1.64,8040.35,3.29,55.92,0.02,-41.27,3.29,0.159,0.002,-5.014,0.015