69084,38392,k,rk59.76,2452235.919144,-18.36,1.515621,115509.0,
,69085,38392,k,rk59.377,2452237.900058,-15.99,1.433238,110375.0,
,69086,38392,k,rk59.482,2452238.887315,-20.98,1.530201,99419.0,
,69087,38392,k,rk67.509,2452538.080787,-2.73,1.70334,94112.0,
,69088,38392,k,rk69.480,2452602.962882,-0.61,1.455129,121749.0,
,69089,38392,k,rk79.31,2452924.105451,-27.54,1.665347,114411.0,
,69090,38392,j,rj02.614,2453303.077616,-4.48,0.995412,0.462,109484.0,
,69091,38392,j,rj02.615,2453303.078634,-5.75,0.951207,0.463,110938.0,
,69092,38392,j,rj03.598,2453340.048229,-4.82,1.008982,0.441,107110.0,
,69093,38392,j,rj04.438,2453368.932407,-9.59,1.016827,0.459,104548.0,
,69094,38392,j,rj06.296,2453425.779294,7.23,1.014352,0.45,102491.0,
,69095,38392,j,rj06.622,2453426.756065,3.70,1.015253,0.469,100341.0,
,69096,38392,j,rj24.360,2454024.109583,-4.03,1.008912,0.473,78713.0,
,69097,38392,j,rj102.208,2455472.085416,-1.60,0.98056,0.483,52684.0,
,69098,38392,j,rj161.144,2456208.054409,-16.76,1.165292,0.474,27497.0,
,69099,38392,j,rj194.980,2456911.140453,13.75,1.242762,0.4837,27255.0,
,69100,38392,j,rj218.408,2457354.929516,-4.35,1.302335,0.4476,50161.0,
,69101,38392,j,rj222.482,2457413.770461,6.85,1.17379,0.4904,32498.0,
,69102,38392,j,rj224.93,2457422.77505,-15.18,1.226782,0.4616,29508.0,
,69103,38392,j,rj243.145,2457679.161417,-7.84,1.193789,0.4131,24278.0,
,69104,38392,j,rj245.157,2457703.967444,6.47,1.438618,0.4206,26674.0,
,69105,38392,j,rj305.801,2458389.129985,14.43,1.433968,0.4801,27079.0,
,69106,38392,j,rj306.364,2458397.05679,-1.10,1.099226,0.4577,25567.0,
,69107,38392,j,rj317.95,2458508.955904,0.97,1.367432,0.484,26409.0,
,69108,38392,j,rj351.445,2458796.075856,0.06,1.350264,0.4787,27437.0,
,69109,38529,k,rk8.73,2450418.959317,83.30,1.319043,267194.0,
,69110,38529,k,rk11.16,2450545.771238,20.37,1.353289,194626.0,
,69111,38529,k,rk16.249,2450787.014317,-61.75,1.404752,111086.0,
,69112,38529,k,rk17.232,2450807.061991,-62.75,1.303468,73318.0,
,69113,38529,k,rk18.33,2450837.758229,-103.62,1.502564,325723.0,
,69114,38529,k,rk18.181,2450838.784387,-105.63,1.4277,77391.0,
,69115,38529,k,rk19.20,2450861.729653,-23.16,1.424141,93194.0,
,69116,38529,k,rk19.130,2450862.725174,-34.15,1.461726,95775.0,
,69117,38529,k,rk25.632,2451073.058843,-57.22,1.323259,107277.0,
,69118,38529,k,rk27.67,2451170.895428,-76.53,1.493436,133022.0,
,69119,38529,k,rk29.41,2451226.82978,-112.74,1.39942,76107.0,
,69120,38529,k,rk29.150,2451227.757674,-100.85,1.63109,178371.0,
,69121,38529,k,rk29.296,2451228.852199,-85.90,1.516235,117483.0,
,69122,38529,k,rk29.382,2451229.773819,-74.77,1.531614,85706.0,
,69123,38529,k,rk38.67,2451550.8789,3.14,1.391203,129706.0,
,69124,38529,k,rk38.202,2451551.908542,-37.14,1.561758,222829.0,
,69125,38529,k,rk38.318,2451552.856597,-65.26,1.255191,169302.0,
,69126,38529,k,rk39.46,2451580.847002,-40.95,1.378588,101976.0,
,69127,38529,k,rk39.157,2451581.757477,-58.55,1.510738,77178.0,
,69128,38529,k,rk39.288,2451582.791701,-57.28,1.416419,84843.0,
,69129,38529,k,rk39.437,2451583.912975,-45.40,1.626458,68538.0,
,69130,38529,k,rk39.517,2451584.708773,-33.30,2.090517,19333.0,
,69131,38529,k,rk39.518,2451584.711968,-36.16,1.964802,33191.0,
,69132,38529,k,rk39.521,2451584.783738,-34.83,1.393061,86247.0,
,69133,38529,k,rk39.633,2451585.909259,-21.28,1.528469,57431.0,
,69134,38529,k,rk45.71,2451793.121273,113.24,1.495156,66509.0,
,69135,38529,k,rk46.79,2451882.942859,41.31,1.68245,78166.0,
,69136,38529,k,rk46.237,2451884.089178,53.98,1.525907,75401.0,
,69137,38529,k,rk47.128,2451898.073692,75.39,1.497334,77382.0,
,69138,38529,k,rk47.221,2451899.047975,78.25,1.603607,92546.0,
,69139,38529,k,rk47.388,2451900.067558,98.26,1.379486,97552.0,
,69140,38529,k,rk48.190,2451973.750405,169.61,1.304048,102674.0,
,69141,38529,k,rk48.311,2451974.767488,184.34,1.444627,102248.0,
,69142,38529,k,rk50.126,2452003.75015,205.35,1.521603,104207.0,
,69143,38529,k,rk51.226,2452007.762199,232.57,1.337941,103136.0,
,69144,38529,k,rk55.604,2452134.136296,303.93,1.556012,92248.0,
,69145,38529,k,rk57.64,2452188.146574,264.60,1.65944,81842.0,
,69146,38529,k,rk58.126,2452218.983484,291.94,1.548962,93163.0,
,69147,38529,k,rk58.264,2452220.083009,302.03,1.999871,83477.0,
,69148,38529,k,rk59.68,2452235.890394,320.79,1.471082,105837.0,
,69149,38529,k,rk59.286,2452236.911343,312.93,1.44898,102505.0,
,69150,38529,k,rk59.485,2452238.896968,238.08,1.455589,94145.0,
,69151,38529,k,rk59.566,2452242.934815,231.08,1.396228,104086.0,
,69152,38529,k,rk60.67,2452307.814421,300.54,1.773191,83323.0,
,69153,38529,k,rk61.223,2452334.775903,274.07,1.704686,84299.0,
,69154,38529,k,rk66.322,2452516.137153,54.59,1.494711,97539.0,
,69155,38529,k,rk67.143,2452536.10309,100.39,1.410955,87906.0,
,69156,38529,k,rk69.485,2452602.979861,51.41,1.66635,110903.0,
,69157,38529,j,rj15.1477,2453750.837303,40.05,1.233403,0.154,32486.0,
,69158,38529,j,rj15.1478,2453750.837905,39.27,1.263848,0.154,29560.0,
,69159,38529,j,rj15.1479,2453750.839132,34.56,0.980844,0.153,103173.0,
,69160,38529,j,rj15.1773,2453751.878079,56.26,0.957788,0.153,99919.0,
,69161,38529,j,rj15.1961,2453752.884016,55.44,0.942642,0.154,101096.0,
,69162,38529,j,rj15.2369,2453753.895081,39.46,0.986888,0.153,103487.0,
,69163,38529,j,rj16.132,2453775.747373,3.15,0.854588,0.161,102313.0,
,69164,38529,j,rj16.584,2453776.88015,18.09,0.915776,0.162,102129.0,
,69165,38529,j,rj43.248,2454336.130035,269.31,1.111927,0.16,73709.0,
,69166,38529,j,rj45.233,2454344.10287,191.24,1.085848,0.16,74574.0,
,69167,38529,j,rj45.612,2454345.123947,200.67,0.969985,0.162,74808.0,
,69168,38529,j,rj47.412,2454398.075706,280.26,1.179652,0.17,72974.0,
,69169,38529,j,rj48.174,2454427.963252,218.68,1.174805,0.176,73540.0,
,69170,38529,j,rj50.281,2454492.848692,195.84,1.082384,0.165,50246.0,
,69171,38529,j,rj59.2320,2454725.128854,72.93,1.1141,0.174,48410.0,
,69172,38529,j,rj61.775,2454780.043889,8.88,1.161656,0.174,47496.0,
,69173,38529,j,rj64.172,2454839.006198,17.69,1.249794,0.174,47651.0,
,69174,38529,j,rj65.133,2454846.973306,-82.19,1.238638,0.171,46712.0,
,69175,38529,j,rj66.137,2454864.967142,-27.97,1.141148,0.177,47339.0,
,69176,38529,j,rj67.964,2454934.739748,-79.17,1.141357,0.17,46868.0,
,69177,38529,j,rj76.1575,2455081.134959,-38.57,1.224606,0.177,49623.0,
,69178,38529,j,rj76.1724,2455082.119422,-20.28,1.0906,0.177,49396.0,
,69179,38529,j,rj77.503,2455109.100237,-58.14,1.11558,0.175,46934.0,
,69180,38529,j,rj80.839,2455172.936546,-149.40,1.240027,0.164,47584.0,
,69181,38529,j,rj81.589,2455189.830414,-124.92,1.103512,0.172,48758.0,
,69182,38529,j,rj86.346,2455261.710144,-124.05,1.136946,0.169,46687.0,
,69183,38529,j,rj87.73,2455284.772217,-38.45,1.098146,0.164,48553.0,
,69184,38529,j,rj87.317,2455285.714921,-67.67,1.144203,0.166,48486.0,
,69185,38529,j,rj89.280,2455312.717746,-34.19,1.183318,0.158,48557.0,
,69186,38529,j,rj90.673,2455320.724162,-101.84,1.223061,0.164,48811.0,
,69187,38529,j,rj97.2209,2455436.132362,-72.62,1.072069,0.165,49930.0,
,69188,38529,j,rj97.3075,2455440.141063,-20.48,1.043169,0.163,48088.0,
,69189,38529,j,rj853.254,2455463.128981,-98.46,0.927193,0.1668,76465.0,
,69190,38529,j,rj853.255,2455463.129803,-95.31,0.898214,0.1671,77938.0,
,69191,38529,j,rj853.256,2455463.130602,-99.47,0.928882,0.1671,78885.0,
,69192,38529,j,rj853.257,2455463.131401,-96.75,0.91807,0.1677,77367.0,
,69193,38529,j,rj853.258,2455463.132211,-97.33,0.902607,0.1672,78406.0,
,69194,38529,j,rj102.274,2455472.155295,-71.77,1.060605,0.159,50078.0,
,69195,38529,j,rj102.275,2455472.156013,-67.91,1.177277,0.159,48757.0,
,69196,38529,j,rj855.189,2455516.092098,-111.63,0.98813,0.1596,77926.0,
,69197,38529,j,rj855.190,2455516.092886,-110.30,1.013013,0.1595,74889.0,
,69198,38529,j,rj855.191,2455516.093684,-112.81,1.04826,0.1591,79591.0,
,69199,38529,j,rj855.192,2455516.094471,-113.50,1.131057,0.1592,75466.0,
,69200,38529,j,rj855.193,2455516.095258,-110.30,0.991095,0.1594,77956.0,
,69201,38529,j,rj110.562,2455546.067639,-125.36,1.165683,0.156,49933.0,
,69202,38529,j,rj859.180,2455548.988316,-100.33,1.119933,0.1563,79074.0,
,69203,38529,j,rj859.181,2455548.989161,-98.26,1.080829,0.1569,76990.0,
,69204,38529,j,rj859.182,2455548.990006,-98.12,1.079119,0.1572,78050.0,
,69205,38529,j,rj859.183,2455548.990851,-96.60,1.076814,0.1572,79175.0,
,69206,38529,j,rj859.184,2455548.991684,-100.53,1.20931,0.1568,79070.0,
,69207,38529,j,rj862.130,2455578.88514,-70.40,1.025246,0.1556,76055.0,
,69208,38529,j,rj862.131,2455578.88676,-71.92,1.011035,0.1556,76885.0,
,69209,38529,j,rj862.132,2455578.888461,-72.67,1.04643,0.1558,77134.0,
,69210,38529,j,rj113.151,2455584.93902,-11.99,1.106722,0.157,49582.0,
,69211,38529,j,rj114.261,2455606.95479,-81.49,1.280771,0.155,50081.0,
,69212,38529,j,rj116.120,2455633.819517,-101.81,1.063623,0.16,51062.0,
,69213,38529,j,rj867.119,2455638.776316,-28.99,0.963458,0.1606,78016.0,
,69214,38529,j,rj867.120,2455638.777334,-27.75,1.046543,0.1614,76792.0,
,69215,38529,j,rj867.121,2455638.778422,-24.62,0.948991,0.1609,78481.0,
,69216,38529,j,rj867.122,2455638.779568,-27.50,1.04224,0.161,76138.0,
,69217,38529,j,rj867.123,2455638.780575,-23.37,0.993942,0.1607,77801.0,
,69218,38529,j,rj118.1276,2455673.747941,-95.99,0.966825,0.156,48784.0,
,69219,38529,j,rj131.749,2455810.137278,4.37,1.165319,0.157,51387.0,
,69220,38529,j,rj883.196,2455877.007643,-45.22,1.002735,0.1594,77853.0,
,69221,38529,j,rj883.197,2455877.008604,-45.70,1.095735,0.1594,78767.0,
,69222,38529,j,rj883.198,2455877.009576,-47.18,1.122978,0.1592,77056.0,
,69223,38529,j,rj883.199,2455877.010537,-47.62,1.121287,0.1598,76670.0,
,69224,38529,j,rj883.200,2455877.011475,-46.59,1.032061,0.1595,76634.0,
,69225,38529,j,rj145.94,2455972.782002,35.84,1.108247,0.153,48679.0,
,69226,38529,j,rj148.73,2456018.723771,-10.41,1.16447,0.156,46425.0,
,69227,38529,j,rj891.120,2456026.760154,86.82,1.108927,0.1556,66866.0,
,69228,38529,j,rj160.92,2456203.005546,93.51,1.200972,0.154,47965.0,
,69229,38529,j,rj165.389,2456319.753342,137.28,1.072951,0.16,52077.0,
,69230,38529,j,rj180.958,2456534.131303,192.37,1.037826,0.168,51840.0,
,69231,38529,j,rj183.492,2456589.161295,164.75,1.135738,0.163,49387.0,
,69232,38529,j,rj186.185,2456674.835721,120.49,1.105283,0.1735,51040.0,
,69233,38529,j,rj911.216,2456675.965725,95.46,1.023376,0.1737,77829.0,
,69234,38529,j,rj911.217,2456675.966524,96.17,1.056053,0.1736,76450.0,
,69235,38529,j,rj911.218,2456675.967311,98.23,0.982505,0.1733,79160.0,
,69236,38529,j,rj911.219,2456675.968132,95.75,1.017613,0.1733,81679.0,
,69237,38529,j,rj911.220,2456675.968919,93.60,1.058783,0.1737,78860.0,
,69238,38529,j,rj193.127,2456889.132491,-16.86,1.195614,0.1735,50394.0,
,69239,38529,j,rj213.438,2457295.15507,-104.00,1.1491,46549.0,
,69240,38529,j,rj214.132,2457297.154903,-68.86,1.066298,0.1755,48545.0,
,69241,38529,j,rj242.380,2457673.159188,-6.47,1.438163,0.1697,25482.0,
,69242,38529,j,rj282.262,2458150.708659,-13.90,1.606355,0.1118,23357.0,
,69243,38529,j,rj283.66,2458154.708906,23.38,1.357935,0.1585,26458.0,
,69244,38529,j,rj301.50,2458361.128818,187.64,1.10667,0.1616,51766.0,
,69245,38529,j,rj310.82,2458439.032802,147.31,2.200306,0.1737,9799.0,
,69246,38529,j,rj329.64,2458615.7184,291.41,1.170506,0.1589,50237.0,
,69247,38529,j,rj351.112,2458794.93217,93.91,1.248699,0.172,49999.0,
,69248,38529,apf,raat.221,2456563.040875,77.02,2.564187,11784.0,
,69249,38529,apf,raau.231,2456564.020281,82.94,2.73243,10591.0,
,69250,38529,apf,raau.234,2456564.039125,87.78,2.466027,10725.0,
,69251,38529,apf,raax.201,2456570.939406,199.57,2.596705,10747.0,
,69252,38529,apf,raay.204,2456573.865541,139.95,2.76387,11058.0,
,69253,38529,apf,raay.233,2456574.047687,129.24,2.472345,10682.0,
,69254,38529,apf,raaz.196,2456574.991819,87.63,2.804854,13297.0,
,69255,38529,apf,raba.252,2456578.009576,75.86,2.407408,10340.0,
,69256,38529,apf,raba.253,2456578.010757,84.80,2.479174,10478.0,
,69257,38529,apf,raba.254,2456578.011938,80.59,2.621156,10265.0,
,69258,38529,apf,rabc.234,2456581.954464,139.10,2.68948,10460.0,
,69259,38529,apf,rabc.235,2456581.955726,137.56,2.656123,10208.0,
,69260,38529,apf,rabc.236,2456581.957034,144.38,2.67118,10370.0,
,69261,38529,apf,rabd.242,2456582.906486,154.77,2.679722,9969.0,
,69262,38529,apf,rabd.243,2456582.907829,150.31,2.708837,9967.0,
,69263,38529,apf,rabd.244,2456582.909172,158.03,2.664658,10183.0,
,69264,38529,apf,rabd.283,2456583.02116,158.05,2.673773,10397.0,
,69265,38529,apf,rabd.284,2456583.022491,154.77,2.885546,10256.0,
,69266,38529,apf,rabd.285,2456583.02381,160.06,2.68066,10156.0,
,69267,38529,apf,rabe.211,2456583.880025,166.30,2.799382,10401.0,
,69268,38529,apf,rabe.212,2456583.881507,168.82,2.637475,10264.0,
,69269,38529,apf,rabe.213,2456583.883127,160.32,2.733113,10727.0,
,69270,38529,apf,rabe.240,2456583.987083,161.07,2.818363,10428.0,
,69271,38529,apf,rabe.241,2456583.988309,167.68,2.757912,10338.0,
,69272,38529,apf,rabe.242,2456583.989536,169.26,2.794147,10483.0,
,69273,38529,apf,rabf.239,2456588.853366,110.37,2.507389,9966.0,
,69274,38529,apf,rabf.240,2456588.854732,107.09,2.706587,10042.0,
,69275,38529,apf,rabf.241,2456588.856075,99.36,2.802363,9721.0,
,69276,38529,apf,rabf.271,2456588.932932,101.70,2.447228,10074.0,
,69277,38529,apf,rabf.272,2456588.934159,98.38,2.661444,10196.0,
,69278,38529,apf,rabf.273,2456588.935409,95.48,2.722165,10420.0,
,69279,38529,apf,rabf.291,2456588.995449,103.37,2.74023,10066.0,
,69280,38529,apf,rabf.292,2456588.996664,93.95,2.729961,10172.0,
,69281,38529,apf,rabf.293,2456588.997903,94.06,2.732758,10070.0,
,69282,38529,apf,rabg.226,2456589.895482,61.17,2.477597,10147.0,
,69283,38529,apf,rabg.227,2456589.896813,65.06,2.76484,10146.0,
,69284,38529,apf,rabg.228,2456589.898133,70.30,2.759703,9966.0,
,69285,38529,apf,rabg.254,2456589.983162,62.65,2.585634,10366.0,
,69286,38529,apf,rabg.255,2456589.984366,66.62,2.586238,10400.0,
,69287,38529,apf,rabg.256,2456589.98557,66.46,2.885868,10316.0,
,69288,38529,apf,rabh.176,2456590.886216,45.50,2.798045,9665.0,
,69289,38529,apf,rabh.177,2456590.887547,47.95,2.72048,9833.0,
,69290,38529,apf,rabh.178,2456590.888901,57.53,2.7654,9656.0,
,69291,38529,apf,rabh.204,2456591.008621,52.29,2.519717,9628.0,
,69292,38529,apf,rabh.205,2456591.009917,61.26,2.665279,9663.0,
,69293,38529,apf,rabh.206,2456591.011225,50.49,2.798266,9554.0,
,69294,38529,apf,rabi.194,2456591.84609,60.76,2.581941,9304.0,
,69295,38529,apf,rabi.195,2456591.847375,64.26,2.778915,9245.0,
,69296,38529,apf,rabi.196,2456591.848671,64.29,2.736258,9264.0,
,69297,38529,apf,rabi.225,2456591.953077,61.14,2.6833,9647.0,
,69298,38529,apf,rabi.226,2456591.954235,64.79,2.778502,9588.0,
,69299,38529,apf,rabi.227,2456591.955381,62.26,2.915785,9658.0,
,69300,38529,apf,rabi.250,2456592.035699,58.93,2.657504,9501.0,
,69301,38529,apf,rabi.251,2456592.036903,69.85,2.680177,9346.0,
,69302,38529,apf,rabi.252,2456592.038095,62.80,2.837242,9504.0,
,69303,38529,apf,rabk.186,2456597.893079,160.10,2.634219,9764.0,
,69304,38529,apf,rabk.187,2456597.894445,162.08,2.954457,9478.0,
,69305,38529,apf,rabk.188,2456597.895776,160.87,2.932551,9715.0,
,69306,38529,apf,rabk.226,2456597.985655,157.00,2.553568,9891.0,
,69307,38529,apf,rabk.227,2456597.986916,159.47,2.782663,9758.0,
,69308,38529,apf,rabk.228,2456597.988189,161.20,2.787838,9820.0,
,69309,38529,apf,rabl.182,2456606.860847,79.95,2.950564,9956.0,
,69310,38529,apf,rabl.183,2456606.862225,86.16,2.8932,9798.0,
,69311,38529,apf,rabl.184,2456606.86359,76.79,2.722076,9560.0,
,69312,38529,apf,rabl.211,2456606.978666,99.58,2.777972,9715.0,
,69313,38529,apf,rabl.212,2456606.979986,90.75,2.869991,9848.0,
,69314,38529,apf,rabl.213,2456606.981375,94.32,2.555308,10001.0,
,69315,38529,apf,rabl.242,2456607.075477,87.44,3.034882,10186.0,
,69316,38529,apf,rabl.243,2456607.077387,84.23,2.845839,10672.0,
,69317,38529,apf,rabl.244,2456607.079147,87.09,2.852036,9576.0,
,69318,38529,apf,rabm.212,2456607.860313,95.37,2.791771,10007.0,
,69319,38529,apf,rabm.213,2456607.861563,96.53,2.749209,9967.0,
,69320,38529,apf,rabm.214,2456607.862836,90.60,2.958021,9835.0,
,69321,38529,apf,rabm.251,2456607.957008,96.04,2.889178,9969.0,
,69322,38529,apf,rabm.252,2456607.95827,97.61,2.902109,9931.0,
,69323,38529,apf,rabm.253,2456607.959543,101.61,2.732165,9842.0,
,69324,38529,apf,rabm.285,2456608.076922,97.24,2.851197,10134.0,
,69325,38529,apf,rabm.286,2456608.07882,91.35,2.784653,10076.0,
,69326,38529,apf,rabm.287,2456608.080684,91.92,2.851102,9949.0,
,69327,38529,apf,rabn.204,2456610.913752,123.07,2.624376,10687.0,
,69328,38529,apf,rabn.205,2456610.916761,119.10,2.718355,10774.0,
,69329,38529,apf,rabn.206,2456610.91984,123.47,2.744819,10548.0,
,69330,38529,apf,rabn.231,2456611.048909,120.14,2.493935,10365.0,
,69331,38529,apf,rabn.232,2456611.050912,124.35,2.560853,10321.0,
,69332,38529,apf,rabn.233,2456611.052798,116.77,2.550924,10173.0,
,69333,38529,apf,rabq.184,2456619.042481,43.03,2.246595,19821.0,
,69334,38529,apf,rabr.206,2456620.051722,49.02,2.698362,12406.0,
,69335,38529,apf,rabu.165,2456624.82674,98.75,2.879772,9749.0,
,69336,38529,apf,rabu.166,2456624.830791,96.83,3.027144,7652.0,
,69337,38529,apf,rabu.167,2456624.833603,100.36,2.882418,9754.0,
,69338,38529,apf,rabu.198,2456624.98671,98.75,3.027444,6845.0,
,69339,38529,apf,rabu.199,2456624.99046,100.01,3.157028,7120.0,
,69340,38529,apf,rabu.200,2456624.994419,94.97,3.514609,4858.0,
,69341,38529,apf,rabv.200,2456626.826973,122.77,2.668498,9798.0,
,69342,38529,apf,rabv.201,2456626.828304,117.62,2.924286,9679.0,
,69343,38529,apf,rabv.202,2456626.829624,130.21,2.760442,9699.0,
,69344,38529,apf,rabv.240,2456626.97251,123.19,2.600987,9524.0,
,69345,38529,apf,rabv.241,2456626.973725,119.43,2.674131,9320.0,
,69346,38529,apf,rabv.242,2456626.974929,123.66,2.800531,9616.0,
,69347,38529,apf,rabv.257,2456627.023773,122.54,2.625238,9422.0,
,69348,38529,apf,rabv.258,2456627.025139,119.83,2.697761,9494.0,
,69349,38529,apf,rabv.259,2456627.026551,120.80,2.720381,9483.0,
,69350,38529,apf,rabw.176,2456628.80426,136.77,2.4334,11923.0,
,69351,38529,apf,rabw.177,2456628.808115,136.20,2.717721,10813.0,
,69352,38529,apf,rabw.178,2456628.812108,147.53,2.598587,11764.0,
,69353,38529,apf,rabw.204,2456628.918002,147.43,2.451098,11536.0,
,69354,38529,apf,rabw.205,2456628.920768,143.05,2.416998,11359.0,
,69355,38529,apf,rabw.206,2456628.923117,143.30,2.621003,10817.0,
,69356,38529,apf,rabw.233,2456629.029833,144.87,2.52237,11902.0,
,69357,38529,apf,rabw.234,2456629.032842,141.80,2.721551,12076.0,
,69358,38529,apf,rabw.235,2456629.036349,145.63,2.665963,12305.0,
,69359,38529,apf,raby.167,2456631.723483,65.26,2.830001,15723.0,
,69360,38529,apf,raby.195,2456631.83764,54.09,2.680139,15005.0,
,69361,38529,apf,raby.221,2456631.974356,49.68,2.925739,15233.0,
,69362,38529,apf,rabz.194,2456632.75502,44.26,2.198274,21436.0,
,69363,38529,apf,rabz.232,2456632.875682,42.57,2.084491,21302.0,
,69364,38529,apf,rabz.262,2456633.009492,37.86,1.992067,24425.0,
,69365,38529,apf,racc.116,2456644.710226,120.63,3.151406,11340.0,
,69366,38529,apf,racc.125,2456644.822992,121.33,4.019127,5511.0,
,69367,38529,apf,racd.230,2456647.847381,20.32,2.174902,21443.0,
,69368,38529,apf,racd.263,2456647.99127,19.45,2.197834,24952.0,
,69369,38529,apf,race.179,2456648.743811,13.92,2.725534,11578.0,
,69370,38529,apf,race.180,2456648.746068,19.47,2.590546,11839.0,
,69371,38529,apf,race.181,2456648.748753,17.64,2.406904,12381.0,
,69372,38529,apf,race.210,2456648.944689,19.18,2.419475,13165.0,
,69373,38529,apf,race.211,2456648.947826,21.80,2.929335,12239.0,
,69374,38529,apf,race.212,2456648.950986,18.37,2.617878,12611.0,
,69375,38529,apf,racf.172,2456662.703351,-2.06,2.229834,20635.0,
,69376,38529,apf,racf.202,2456662.788545,-7.18,2.202103,20861.0,
,69377,38529,apf,racf.255,2456662.982474,5.22,2.412298,10646.0,
,69378,38529,apf,racg.178,2456663.67603,10.10,2.850609,10333.0,
,69379,38529,apf,racg.179,2456663.6775,16.30,2.716565,10403.0,
,69380,38529,apf,racg.180,2456663.678935,12.55,2.686628,10301.0,
,69381,38529,apf,racg.221,2456663.852228,4.53,2.496666,10664.0,
,69382,38529,apf,racg.222,2456663.853779,13.32,2.596307,10928.0,
,69383,38529,apf,racg.223,2456663.855295,8.17,2.619117,10513.0,
,69384,38529,apf,raci.197,2456667.820774,62.89,2.617493,11176.0,
,69385,38529,apf,raci.198,2456667.822741,56.91,2.68256,11390.0,
,69386,38529,apf,raci.199,2456667.824801,58.28,2.741066,11098.0,
,69387,38529,apf,raci.224,2456667.930538,58.80,2.779257,11367.0,
,69388,38529,apf,raci.225,2456667.934034,60.17,2.6842,11474.0,
,69389,38529,apf,raci.226,2456667.937008,60.95,2.651218,11268.0,
,69390,38529,apf,rack.178,2456671.820498,101.86,2.259605,19518.0,
,69391,38529,apf,rack.179,2456671.824341,103.20,2.286231,19452.0,
,69392,38529,apf,rack.180,2456671.828299,102.70,2.33353,19234.0,
,69393,38529,apf,racl.196,2456674.737034,45.88,2.363765,16672.0,
,69394,38529,apf,racl.197,2456674.739001,41.45,2.401236,16803.0,
,69395,38529,apf,racl.198,2456674.741015,44.07,2.480484,16689.0,
,69396,38529,apf,racm.202,2456675.808071,13.42,2.666156,11822.0,
,69397,38529,apf,racm.203,2456675.809564,14.59,2.740067,11655.0,
,69398,38529,apf,racm.204,2456675.811057,14.47,2.498415,11823.0,
,69399,38529,apf,racm.225,2456675.877477,10.97,2.724247,11377.0,
,69400,38529,apf,racm.226,2456675.879051,6.08,2.985318,11535.0,
,69401,38529,apf,racm.227,2456675.880648,13.32,2.55723,11661.0,
,69402,38529,apf,racn.150,2456678.847743,21.22,2.611942,11583.0,
,69403,38529,apf,racn.151,2456678.849583,22.07,2.305732,11669.0,
,69404,38529,apf,racn.152,2456678.85147,20.35,2.462166,11137.0,
,69405,38529,apf,raco.185,2456679.771097,27.80,2.547123,9912.0,
,69406,38529,apf,raco.204,2456679.883186,32.19,2.22393,19599.0,
,69407,38529,apf,racp.161,2456682.641515,59.05,2.272244,23218.0,
,69408,38529,apf,racp.186,2456682.746532,64.46,2.313398,23985.0,
,69409,38529,apf,racq.205,2456683.841908,69.41,2.818611,10730.0,
,69410,38529,apf,racq.206,2456683.844142,74.53,2.79405,10977.0,
,69411,38529,apf,racq.207,2456683.846259,67.62,2.728907,10915.0,
,69412,38529,apf,racr.173,2456689.755865,-6.88,2.154065,18649.0,
,69413,38529,apf,racr.198,2456689.87279,-6.13,2.256183,16921.0,
,69414,38529,apf,ract.162,2456693.852181,9.63,2.298011,16782.0,
,69415,38529,apf,racw.166,2456705.665399,-27.31,2.384938,15674.0,
,69416,38529,apf,racx.206,2456708.78072,11.25,2.545602,20232.0,
,69417,38529,apf,radb.165,2456724.648188,24.50,2.51019,16664.0,
,69418,38529,apf,radb.179,2456724.728007,21.55,2.659725,10409.0,
,69419,38529,apf,radb.180,2456724.730726,23.01,2.653599,10105.0,
,69420,38529,apf,radb.181,2456724.73384,27.22,2.911967,11010.0,
,69421,38529,apf,radd.187,2456728.719481,75.40,2.561249,12916.0,
,69422,38529,apf,radf.195,2456732.742536,-33.83,3.054316,10183.0,
,69423,38529,apf,radl.184,2456753.665985,-5.55,2.297814,33141.0,
,69424,38529,apf,rafz.256,2456896.006594,-106.22,2.546909,14992.0,
,69425,38529,apf,ragt.228,2456938.037623,-129.28,2.138459,18148.0,
,69426,38529,apf,ragv.153,2456941.980775,-61.13,2.199682,19248.0,
,69427,38529,apf,ragx.248,2456950.056465,-163.72,2.129064,26472.0,
,69428,38529,apf,rahn.218,2457015.839386,-90.36,2.256305,17090.0,
,69429,38529,apf,raho.206,2457026.766984,-99.17,2.162278,25651.0,
,69430,38529,apf,rahv.219,2457042.770717,-90.28,2.535546,17934.0,
,69431,38529,apf,rahw.215,2457044.889611,-92.24,2.572664,15727.0,
,69432,38529,apf,rahy.216,2457047.855811,-200.77,2.160094,15687.0,
,69433,38529,apf,raia.196,2457050.705376,-183.38,3.34663,5768.0,
,69434,38529,apf,raia.197,2457050.708454,-191.50,3.195434,5731.0,
,69435,38529,apf,rale.331,2457261.001086,-189.30,2.813139,9283.0,
,69436,38529,apf,rale.332,2457261.002892,-185.85,2.781091,10501.0,
,69437,38529,apf,rale.333,2457261.004721,-191.14,2.795465,8876.0,
,69438,38529,apf,rali.306,2457270.012546,-141.25,2.611638,9786.0,
,69439,38529,apf,rali.307,2457270.014306,-141.81,2.649752,9974.0,
,69440,38529,apf,rali.308,2457270.016019,-139.32,2.612046,10417.0,
,69441,38529,apf,ralk.306,2457274.977816,-158.12,2.836058,9272.0,
,69442,38529,apf,ralk.307,2457274.979691,-150.74,2.974694,9563.0,
,69443,38529,apf,ralk.308,2457274.981508,-156.60,2.938257,9671.0,
,69444,38529,apf,ralp.274,2457283.954119,-142.34,3.222249,7070.0,
,69445,38529,apf,ralp.275,2457283.956585,-146.42,2.865604,7398.0,
,69446,38529,apf,ralp.276,2457283.958946,-146.93,3.288718,7849.0,
,69447,38529,apf,ralq.284,2457286.942043,-112.29,3.184793,9802.0,
,69448,38529,apf,ralq.285,2457286.943768,-114.68,2.887132,9861.0,
,69449,38529,apf,ralq.286,2457286.945504,-108.26,2.761805,9777.0,
,69450,38529,apf,ralx.326,2457306.040487,-225.27,2.983197,7443.0,
,69451,38529,apf,ralx.327,2457306.041795,-224.45,2.870907,7659.0,
,69452,38529,apf,ralx.328,2457306.043103,-226.36,3.086426,7314.0,
,69453,38529,apf,raly.337,2457309.059749,-216.31,3.076014,7748.0,
,69454,38529,apf,raly.338,2457309.061045,-214.20,3.127228,7342.0,
,69455,38529,apf,raly.339,2457309.062341,-206.70,2.978155,7770.0,
,69456,38529,apf,rama.232,2457313.057765,-143.16,2.439074,18350.0,
,69457,38529,apf,ramd.294,2457322.018009,-214.91,2.543943,11951.0,
,69458,38529,apf,ramd.295,2457322.019572,-213.63,2.732399,11643.0,
,69459,38529,apf,ramd.296,2457322.021146,-215.87,2.516092,12376.0,
,69460,38529,apf,ramh.224,2457331.01788,-99.70,3.539369,5308.0,
,69461,38529,apf,ramh.225,2457331.019339,-99.99,2.308104,14216.0,
,69462,38529,apf,ramh.226,2457331.023691,-107.82,3.28141,5416.0,
,69463,38529,apf,rami.321,2457333.002855,-167.23,3.151769,6775.0,
,69464,38529,apf,rami.322,2457333.00414,-170.41,3.222619,7041.0,
,69465,38529,apf,rami.323,2457333.005529,-171.49,2.882133,7417.0,
,69466,38529,apf,ramj.315,2457334.962986,-216.61,2.755843,11446.0,
,69467,38529,apf,ramj.316,2457334.964341,-214.43,2.682153,11427.0,
,69468,38529,apf,ramj.317,2457334.965672,-211.91,2.776972,11263.0,
,69469,38529,apf,ramm.310,2457340.946921,-143.90,2.684454,11622.0,
,69470,38529,apf,ramm.311,2457340.948241,-147.82,2.735315,11508.0,
,69471,38529,apf,ramm.312,2457340.949572,-144.59,2.662383,11405.0,
,69472,38529,apf,ramo.240,2457344.996728,-112.56,3.498086,5152.0,
,69473,38529,apf,ramo.241,2457344.998603,-116.67,3.975466,4920.0,
,69474,38529,apf,ramo.242,2457345.000443,-116.53,4.072128,4259.0,
,69475,38529,apf,ramo.264,2457345.091744,-111.84,2.681216,11428.0,
,69476,38529,apf,ramq.281,2457348.893947,-224.12,3.195099,7346.0,
,69477,38529,apf,ramq.282,2457348.89529,-225.22,2.769247,7405.0,
,69478,38529,apf,ramq.283,2457348.896563,-233.12,2.881322,7652.0,
,69479,38529,apf,ramv.142,2457356.940804,-125.06,3.158141,6784.0,
,69480,38529,apf,ramv.143,2457356.942239,-119.08,3.118569,7011.0,
,69481,38529,apf,ramv.144,2457356.943663,-114.06,3.362755,6941.0,
,69482,38529,apf,ramx.205,2457361.76007,-185.75,2.28954,16067.0,
,69483,38529,apf,ramx.247,2457361.883244,-185.89,3.21127,7419.0,
,69484,38529,apf,ramx.248,2457361.884528,-190.23,2.962846,7240.0,
,69485,38529,apf,ramx.249,2457361.885813,-191.13,3.116971,7163.0,
,69486,38529,apf,rana.244,2457365.864612,-176.94,3.034525,8194.0,
,69487,38529,apf,rana.245,2457365.86849,-184.49,2.700085,10577.0,
,69488,38529,apf,rana.246,2457365.872054,-182.79,2.773317,10333.0,
,69489,38529,apf,ranr.236,2457415.726918,-100.15,2.107784,31591.0,
,69490,38529,apf,ranu.252,2457424.744851,-177.42,3.143301,6469.0,
,69491,38529,apf,ranu.253,2457424.746344,-180.37,3.365022,6573.0,
,69492,38529,apf,ranu.254,2457424.747837,-183.78,3.191183,6340.0,
,69493,38529,apf,ranw.263,2457427.750327,-143.48,3.877534,3887.0,
,69494,38529,apf,ranw.264,2457427.75182,-143.54,4.435787,3413.0,
,69495,38529,apf,ranw.265,2457427.75359,-130.98,4.241283,3123.0,
,69496,38529,apf,rase.280,2457633.025763,-150.35,2.086022,29102.0,
,69497,38529,apf,rasp.267,2457650.00903,-209.99,2.412834,18124.0,
,69498,38529,apf,rast.277,2457674.960127,-107.73,2.285381,30985.0,
,69499,38529,apf,ratg.165,2457694.849662,-182.86,2.450128,13275.0,
,69500,38529,apf,ratk.265,2457700.984837,-90.68,2.109714,32527.0,
,69501,38529,apf,ratl.264,2457701.985787,-80.23,2.253501,29669.0,
,69502,38529,apf,ratm.278,2457702.901869,-78.00,2.078941,29750.0,
,69503,38529,apf,ratn.267,2457703.931869,-108.68,2.175863,32396.0,
,69504,38529,apf,rato.281,2457705.906315,-187.65,2.266858,21818.0,
,69505,38529,apf,ratp.289,2457707.871613,-196.10,2.125811,30318.0,
,69506,38529,apf,ratu.306,2457717.926395,-107.28,2.30051,17389.0,
,69507,38529,apf,rauh.270,2457743.850065,-76.83,2.495742,20033.0,
,69508,38529,apf,rauj.223,2457745.79968,-85.12,3.771491,4484.0,
,69509,38529,apf,rauk.246,2457749.798139,-199.58,2.279421,16962.0,
,69510,38529,apf,raul.256,2457751.791728,-186.18,2.460296,13677.0,
,69511,38529,apf,ravb.190,2457780.708103,-167.77,2.425309,16589.0,
,69512,38529,apf,ravc.226,2457783.731236,-115.51,2.245529,17705.0,
,69513,38529,apf,ravd.226,2457784.781238,-94.86,2.287081,15015.0,
,69514,38529,apf,ravj.199,2457796.700208,-142.89,2.33596,17543.0,
,69515,38529,apf,ravk.203,2457798.715641,-110.14,2.490847,14022.0,
,69516,38529,apf,ravy.212,2457821.698487,-178.16,2.392261,19140.0,
,69517,38529,apf,rawh.186,2457838.687606,-156.53,2.706225,14292.0,
,69518,38529,apf,rawm.199,2457847.684819,-121.05,2.393319,15140.0,
,69519,38529,apf,razq.310,2457991.996439,-131.09,2.34909,18860.0,
,69520,38529,apf,razs.269,2457996.013344,-111.77,2.621112,16830.0,
,69521,38529,apf,razt.276,2457997.024427,-101.68,2.34073,18436.0,
,69522,38529,apf,razu.215,2457997.985506,-95.02,2.804776,16535.0,
,69523,38529,apf,rbbi.143,2458078.926879,-125.36,2.376891,30963.0,
,69524,38529,apf,rbbm.264,2458086.798551,-16.35,2.652262,15099.0,
,69525,38529,apf,rbbo.275,2458088.745806,-0.88,2.391359,16722.0,
,69526,38529,apf,rbbo.302,2458088.867244,-6.32,2.292703,30963.0,
,69527,38529,apf,rbbq.188,2458092.875742,-122.21,2.684769,10109.0,
,69528,38529,apf,rbbr.244,2458093.981725,-119.77,2.194359,19131.0,
,69529,38529,apf,rbbs.246,2458094.863905,-113.44,2.275745,16205.0,
,69530,38529,apf,rbbx.228,2458109.803707,-95.53,2.546215,16323.0,
,69531,38529,apf,rbcb.198,2458113.822763,-36.09,3.739425,5310.0,
,69532,38529,apf,rbcc.304,2458115.737943,-6.52,2.456942,15383.0,
,69533,38529,apf,rbck.233,2458131.721807,14.28,2.390031,17968.0,
,69534,38529,apf,rbco.168,2458150.712733,-95.36,2.7132,10486.0,
,69535,38529,apf,rbcq.155,2458155.719158,-43.51,2.154031,18713.0,
,69536,38529,apf,rbcr.216,2458156.711124,-21.87,2.427794,16487.0,
,69537,38529,apf,rbcu.201,2458162.696042,-49.29,2.45608,14123.0,
,69538,38529,apf,rbcw.208,2458166.663734,-82.07,2.217166,17383.0,
,69539,38529,apf,rbcz.203,2458171.718625,4.98,2.538798,14589.0,
,69540,38529,apf,rbdb.198,2458175.719634,17.60,2.483102,14435.0,
,69541,38529,apf,rbdq.205,2458205.696555,-19.89,2.505072,16340.0,
,69542,38529,apf,rbgs.290,2458369.988419,51.15,2.284963,17729.0,
,69543,38529,apf,rbgx.264,2458378.944337,10.73,2.259256,25003.0,
,69544,38529,apf,rbgy.272,2458379.92261,7.69,2.312072,17255.0,
,69545,38529,apf,rbha.271,2458385.994079,103.00,2.018769,27129.0,
,69546,38529,apf,rbhb.279,2458387.990163,126.49,2.371564,17341.0,
,69547,38529,apf,rbhc.281,2458390.046588,116.71,2.321084,15548.0,
,69548,38529,apf,rbis.191,2458475.814511,167.22,2.316422,15947.0,
,69549,38529,apf,rbit.226,2458480.776453,67.06,2.532987,12053.0,
,69550,38529,apf,rbjh.192,2458512.771654,136.67,3.175682,7476.0,
,69551,38529,apf,rbub.394,2458516.717081,-73.67,2.027486,22381.0,
,69552,38529,apf,rbod.139,2458728.001609,127.97,2.064077,25985.0,
,69553,38529,apf,rbou.155,2458745.008682,153.70,2.438062,17606.0,
,69554,38529,apf,rboz.736,2458749.896501,57.82,3.67889,5285.0,
,69555,38529,apf,rbpj.749,2458759.966139,134.57,2.169584,28089.0,
,69556,38529,apf,rbpp.758,2458765.857733,34.62,3.287242,6678.0,
,69557,38529,apf,rbug.103,2458886.834601,5.53,3.694553,5682.0,
,69558,38529,apf,rbuh.399,2458887.749546,13.28,2.307174,22679.0,
,69559,38529,lick,rb77.31,2451101.015625,-101.58,6.573128,3813.0,
,69560,38529,lick,rb77.32,2451101.035156,-111.09,6.400692,5650.0,
,69561,38529,lick,rb77.73,2451102.014648,-88.30,6.168407,4416.0,
,69562,38529,lick,rb77.74,2451102.032227,-87.47,6.683124,3692.0,
,69563,38529,lick,rb78.71,2451131.912109,-91.36,5.991511,12849.0,
,69564,38529,lick,rb78.72,2451131.930664,-79.77,7.057739,10753.0,
,69565,38529,lick,rb78.118,2451132.928711,-67.59,6.018879,14984.0,
,69566,38529,lick,rb80.83,2451154.808594,-140.06,6.886958,11481.0,
,69567,38529,lick,rb81.19,2451173.90625,-104.89,10.693504,4564.0,
,69568,38529,lick,rb81.20,2451173.927734,-112.93,13.497869,3205.0,
,69569,38529,lick,rb81.61,2451174.861328,-55.38,8.876351,6247.0,
,69570,38529,lick,rb81.62,2451174.87793,-73.48,9.846467,4817.0,
,69571,38529,lick,rb81.109,2451175.913086,-77.12,7.650049,9892.0,
,69572,38529,lick,rb81.110,2451175.931641,-63.13,7.570198,8548.0,
,69573,38529,lick,rb82.34,2451206.804688,-84.57,7.441446,8231.0,
,69574,38529,lick,rb83.18,2451212.786133,-159.84,7.470944,9789.0,
,69575,38529,lick,rb83.61,2451213.786133,-171.36,7.606452,8596.0,
,69576,38529,lick,rb98.30,2451454.010742,-146.63,5.712701,16466.0,
,69577,38529,lick,rb98.31,2451454.03125,-152.28,5.831306,15987.0,
,69578,38529,lick,rb98.72,2451455.020508,-151.88,7.66258,7810.0,
,69579,38529,lick,rb98.73,2451455.040039,-146.96,10.578524,6639.0,
,69580,38529,lick,rb99.30,2451468.049805,-163.65,7.209938,10086.0,
,69581,38529,lick,rb99.69,2451468.962891,-154.14,6.020676,12742.0,
,69582,38529,lick,rd01.27,2451482.97168,-132.69,6.917487,9124.0,
,69583,38529,lick,rd01.28,2451482.994141,-119.74,7.128457,7631.0,
,69584,38529,lick,rd02.27,2451496.922852,-127.56,8.08044,7002.0,
,69585,38529,lick,rd02.28,2451496.941406,-139.20,10.861652,3969.0,
,69586,38529,lick,rd06.13,2451532.845703,-49.91,6.105431,21236.0,
,69587,38529,lick,rd06.14,2451532.857422,-46.26,5.500186,24147.0,
,69588,38529,lick,rd06.74,2451533.859375,-32.27,4.881397,35886.0,
,69589,38529,lick,rd06.75,2451533.864258,-26.08,5.020358,33231.0,
,69590,38529,lick,rd06.135,2451534.895508,-20.38,6.087093,17757.0,
,69591,38529,lick,rd06.136,2451534.90332,-22.38,7.269332,12481.0,
,69592,38529,lick,rd06.190,2451535.88147,-44.28,4.538826,39345.0,
,69593,38529,lick,rd06.246,2451536.828125,-75.98,5.543372,24926.0,
,69594,38529,lick,rd06.338,2451539.931641,-122.97,5.771351,21549.0,
,69595,38529,lick,rs09.75,2451543.791016,-65.85,7.075027,13040.0,
,69596,38529,lick,rs09.137,2451546.832031,-32.29,7.608048,11013.0,
,69597,38529,lick,rs10.15,2451571.75293,-82.65,7.18762,14002.0,
,69598,38529,lick,rs10.69,2451572.654297,-68.96,5.723133,16782.0,
,69599,38529,lick,rs10.127,2451573.706055,-67.70,12.353696,4486.0,
,69600,38529,lick,rd07.13,2451581.663086,-121.57,7.916872,11436.0,
,69601,38529,lick,rd07.15,2451581.713867,-115.53,7.624227,13963.0,
,69602,38529,lick,rs11.11,2451593.797852,-54.36,6.469289,33243.0,
,69603,38529,lick,rd08.11,2451607.719727,-31.41,7.725227,11580.0,
,69604,38529,lick,rd08.12,2451607.742188,-15.91,7.662865,12137.0,
,69605,38529,lick,rd09.151,2451629.655273,-51.53,5.661244,52055.0,
,69606,38529,lick,rd17.93,2451815.021484,-3.41,5.769684,21234.0,
,69607,38529,lick,rd17.171,2451817.010742,31.84,7.027961,12615.0,
,69608,38529,lick,rd17.172,2451817.033203,18.23,6.233758,12384.0,
,69609,38529,lick,rd18.31,2451823.012695,20.28,5.604988,22149.0,
,69610,38529,lick,rd18.32,2451823.038086,23.59,6.243422,15976.0,
,69611,38529,lick,rd18.72,2451824.024414,-25.79,5.53478,23034.0,
,69612,38529,lick,rd18.114,2451825.032227,-40.90,5.940201,21833.0,
,69613,38529,lick,rd18.157,2451826.007812,-57.42,6.767009,15401.0,
,69614,38529,lick,rd18.158,2451826.038086,-60.37,6.819821,13359.0,
,69615,38529,lick,rd18.200,2451827.007812,-39.31,6.16707,12875.0,
,69616,38529,lick,rd18.201,2451827.03125,-35.75,11.441911,3582.0,
,69617,38529,lick,rd18.234,2451831.004883,32.41,5.776396,20583.0,
,69618,38529,lick,rd18.235,2451831.033203,36.69,5.654182,20418.0,
,69619,38529,lick,rd19.27,2451831.994141,51.95,5.296625,18130.0,
,69620,38529,lick,rd19.28,2451832.023438,64.36,5.666676,19437.0,
,69621,38529,lick,rd20.65,2451834.949219,74.28,5.491058,24003.0,
,69622,38529,lick,rd20.66,2451834.978516,84.40,4.697071,23103.0,
,69623,38529,lick,rd22.29,2451837.014648,35.66,5.257848,18929.0,
,69624,38529,lick,rd22.73,2451838.03418,2.75,5.722029,22163.0,
,69625,38529,lick,rd23.29,2451840.015625,-37.60,6.527801,17384.0,
,69626,38529,lick,rd24.29,2451841.963867,-16.25,6.372566,13987.0,
,69627,38529,lick,rd24.30,2451841.993164,-25.78,6.446527,11850.0,
,69628,38529,lick,rd26.18,2451859.959961,57.59,5.213149,44958.0,
,69629,38529,lick,rd26.64,2451860.922852,70.42,4.917995,53443.0,
,69630,38529,lick,rd27.30,2451866.009766,63.70,8.553904,10244.0,
,69631,38529,lick,rd27.31,2451866.055664,29.66,8.303288,8371.0,
,69632,38529,lick,rd27.137,2451868.969727,-24.95,5.649394,13796.0,
,69633,38529,lick,rd27.138,2451869.00293,-1.96,6.524652,13052.0,
,69634,38529,lick,rd28.103,2451874.900391,65.26,6.085671,20059.0,
,69635,38529,lick,rd28.104,2451874.928711,48.13,6.956612,13203.0,
,69636,38529,lick,rd28.139,2451875.950195,70.57,10.482639,5189.0,
,69637,38529,lick,rd29.84,2451879.890625,77.80,13.149119,3355.0,
,69638,38529,lick,rd29.85,2451879.917969,70.41,6.373486,16147.0,
,69639,38529,lick,rd29.125,2451880.942383,36.68,7.04855,15698.0,
,69640,38529,lick,rd29.126,2451880.970703,18.52,6.547507,14474.0,
,69641,38529,lick,rd31.43,2451894.90332,23.75,6.722617,12694.0,
,69642,38529,lick,rd33.48,2451905.855469,119.38,6.322225,14823.0,
,69643,38529,lick,rd33.49,2451905.885742,102.68,6.837127,12582.0,
,69644,38529,lick,rd33.86,2451906.829102,103.52,5.899141,18267.0,
,69645,38529,lick,rd33.87,2451906.857422,106.01,6.770393,16618.0,
,69646,38529,lick,rd33.126,2451907.830078,99.79,6.73271,9412.0,
,69647,38529,lick,rd33.127,2451907.865234,80.76,7.796028,8443.0,
,69648,38529,lick,rd35.27,2451913.797852,37.81,4.815383,62367.0,
,69649,38529,lick,rd35.28,2451913.805664,35.39,4.840987,60515.0,
,69650,38529,lick,rd35.99,2451914.851562,48.30,5.058688,39779.0,
,69651,38529,lick,rd35.100,2451914.856445,63.26,4.884926,44778.0,
,69652,38529,lick,rd35.170,2451915.810547,65.32,4.630696,79902.0,
,69653,38529,lick,rd35.171,2451915.817383,69.24,4.99062,60942.0,
,69654,38529,lick,rd37.31,2451927.81081,37.77,5.42025,47346.0,
,69655,38529,lick,rd37.32,2451927.817801,42.91,5.29714,49151.0,
,69656,38529,lick,rd39.22,2451945.733398,97.03,4.537503,87245.0,
,69657,38529,lick,rd39.23,2451945.742188,106.22,4.67171,88928.0,
,69658,38529,lick,rd39.84,2451946.700195,116.57,4.742826,66873.0,
,69659,38529,lick,rd39.85,2451946.708984,118.28,4.903205,73327.0,
,69660,38529,lick,rd59.319,2452162.01434,231.85,4.675271,37188.0,
,69661,38529,lick,rd76.17,2452262.913086,216.66,6.510242,14651.0,
,69662,38529,lick,rd76.18,2452262.942383,209.17,6.693479,10050.0,
,69663,38529,lick,rd77.21,2452267.80957,143.48,3.88305,61446.0,
,69664,38529,lick,rd77.22,2452267.818359,150.79,3.858357,44429.0,
,69665,38529,lick,rd78.36,2452278.861328,249.72,7.47269,10252.0,
,69666,38529,lick,rd78.37,2452278.891602,246.16,7.811621,9934.0,
,69667,38529,lick,rd78.68,2452279.746094,235.54,6.828421,13549.0,
,69668,38529,lick,rd78.69,2452279.775391,230.95,6.140338,16938.0,
,69669,38529,lick,rd78.107,2452281.863281,179.15,11.096371,5735.0,
,69670,38529,lick,rd78.108,2452281.895508,156.64,10.06179,6247.0,
,69671,38529,lick,rd79.11,2452285.851562,163.72,8.173373,14725.0,
,69672,38529,lick,rd79.12,2452285.880859,177.34,7.560778,13166.0,
,69673,38529,lick,rd79.64,2452287.792969,197.41,7.748868,10979.0,
,69674,38529,lick,rd79.65,2452287.822266,217.51,10.636147,6675.0,
,69675,38529,lick,rd80.20,2452292.820312,199.36,7.727816,9741.0,
,69676,38529,lick,rd80.21,2452292.849609,233.44,8.561254,8606.0,
,69677,38529,lick,rd80.59,2452293.791992,222.16,7.33238,16819.0,
,69678,38529,lick,rd80.60,2452293.820312,238.35,6.312729,19943.0,
,69679,38529,lick,rd80.96,2452294.790039,208.14,8.291588,11466.0,
,69680,38529,lick,rd80.97,2452294.819336,181.75,10.498744,7879.0,
,69681,38529,lick,rd81.7,2452298.72168,103.71,4.990157,17018.0,
,69682,38529,lick,rd81.8,2452298.751953,113.82,5.330436,13565.0,
,69683,38529,lick,rd81.9,2452298.785156,105.67,5.056993,13129.0,
,69684,38529,lick,rd81.10,2452298.81543,93.78,6.526197,9473.0,
,69685,38529,lick,rd81.43,2452299.695312,110.60,4.157792,60656.0,
,69686,38529,lick,rd83.12,2452306.662109,242.93,5.722682,20283.0,
,69687,38529,lick,rd83.13,2452306.692383,235.65,6.129821,18592.0,
,69688,38529,lick,rd84.13,2452314.686523,136.07,7.676831,9325.0,
,69689,38529,lick,rd84.14,2452314.71582,130.70,8.101996,9367.0,
,69690,38529,lick,rd84.15,2452314.745117,133.53,7.323743,9122.0,
,69691,38529,lick,rd84.49,2452315.682617,142.49,6.335588,23164.0,
,69692,38529,lick,rd84.50,2452315.711914,155.10,5.905096,21548.0,
,69693,38529,lick,rd84.51,2452315.742188,160.02,6.361434,20104.0,
,69694,38529,lick,rd85.2,2452333.68457,196.32,5.394617,37503.0,
,69695,38529,lick,rd85.60,2452334.65332,214.00,5.34198,38342.0,
,69696,38529,lick,rd86.13,2452335.657227,206.29,4.736765,37408.0,
,69697,38529,lick,rf15.49,2452534.970703,31.96,4.149538,39616.0,
,69698,38529,lick,rf15.50,2452534.980469,35.32,4.357042,43228.0,
,69699,38529,lick,rf19.81,2452562.990234,59.27,5.449935,12445.0,
,69700,38529,lick,rf21.28,2452574.996094,-27.02,6.360418,8973.0,
,69701,38529,lick,rf21.29,2452575.018555,-36.65,6.091062,11737.0,
,69702,38529,lick,rf21.88,2452575.956055,-1.98,5.28309,11697.0,
,69703,38529,lick,rf21.89,2452575.978516,-11.28,5.622234,12354.0,
,69704,38529,lick,rf21.90,2452576.000977,-19.48,6.0214,12386.0,
,69705,38529,lick,rf21.188,2452577.918945,-11.66,6.018124,12450.0,
,69706,38529,lick,rf21.189,2452577.94043,-9.54,5.737757,12192.0,
,69707,38529,lick,rf21.190,2452577.962891,6.86,5.393028,12260.0,
,69708,38529,lick,rf23.26,2452593.912109,16.46,5.05189,13907.0,
,69709,38529,lick,rf23.27,2452593.9375,1.61,6.174485,9022.0,
,69710,38529,lick,rf23.28,2452593.959961,29.24,10.569395,4220.0,
,69711,38529,lick,rf23.67,2452594.927734,2.64,5.063483,17291.0,
,69712,38529,lick,rf23.68,2452594.947266,-15.48,6.362936,11923.0,
,69713,38529,lick,rf23.69,2452594.962891,-30.02,4.977381,11611.0,
,69714,38529,lick,rf24.26,2452597.894531,-123.20,5.56976,12966.0,
,69715,38529,lick,rf24.27,2452597.916992,-107.74,6.3949,13866.0,
,69716,38529,lick,rf24.28,2452597.939453,-110.32,6.253477,13055.0,
,69717,38529,lick,rf25.72,2452607.922852,20.77,5.763587,10131.0,
,69718,38529,lick,rf44.31,2452920.985352,-55.05,5.37998,15125.0,
,69719,38529,lick,rf44.32,2452921.007812,-62.64,4.540013,15934.0,
,69720,38529,lick,rf44.33,2452921.030273,-52.78,4.88413,15601.0,
,69721,38529,lick,rf45.129,2452928.005859,-194.35,5.174577,13155.0,
,69722,38529,lick,rf45.130,2452928.02832,-178.19,5.584882,13050.0,
,69723,38529,lick,rf45.131,2452928.045898,-181.36,7.227385,7728.0,
,69724,38529,lick,rf46.47,2452938.036133,-96.41,4.681446,16433.0,
,69725,38529,lick,rf46.48,2452938.053711,-93.46,6.084155,8730.0,
,69726,38529,lick,rf51.36,2452990.892578,-86.59,3.645343,55906.0,
,69727,38529,lick,rf51.90,2452991.822266,-85.39,4.709034,15869.0,
,69728,38529,lick,rf53.24,2453008.816406,-81.27,3.85747,25184.0,
,69729,38529,lick,rf54.17,2453018.834961,-103.10,5.402066,12076.0,
,69730,38529,lick,rf55.109,2453034.822266,-108.42,4.13667,39612.0,
,69731,38529,lick,rf59.68,2453069.666016,-172.23,5.312227,13187.0,
,69732,38529,lick,rf61.61,2453079.675781,-72.80,5.533352,11777.0,
,69733,38529,lick,rf61.62,2453079.698242,-77.80,5.515366,10732.0,
,69734,38529,lick,rf61.161,2453081.691406,-102.56,5.289761,11088.0,
,69735,38529,lick,rf90.72,2453281.038086,-62.18,4.370118,20628.0,
,69736,38529,lick,rf90.135,2453281.967773,-92.03,4.091389,40816.0,
,69737,38529,lick,rf92.36,2453311.974609,-148.18,6.607645,9841.0,
,69738,38529,lick,rf92.37,2453311.99707,-156.47,6.201662,8372.0,
,69739,38529,lick,rf96.34,2453339.906539,-124.07,5.565516,8358.0,
,69740,38529,lick,rf96.35,2453339.929884,-139.25,6.156736,9408.0,
,69741,38529,lick,rf99.33,2453360.87066,-150.54,5.265888,9713.0,
,69742,38529,lick,rf99.84,2453361.800845,-132.94,6.502426,5367.0,
,69743,38529,lick,rf99.182,2453363.867523,-96.01,4.509447,30000.0,
,69744,38529,lick,rg01.110,2453385.766458,-163.04,6.13446,7778.0,
,69745,38529,lick,rg01.111,2453385.789074,-179.37,6.624832,8220.0,
,69746,38529,lick,rg03.134,2453404.734838,-104.17,4.90466,14829.0,
,69747,38529,lick,rg03.135,2453404.757419,-112.09,4.861892,14357.0,
,69748,38529,lick,rg40.178,2453744.720752,-101.42,4.388531,31182.0,
,69749,38529,lick,rg41.22,2453751.84191,-6.28,5.466333,21163.0,
,69750,38529,lick,rg41.231,2453755.698287,-87.38,4.297545,29786.0,
,69751,38529,lick,rg41.361,2453756.763275,-117.57,4.165305,27332.0,
,69752,38529,lick,rg42.47,2453773.710162,-108.08,5.022016,125037.0,
,69753,38529,lick,rg60.277,2453988.996493,-25.33,4.275585,31717.0,
,69754,38529,lick,rg65.184,2454050.006817,67.55,4.416836,32048.0,
,69755,38529,lick,rg68.135,2454072.827789,6.45,3.841316,45534.0,
,69756,38529,lick,rg68.243,2454073.804919,15.98,4.067584,32491.0,
,69757,38529,lick,rg70.445,2454102.838692,46.66,3.889291,25204.0,
,69758,38529,lick,rg70.565,2454103.823206,68.37,3.732476,31167.0,
,69759,38529,lick,rg72.238,2454135.723519,98.56,4.921791,15735.0,
,69760,38529,lick,rg72.239,2454135.730417,115.41,4.339167,18848.0,
,69761,38529,lick,rg90.82,2454340.028113,219.70,4.259403,34965.0,
,69762,38529,lick,rg90.83,2454340.033426,223.51,4.125329,36641.0,
,69763,38529,lick,ri13.157,2454548.6739,66.83,4.388176,28053.0,
,69764,38529,lick,ri36.173,2454784.909259,-70.91,5.069435,25803.0,
,69765,38529,lick,ri37.179,2454845.81125,-148.21,4.185107,25793.0,
,69766,38529,lick,ri37.180,2454845.8186,-149.47,3.963617,25812.0,
,69767,38529,lick,ri37.655,2454848.791736,-109.55,4.522006,23352.0,
,69768,38529,lick,ri37.656,2454848.795428,-109.24,5.269197,23974.0,
,69769,38529,lick,ri37.807,2454849.745706,-94.54,4.926456,25678.0,
,69770,38529,lick,ri37.808,2454849.749132,-106.63,4.563246,23723.0,
,69771,38529,lick,ri37.975,2454850.78022,-86.23,4.54242,24416.0,
,69772,38529,lick,ri37.976,2454850.784931,-80.98,4.442366,24643.0,
,69773,38529,lick,ri55.87,2455171.956782,-170.26,6.389834,26731.0,
,69774,38529,lick,ri57.555,2455201.858414,-196.34,5.32128,40046.0,
,69775,38529,lick,ri58.56,2455228.695856,-109.26,5.40695,28829.0,
,69776,38529,lick,ri58.57,2455228.701308,-108.78,5.885119,28597.0,