,85041,8574,k,rk29.22,2451226.74669,33.24,1.602665,133816.0,
,85042,8574,k,rk29.146,2451227.741123,31.04,1.647531,126959.0,
,85043,8574,k,rk29.266,2451228.718519,27.36,1.766994,113437.0,
,85044,8574,k,rk54.365,2452097.105787,-31.26,1.954682,85373.0,
,85045,8574,k,rk57.22,2452187.973796,-6.05,2.134211,81197.0,
,85046,8574,k,rk66.97,2452515.085046,-42.47,1.967092,96784.0,
,85047,8574,k,rk68.47,2452572.822292,30.97,2.072092,104256.0,
,85048,8574,k,rk75.696,2452834.085775,58.94,1.962862,96009.0,
,85049,8574,k,rk80.437,2452989.739016,-33.81,2.048635,108438.0,
,85050,8574,j,rj01.711,2453239.951852,2.29,1.33919,0.175,111677.0,
,85051,8574,j,rj20.911,2453933.033241,17.71,1.295352,0.175,87888.0,
,85052,8574,j,rj72.226,2455015.110017,-30.57,1.349229,0.175,43570.0,
,85053,8574,j,rj82.421,2455197.845921,-41.79,1.610241,0.175,44756.0,
,85054,8574,j,rj96.621,2455413.134751,-40.06,1.769558,0.173,22995.0,
,85055,8574,j,rj130.81,2455786.085162,76.47,2.242687,0.175,13158.0,
,85056,8574,j,rj134.459,2455852.007756,-33.65,1.513335,0.175,45504.0,
,85057,8574,j,rj137.647,2455880.883207,-41.05,1.671674,0.174,46281.0,
,85058,8574,j,rj138.820,2455904.828477,-42.60,1.638291,0.174,45885.0,
,85059,8574,j,rj145.80,2455972.73754,16.29,1.858016,0.176,23175.0,
,85060,8574,j,rj147.34,2455999.708033,64.52,1.917476,0.172,44077.0,
,85061,8574,j,rj156.1023,2456149.03365,-41.21,1.260621,0.176,46150.0,
,85062,8574,j,rj158.726,2456175.076378,-12.04,1.664398,0.176,46247.0,
,85063,8574,j,rj180.546,2456532.146879,-33.71,1.445918,0.172,44855.0,
,85064,8574,j,rj185.1092,2456640.86024,-4.38,1.514836,0.1727,45569.0,
,85065,8574,j,rj192.534,2456882.109397,10.87,1.426901,0.1751,45308.0,
,85066,8574,j,rj205.336,2457237.136521,-42.98,1.506741,0.1729,45050.0,
,85067,8574,j,rj233.498,2457582.131581,44.75,1.265925,0.1725,45545.0,
,85068,8574,j,rj233.961,2457584.136013,47.88,1.434266,0.1731,46282.0,
,85069,8574,j,rj234.1436,2457600.104667,64.88,1.790171,0.1758,24455.0,
,85070,8574,j,rj252.670,2457806.726233,48.50,1.612713,0.1761,47256.0,
,85071,8574,j,rj278.262,2458112.68814,-24.22,1.723623,0.1742,22770.0,
,85072,8574,j,rj299.105,2458345.071951,-28.06,1.516948,0.1749,46887.0,
,85073,8574,j,rj305.569,2458387.950795,-44.11,2.052666,0.176,24989.0,
,85074,8574,j,rj306.131,2458396.055902,-51.63,2.020077,0.175,23620.0,
,85075,8574,j,rj317.369,2458509.703592,68.29,1.895979,0.1765,23791.0,
,85076,8574,j,rj348.115,2458777.07691,-2.21,1.897371,0.1778,23289.0,
,85077,8574,lick,rb72.157,2451026.943359,8.46,13.899899,5822.0,
,85078,8574,lick,rb75.22,2451069.904297,-34.86,15.598279,4556.0,
,85079,8574,lick,rb78.22,2451130.813477,-58.83,19.801336,3269.0,
,85080,8574,lick,rb78.23,2451130.836914,-37.88,19.952677,3295.0,
,85081,8574,lick,rb78.64,2451131.77832,-43.18,14.405075,5344.0,
,85082,8574,lick,rb80.63,2451154.645508,-47.88,11.218166,10617.0,
,85083,8574,lick,rb81.52,2451174.698242,-35.96,18.714157,3438.0,
,85084,8574,lick,rb81.99,2451175.727539,-29.28,14.564919,4491.0,
,85085,8574,lick,rb82.16,2451206.655273,26.54,12.078905,9104.0,
,85086,8574,lick,rb83.54,2451213.637695,-0.98,16.15161,5387.0,
,85087,8574,lick,rb97.92,2451445.944336,39.70,8.880822,29859.0,
,85088,8574,lick,rd06.51,2451533.671875,-30.06,9.367959,20459.0,
,85089,8574,lick,rd06.177,2451535.684537,-29.09,9.032126,20553.0,
,85090,8574,lick,rd13.88,2451775.969727,-28.64,7.907492,26720.0,
,85091,8574,lick,rd59.37,2452157.887695,87.77,9.109995,24810.0,
,85092,8574,lick,rd59.162,2452159.889648,97.15,7.381866,35003.0,
,85093,8574,lick,rd59.234,2452160.899414,90.50,8.527131,23261.0,
,85094,8574,lick,rf90.126,2453281.930664,90.19,7.714819,37318.0,
,85095,8574,lick,rg64.56,2454046.766701,-32.05,9.112639,11629.0,
,85096,8574,lick,rg65.23,2454047.705509,-31.32,9.875246,10504.0,
,85097,8574,lick,rg68.11,2454071.658206,-25.16,8.190614,16538.0,
,85098,8574,lick,rg68.104,2454072.663507,-38.76,8.352774,18461.0,
,85099,8574,lick,rg68.217,2454073.676956,-52.37,9.487182,12076.0,
,85100,8574,lick,rg70.185,2454099.712002,-38.19,7.927732,25136.0,
,85101,8574,lick,rg88.64,2454310.934184,-31.29,9.17304,13135.0,
,85102,8574,lick,rg89.897,2454337.86941,-36.38,8.193951,18578.0,
,85103,8574,lick,rg90.64,2454339.939537,-8.37,7.84464,32930.0,
,85104,8574,lick,rg92.89,2454373.874317,24.60,8.251855,15106.0,
,85105,8574,lick,ri02.48,2454424.775116,95.65,9.683895,10507.0,
,85106,8574,lick,ri34.430,2454724.953102,-7.21,7.910238,17613.0,
,85107,8574,lick,ri34.431,2454724.958519,-23.70,7.645585,16979.0,
,85108,8574,lick,rw05.144,2455113.942315,98.83,11.702391,20230.0,