2976.251556,-49.8,9.7,
3459.015331,-59.9,7.3
2977.315941,-123.3,8.1,
3459.080221,-74.1,7.7
2977.324622,-123.6,8.1,
3729.107766,189.1,9.2
2978.186977,-35.9,9.1,
3759.164025,132.2,7.2
2978.205694,-36.5,9.0,
3778.200411,142.8,8.2
2980.409693,-75.4,14.6,
3779.170158,167.8,7.4
3045.039195,-15.0,6.7,
3818.009412,40.4,6.7
3045.047343,-16.6,6.7,
3819.971947,64.5,7.7
3046.104835,-51.8,9.0,
4036.337614,31.3,6.5
3046.115923,-48.9,7.9,
4123.092626,162.7,7.2
3046.123145,-45.7,11.2,
4126.108709,172.3,6.5
3048.085051,0.8,7.3,
4214.007594,203.0,10.8
3048.092203,8.9,8.3,
4396.340192,-125.4,6.7
3072.070064,5.0,10.2,
4452.360964,-146.5,7.3
3072.078211,16.6,10.9,
4506.168231,-79.0,7.2
3095.998435,16.9,7.1,
4536.065764,-4.7,6.7
3132.993871,76.4,7.2,
4538.042117,18.3,6.5
3332.318368,-33.1,7.3,
4755.368868,27.4,7.4
3332.325255,-35.6,6.9,
4847.220274,-134.2,6.9
3354.234041,34.0,6.9,
4880.152070,-144.2,8.5
3395.246936,-53.8,11.9,
4929.020161,-142.7,7.1
3430.046636,-21.6,7.3,
5171.229126,174.3,8.2
3432.981185,-40.8,9.2,
5248.098927,27.2,6.4
3432.991011,-44.8,8.1,
5251.084871,16.6,6.6
3433.115135,-63.5,8.0,
5456.347802,-4.0,8.4
3433.126349,-58.0,7.6,
5554.319097,181.7,15.1
3433.183059,-68.1,8.8,
5581.132641,144.7,8.6
