11755.76855,-54.8,1.0,HIRES,
11984.06010,-102.7,1.4,HIRES,
12065.94426,-55.6,1.4,HIRES,
12127.80910,77.8,1.3,HIRES,
12128.76352,44.8,1.4,HIRES,
12162.72653,-60.7,1.4,HIRES,
12335.12452,-127.8,1.3,HIRES,
12488.77933,-24.9,1.5,HIRES,
12683.09362,54.9,1.4,HIRES,
12805.91934,-94.5,1.4,HIRES,
13153.85287,42.5,1.3,HIRES,
13426.11560,-43.4,1.1,HIRES,
13842.00573,48.6,1.1,HIRES,
15351.81672,75.5,1.1,HIRES,
15636.05652,-90.5,1.1,HIRES,
15673.83685,25.2,1.2,HIRES,
15700.79799,-59.4,1.5,HIRES,
15700.80123,-62.7,1.3,HIRES,
15734.89254,56.2,1.2,HIRES,
15789.75142,79.1,1.3,HIRES,
15961.16166,86.0,1.2,HIRES,
16000.02899,-102.0,1.2,HIRES,
16075.79698,-51.6,1.2,HIRES,
16451.82279,23.7,1.2,HIRES,
13585.64900,83.7,7.5,2.7 m,
13843.89253,-18.0,7.5,2.7 m,
13863.78301,75.5,8.6,2.7 m,
13910.78043,-68.5,8.1,2.7 m,
14251.84318,-72.8,9.4,2.7 m,
13471.80558,-99.8,7.2,HRS,
13481.88526,-106.9,6.6,HRS,
13486.85864,105.1,6.4,HRS,
13488.75815,72.2,5.9,HRS,
13509.79117,101.3,6.1,HRS,
13512.78123,-65.6,5.1,HRS,
13527.74971,27.0,6.2,HRS,
13542.69985,55.4,5.6,HRS,
13543.70614,-4.9,6.1,HRS,
13550.70420,105.5,6.1,HRS,
13837.89677,-12.6,5.9,HRS,
13842.88880,27.6,6.3,HRS,
13868.80896,-78.8,5.7,HRS,
13882.78043,83.0,6.0,HRS,
13897.72683,-44.2,6.1,HRS,
13900.72079,-85.4,6.0,HRS,
13936.63557,110.4,6.6,HRS,
14122.01834,-12.7,6.8,HRS,
14128.00335,47.0,6.7,HRS,
14135.98084,-113.2,6.5,HRS,
14139.97029,89.9,7.2,HRS,
14140.96840,98.1,6.1,HRS,
14144.96962,-99.4,6.6,HRS,
14157.01611,-112.4,6.8,HRS,
14158.92425,-40.9,6.8,HRS,
14163.92465,26.3,6.7,HRS,
14168.90656,-71.6,6.5,HRS,
14173.98269,69.7,7.4,HRS,
14176.87914,-90.6,5.7,HRS,
14191.92631,20.5,6.2,HRS,
11257.85195,99.0,9.0,CORALIE,
11267.80486,39.0,9.0,CORALIE,
11267.81699,45.0,9.0,CORALIE,
11273.86307,2.0,9.0,CORALIE,
11287.71123,-52.0,9.0,CORALIE,
11287.72337,-68.0,9.0,CORALIE,
11291.77019,137.0,9.0,CORALIE,
11294.82378,44,15,CORALIE,
11295.76291,-31.0,9.0,CORALIE,
11296.60937,-72,10,CORALIE,
11296.83574,-86,10,CORALIE,
11297.61667,-86,10,CORALIE,
11297.82760,-99,10,CORALIE,
11298.60898,-71,10,CORALIE,
11298.83006,-52,10,CORALIE,
11299.60924,-18.0,9.0,CORALIE,
11299.82827,2,10,CORALIE,
11300.60428,53.0,9.0,CORALIE,
11300.82617,69,10,CORALIE,
11301.59933,103,10,CORALIE,
11301.81846,119.0,9.0,CORALIE,
11302.73856,105,12,CORALIE,
11304.74462,71,11,CORALIE,
11305.79957,-1,10,CORALIE,
11306.70099,-58,10,CORALIE,
11307.78007,-129,14,CORALIE,
11307.79214,-122,14,CORALIE,
11308.77008,-131,10,CORALIE,
11308.78216,-134,10,CORALIE,
11309.74470,-52,11,CORALIE,
11309.75677,-47,10,CORALIE,
11310.65574,13,10,CORALIE,
11310.66781,5,10,CORALIE,
11311.76937,51,34,CORALIE,
11312.71231,130.0,9.0,CORALIE,
11313.70809,123.0,9.0,CORALIE,
11314.71380,100,12,CORALIE,
11315.65132,46,24,CORALIE,
11316.70334,-21,14,CORALIE,
11317.73465,-81,11,CORALIE,
11318.71336,-95,13,CORALIE,
11319.67233,-73.0,9.0,CORALIE,
11320.73422,-37,11,CORALIE,
11320.74629,-40,11,CORALIE,
11335.68044,141,14,CORALIE,
11335.69251,122,14,CORALIE,
11336.59905,73,14,CORALIE,
11336.61110,84,13,CORALIE,
11339.65310,-100,17,CORALIE,
11339.66512,-122,17,CORALIE,
11340.65091,-109,12,CORALIE,
11340.66296,-109,12,CORALIE,
11342.62586,-16,11,CORALIE,
11342.63788,0,10,CORALIE,
11355.64903,119,10,CORALIE,
11364.57708,43,11,CORALIE,
11366.58262,146,11,CORALIE,
11367.59944,124,11,CORALIE,
11368.57076,83,11,CORALIE,
11369.60470,41,15,CORALIE,
11369.61675,49,15,CORALIE,
11370.51479,-7,15,CORALIE,
11370.52684,-46,17,CORALIE,
11373.52546,-66,27,CORALIE,
11373.53762,-103,27,CORALIE,
11374.54843,2,18,CORALIE,
11374.56049,-14,17,CORALIE,
11375.55068,47,11,CORALIE,
11375.56276,57,11,CORALIE,
11376.51940,58,21,CORALIE,
11376.53149,71,19,CORALIE,
11380.59301,19,15,CORALIE,
11380.60510,-14,16,CORALIE,
11381.51359,-46.0,9.0,CORALIE,
11381.52568,-47.0,9.0,CORALIE,
11382.48455,-85,10,CORALIE,
11382.49669,-78,10,CORALIE,
11382.56236,-83,11,CORALIE,
11382.57447,-87,11,CORALIE,
11383.53612,-71,10,CORALIE,
11383.54681,-88,10,CORALIE,
11384.54932,-71.0,9.0,CORALIE,
11384.56142,-62,10,CORALIE,
11385.54622,12,10,CORALIE,
11385.55834,10,11,CORALIE,
11386.54337,86,10,CORALIE,
11386.55545,74,11,CORALIE,
11388.53150,132,14,CORALIE,
11388.54362,145,14,CORALIE,
11389.49681,127,14,CORALIE,
11389.50891,121,12,CORALIE,
11390.46734,73,11,CORALIE,
11390.47944,81,11,CORALIE,
11391.46814,5.0,9.0,CORALIE,
11391.48030,11.0,9.0,CORALIE,
11392.52992,-48.0,9.0,CORALIE,
11392.54196,-38,10,CORALIE,
11393.51766,-80,10,CORALIE,
11393.52971,-91,10,CORALIE,
11394.47208,-68,11,CORALIE,
11394.48410,-78,11,CORALIE,
11395.47053,-25,17,CORALIE,
11395.48250,-42,11,CORALIE,
11397.47145,88,20,CORALIE,
11397.48921,90,15,CORALIE,
11398.47062,128.0,9.0,CORALIE,
11398.48258,121.0,9.0,CORALIE,
11399.47201,139,10,CORALIE,
11400.48982,118,10,CORALIE,
11401.46724,63,11,CORALIE,
11402.48058,-1,17,CORALIE,
11403.47387,-52,12,CORALIE,
11404.47239,-109,12,CORALIE,
11405.47319,-46,22,CORALIE,
11406.48267,-6,21,CORALIE,
11412.48141,28,11,CORALIE,
11412.49345,35,11,CORALIE,
11424.49242,-61,20,CORALIE,