,93295,99109,k,rk27.270,2451172.094676,-18.10,1.402956,59177.0,
,93296,99109,k,rk29.210,2451228.029248,-29.86,1.659294,38031.0,
,93297,99109,k,rk30.211,2451312.803009,-12.20,1.332219,86060.0,
,93298,99109,k,rk38.250,2451552.13162,-12.22,1.422501,58473.0,
,93299,99109,k,rk39.87,2451581.01794,-12.52,1.46686,59381.0,
,93300,99109,k,rk39.212,2451582.010903,-9.91,1.469214,56321.0,
,93301,99109,k,rk39.240,2451582.152917,-10.06,1.462289,51806.0,
,93302,99109,k,rk39.326,2451582.997222,-14.01,1.308803,60524.0,
,93303,99109,k,rk41.406,2451705.807639,-39.63,4.384034,47855.0,
,93304,99109,k,rk48.136,2451973.043519,-7.42,1.900677,25606.0,
,93305,99109,k,rk54.625,2452098.78875,-24.40,1.524364,57385.0,
,93306,99109,k,rk61.270,2452334.963588,4.30,1.447929,78415.0,
,93307,99109,k,rk62.27,2452362.983634,-0.14,1.458227,74892.0,
,93308,99109,k,rk62.140,2452364.074688,-7.73,1.868366,31763.0,
,93309,99109,k,rk64.33,2452445.773438,-28.46,2.27836,63348.0,
,93310,99109,k,rk70.227,2452653.086794,-10.24,1.944441,44316.0,
,93311,99109,k,rk70.309,2452654.004375,-7.14,1.534698,91947.0,
,93312,99109,k,rk71.49,2452681.118079,0.62,1.616647,69029.0,
,93313,99109,k,rk71.133,2452682.991389,-1.76,1.57641,97485.0,
,93314,99109,k,rk72.69,2452711.854213,11.01,1.562786,87103.0,
,93315,99109,k,rk72.245,2452712.867743,0.35,1.436838,85174.0,
,93316,99109,k,rk73.82,2452776.94265,2.68,1.524728,48549.0,
,93317,99109,k,rk73.168,2452777.851875,-1.44,1.592315,59073.0,
,93318,99109,k,rk74.34,2452803.85169,-20.00,7.712899,62697.0,
,93319,99109,k,rk74.225,2452804.770231,-12.87,3.808998,89838.0,
,93320,99109,k,rk74.447,2452805.870972,-15.53,9.914484,52025.0,
,93321,99109,k,rk74.623,2452806.759248,-14.15,3.379816,100812.0,
,93322,99109,k,rk75.419,2452832.74309,4.67,1.846978,31617.0,
,93323,99109,k,rk75.420,2452832.747083,2.59,1.515144,49416.0,
,93324,99109,k,rk75.623,2452833.754468,1.66,1.57276,89088.0,
,93325,99109,k,rk75.828,2452834.768993,4.65,2.11639,25333.0,
,93326,99109,k,rk81.997,2453018.02206,-20.61,1.356582,115670.0,
,93327,99109,k,rk82.41,2453044.133194,-17.81,1.478451,74938.0,
,93328,99109,k,rk82.280,2453046.004317,-11.87,1.214078,88481.0,
,93329,99109,k,rk86.221,2453180.760556,-0.56,1.864831,47149.0,
,93330,99109,k,rk86.429,2453181.803391,1.80,1.551096,75326.0,
,93331,99109,j,rj05.1254,2453400.968484,-10.31,1.023926,0.169,76795.0,
,93332,99109,j,rj07.137,2453478.946285,-14.91,0.995977,0.159,65500.0,
,93333,99109,j,rj09.110,2453570.750012,2.80,1.088547,0.161,45070.0,
,93334,99109,j,rj09.111,2453570.758102,-1.34,1.129236,0.163,41427.0,
,93335,99109,j,rj10.116,2453575.759375,5.85,2.51598,0.15,4746.0,
,93336,99109,j,rj10.395,2453576.745498,3.07,1.049921,0.162,56869.0,
,93337,99109,j,rj14.705,2453725.112361,-2.58,0.949556,0.166,69424.0,
,93338,99109,j,rj15.1992,2453753.034421,-6.56,0.941581,0.156,64840.0,
,93339,99109,j,rj15.2406,2453754.016829,-7.09,0.948225,0.155,78597.0,
,93340,99109,j,rj26.253,2454084.140914,5.95,1.250918,0.155,27576.0,
,93341,99109,j,rj28.201,2454130.038495,7.68,1.062994,0.154,53687.0,
,93342,99109,j,rj28.610,2454131.043229,11.38,1.03493,0.155,60405.0,
,93343,99109,j,rj29.236,2454139.006134,5.70,0.909793,0.16,72631.0,
,93344,99109,j,rj31.175,2454216.892037,-3.94,1.016141,0.157,71953.0,
,93345,99109,j,rj52.948,2454546.978681,6.34,0.989058,0.155,73053.0,
,93346,99109,j,rj93.767,2455375.764125,8.82,1.03302,0.157,47813.0,
,93347,99109,j,rj116.439,2455634.94984,-18.82,1.05227,0.153,48360.0,
,93348,99109,j,rj149.155,2456027.935038,-16.77,1.070851,0.151,48327.0,
,93349,99109,j,rj892.112,2456116.744065,-16.25,1.039534,0.1532,53071.0,
,93350,99109,j,rj898.194,2456291.01525,3.63,0.984346,0.1498,76643.0,
,93351,99109,j,rj901.206,2456329.080744,4.47,0.936294,0.1497,76992.0,
,93352,99109,j,rj904.131,2456432.926548,-13.49,1.069046,0.1484,67879.0,
,93353,99109,j,rj172.174,2456472.746175,-21.09,1.082608,0.144,47489.0,
,93354,99109,j,rj185.414,2456638.131038,-5.33,0.994187,0.1483,48869.0,
,93355,99109,j,rj911.241,2456676.064132,2.29,0.912814,0.15,78155.0,
,93356,99109,j,rj202.483,2457208.754878,3.66,1.035536,0.1489,49445.0,
,93357,99109,j,rj316.175,2458491.110792,8.61,0.978857,0.1652,50390.0,
,93358,99109,j,rj316.189,2458491.158482,9.98,1.150545,0.1658,24916.0,