2455786.6489688,-41.7,9.0,
2454253.8065363,-20.75,1.75,
2452917.4972,-24.3,6.2
2456463.6745808,14.3,9.0,
2454367.5811986,-22.95,1.00,
2453542.6649,22.5,3.3
2456464.7049704,17.3,9.0,
2454579.8264105,-29.21,0.72,
2453872.8022,-8.5,2.5
2456465.6766024,8.3,9.0,
2455649.8008277,-30.70,1.01,
2453987.5436,-10.3,2.8
2456555.5745883,-0.8,9.0,
2455650.7595904,-29.43,0.96,
2453988.5202,-12.6,2.7
2456676.8549118,2.2,15.0,
2455651.8003619,-29.35,0.84,
2454190.8274,-13.7,2.9
2456733.8533258,-1.2,13.0,
2455786.5261504,-22.51,0.96,
2454277.6950,-19.7,3.4
2456734.8495354,-17.2,11.0,
2455787.5966780,-22.46,0.85,
2454299.6134,-19.6,3.3
2456735.8130233,-10.2,12.0,
2455992.9178275,1.25,1.01,
2454725.5353,-35.1,2.6
2456736.8653294,7.8,15.0,
2455993.8444865,3.09,0.93,
2454925.9161,-29.2,2.4
2456752.8688188,8.8,12.0,
2456064.7106335,19.86,0.89,
2454963.7753,-22.6,2.7
2456754.7851172,0.8,14.0,
2456184.5322797,44.23,0.93,
2454993.7093,-27.5,2.4
2456823.7916933,16.8,13.0,
2456442.7259868,24.77,0.90,
2455001.7291,-25.3,2.9
2456824.7696220,-3.2,13.0,
2456443.7319729,27.81,1.62,
2455017.6624,-28.5,2.4
2456825.8154610,-8.2,13.0,
2456444.7714764,25.93,1.28,
2455019.6938,-22.5,2.2
2456881.6859346,10.8,13.0,
2456462.7752093,19.99,1.30,,,
2456882.6527789,-10.2,12.0,
2456561.5772596,18.97,1.25,,,
2456563.5044073,18.41,1.18,,,
