2453449.88767387,-30.25225,3.14,8.02,25.3,27.9,37.4,4.4,0.01268,0.00239,--,075.C-0140(A),HARPS.2005-03-20T09:12:28.928
2453462.85045532,-30.23935,2.55,8.03,31.2,34.4,43.5,3.6,0.01165,0.00231,--,075.C-0140(A),HARPS.2005-04-02T08:17:21.226
2453499.74244238,-30.22078,3.61,8.02,23.7,26.0,21.3,5.1,0.01215,0.00241,--,075.C-0140(A),HARPS.2005-05-09T05:38:11.492
2453500.69847478,-30.22416,2.69,8.02,29.5,32.4,43.1,3.8,0.00940,0.00215,--,075.C-0140(A),HARPS.2005-05-10T04:34:42.474
2453521.69341653,-30.23617,3.95,8.01,22.4,25.4,32.6,5.6,0.01293,0.00241,--,075.C-0140(A),HARPS.2005-05-31T04:25:37.953
2453921.66815161,-30.40372,2.99,8.04,26.7,30.0,37.1,4.2,0.00986,0.00229,--,076.C-0429(A),HARPS.2006-07-05T03:52:40.071
2453950.62107064,-30.38763,2.53,8.05,30.0,34.4,19.9,3.6,0.01105,0.00221,--,076.C-0429(A),HARPS.2006-08-03T02:42:52.693
2453981.62280796,-30.35229,2.99,8.06,26.6,30.7,44.2,4.2,0.01168,0.00242,--,076.C-0429(A),HARPS.2006-09-03T02:52:13.423
2453983.56950352,-30.27299,13.69,8.13,8.5,10.3,104.1,19.4,0.02948,0.00361,--,076.C-0429(A),HARPS.2006-09-05T01:35:42.375
2454171.88698774,-30.28285,2.28,8.03,33.2,36.9,41.4,3.2,0.00767,0.00185,--,078.C-0133(A),HARPS.2007-03-12T09:12:23.184
2454194.85771421,-30.25975,2.80,8.03,28.2,31.3,33.8,4.0,0.01287,0.00246,--,079.C-0329(A),HARPS.2007-04-04T08:27:39.543
2454200.84913090,-30.25867,2.64,8.03,28.9,32.2,39.9,3.7,0.01115,0.00226,--,079.C-0329(A),HARPS.2007-04-10T08:14:09.827
2454226.89452374,-30.21881,6.57,8.04,14.8,17.0,41.8,9.3,0.02632,0.00368,--,079.C-0329(A),HARPS.2007-05-06T09:14:26.956
2454232.73118134,-30.23582,5.59,8.02,16.5,18.7,64.9,7.9,0.01924,0.00305,--,079.C-0329(A),HARPS.2007-05-12T05:21:26.674
2454256.73579702,-30.21726,4.90,8.04,18.2,20.7,30.2,6.9,0.01979,0.00305,--,079.C-0329(A),HARPS.2007-06-05T05:27:04.585
2454261.80707091,-30.22907,4.87,8.04,18.5,20.3,34.9,6.9,0.01602,0.00270,--,079.C-0329(A),HARPS.2007-06-10T07:07:59.715
2454291.72214680,-30.21941,4.26,8.02,20.0,23.1,29.0,6.0,0.01691,0.00282,--,079.C-0329(A),HARPS.2007-07-10T05:07:47.987
2454299.69063073,-30.20983,3.77,8.02,22.2,25.6,49.2,5.3,0.01453,0.00260,--,079.C-0329(A),HARPS.2007-07-18T04:22:52.896
2454319.61419760,-30.20572,2.40,8.03,31.4,36.3,39.7,3.4,0.00965,0.00208,--,079.C-0329(A),HARPS.2007-08-07T02:34:59.726
2454323.57925648,-30.21409,7.84,8.03,13.0,15.6,39.0,11.1,0.03048,0.00389,--,079.C-0329(A),HARPS.2007-08-11T01:39:35.477
2454342.55516167,-30.19083,4.35,8.05,19.9,24.0,48.9,6.1,0.02102,0.00310,--,079.C-0329(A),HARPS.2007-08-30T01:13:51.541
2454349.59511491,-30.19470,3.19,8.05,24.8,29.5,45.8,4.5,0.01284,0.00245,--,079.C-0329(A),HARPS.2007-09-06T02:10:30.663
2454385.49035108,-30.17916,8.50,8.04,11.9,14.6,21.1,12.0,0.03641,0.00394,--,080.C-0071(A),HARPS.2007-10-11T23:44:12.361
2454393.51835167,-30.20727,2.35,8.06,31.4,36.8,43.4,3.3,0.01080,0.00218,--,080.C-0071(A),HARPS.2007-10-20T00:25:34.146
2454523.89274183,-30.22074,3.39,8.05,24.2,27.2,32.1,4.8,0.01388,0.00252,--,080.C-0071(A),HARPS.2008-02-27T09:23:32.021
2454529.87812409,-30.22392,2.81,8.05,27.6,31.2,40.4,4.0,0.01210,0.00233,--,080.C-0071(A),HARPS.2008-03-04T09:01:44.204
2454553.85962235,-30.25017,2.52,8.05,29.9,33.6,29.6,3.6,0.00926,0.00211,--,080.C-0071(A),HARPS.2008-03-28T08:30:54.173
2454556.86022742,-30.26548,2.36,8.04,31.3,35.4,37.5,3.3,0.00847,0.00203,--,080.C-0071(A),HARPS.2008-03-31T08:32:24.739
2454568.91519722,-30.28588,10.19,8.02,10.6,12.4,7.3,14.4,0.02736,0.00346,--,081.C-0119(A),HARPS.2008-04-12T09:52:16.076
2454615.90082758,-30.32074,9.74,8.03,10.9,12.9,41.1,13.8,0.02778,0.00357,--,081.C-0119(A),HARPS.2008-05-29T09:24:05.453
2454616.85159060,-30.30711,3.45,8.06,23.7,27.3,22.2,4.9,0.01573,0.00280,--,081.C-0119(A),HARPS.2008-05-30T08:13:58.313
2454621.88586499,-30.31795,3.14,8.07,25.6,29.4,37.1,4.4,0.01488,0.00264,--,081.C-0119(A),HARPS.2008-06-04T09:00:43.908
2454641.77767385,-30.32915,2.51,8.05,30.1,34.6,39.1,3.5,0.00609,0.00170,--,081.C-0119(A),HARPS.2008-06-24T06:25:58.460
2454646.61453430,-30.35011,3.29,8.04,24.3,28.0,33.6,4.7,0.01105,0.00229,--,081.C-0119(A),HARPS.2008-06-29T02:32:06.508
2454672.61216567,-30.35315,3.29,8.05,24.4,28.7,27.7,4.7,0.01385,0.00262,--,081.C-0119(A),HARPS.2008-07-25T02:32:30.126
2454679.58243771,-30.35829,7.20,8.02,13.5,16.3,28.4,10.2,0.02442,0.00347,--,081.C-0119(A),HARPS.2008-08-01T01:50:16.527
2454708.57436948,-30.38375,5.16,8.04,17.4,20.7,28.2,7.3,0.02185,0.00314,--,081.C-0119(A),HARPS.2008-08-30T01:42:10.207
2454913.85827639,-30.31120,2.09,8.02,34.2,38.5,37.2,3.0,0.00783,0.00194,--,082.C-0333(A),HARPS.2009-03-23T08:30:01.700
2454919.80322843,-30.29862,1.96,8.04,36.1,40.7,32.3,2.8,0.00834,0.00197,--,082.C-0333(A),HARPS.2009-03-29T07:09:41.904
2454936.81267402,-30.29323,2.83,8.04,27.3,31.2,41.4,4.0,0.01277,0.00245,--,083.C-0413(A),HARPS.2009-04-15T07:21:16.266
2454949.76802990,-30.26058,2.07,8.04,34.6,39.1,34.6,2.9,0.01009,0.00222,--,083.C-0413(A),HARPS.2009-04-28T06:15:58.434
2454990.70839306,-30.22648,4.25,8.03,20.3,23.4,37.1,6.0,0.01678,0.00277,--,083.C-0413(A),HARPS.2009-06-08T04:47:31.818
2455024.81099309,-30.20521,2.88,8.04,26.8,31.6,33.0,4.1,0.01353,0.00253,--,083.C-0413(A),HARPS.2009-07-12T07:16:11.328
2455038.73846638,-30.21751,2.79,8.03,27.3,31.9,27.8,4.0,0.01162,0.00228,--,083.C-0413(A),HARPS.2009-07-26T05:32:36.365
2455045.78423615,-30.21564,5.57,8.01,16.5,19.7,63.2,7.9,0.01758,0.00278,--,083.C-0413(A),HARPS.2009-08-02T06:39:07.566
2455072.56430930,-30.19168,3.16,8.05,24.8,29.7,32.8,4.5,0.01200,0.00243,--,083.C-0413(A),HARPS.2009-08-29T01:25:47.189
2455076.51824495,-30.17189,13.11,8.14,8.6,10.8,91.1,18.5,0.04008,0.00443,--,083.C-0413(A),HARPS.2009-09-02T00:19:26.134
2455095.57481731,-30.21826,3.68,8.05,22.1,26.5,27.7,5.2,0.01174,0.00231,--,083.C-0413(A),HARPS.2009-09-21T01:43:26.196
2455105.50009973,-30.21990,7.48,8.09,13.0,16.2,41.8,10.6,0.03057,0.00400,--,083.C-0413(A),HARPS.2009-09-30T23:56:47.920
2456471.80553089,-30.22751,10.93,8.06,10.0,12.3,-14.8,15.5,0.03542,0.00431,--,091.C-0438(A),HARPS.2013-06-28T07:06:19.511
2456499.57989585,-30.21348,1.78,8.06,39.0,46.7,34.8,2.5,0.00645,0.00175,--,091.C-0438(A),HARPS.2013-07-26T01:29:12.054
2456521.62816201,-30.18630,2.76,8.09,28.3,34.6,22.4,3.9,0.01136,0.00238,--,091.C-0438(A),HARPS.2013-08-17T02:53:38.965
2456543.50548947,-30.17094,3.49,8.06,23.3,28.9,43.8,4.9,0.01706,0.00277,--,091.C-0438(A),HARPS.2013-09-07T23:56:12.114
2456733.85210029,-30.26437,1.94,8.08,37.0,44.0,33.0,2.7,0.00988,0.00214,--,092.C-0282(A),HARPS.2014-03-17T08:16:39.049
2456734.86790834,-30.24730,1.95,8.08,36.8,43.7,27.4,2.8,0.01022,0.00218,--,092.C-0282(A),HARPS.2014-03-18T08:39:17.064
2456735.86387656,-30.26788,1.68,8.07,41.5,49.2,31.5,2.4,0.00734,0.00187,--,092.C-0282(A),HARPS.2014-03-19T08:33:09.584