7345.63288,34.4200,0.0080,21.1143,-0.1473,-4.4804,0.0086,51.3
7346.74932,34.4116,0.0161,20.8156,-0.1438,-4.3982,0.0203,28.1
7347.75251,34.3646,0.0074,20.8381,0.0827,-4.4842,0.0080,54.2
7348.75941,34.3638,0.0076,20.9736,-0.3119,-4.4744,0.0078,54.2
7351.70898,34.0950,0.0453,21.1253,0.6314,-4.3827,0.0741,11.3
7351.73144,33.6321,0.1215,24.0350,1.0506,-3.9538,0.1979,2.3
7352.72840,34.1035,0.0536,21.8887,0.4047,-4.4255,0.1046,9.1
7352.74247,33.7331,0.0485,23.0619,2.5142,-4.2920,0.0653,10.4
7370.61016,34.3325,0.0048,20.7341,0.0814,-4.4553,0.0039,82.2
7370.72940,34.3289,0.0054,20.7907,0.1057,-4.4689,0.0048,70.9
7371.55846,34.4474,0.0067,20.7710,-0.2209,-4.4561,0.0069,60.1
7371.65315,34.4271,0.0100,20.8869,-0.0685,-4.4878,0.0121,42.4
7371.66420,34.4457,0.0075,20.8768,-0.2659,-4.4614,0.0075,53.3
7371.67486,34.4338,0.0070,20.9119,-0.1224,-4.4692,0.0069,56.4
7371.68506,34.4326,0.0071,20.8996,-0.6367,-4.4650,0.0070,55.3
7371.69614,34.4302,0.0069,21.0014,-0.0799,-4.4731,0.0067,57.4
7371.70673,34.4437,0.0064,20.9632,0.2011,-4.4688,0.0060,60.7
7371.71745,34.4300,0.0065,20.9909,-0.1295,-4.4773,0.0062,60.6
7371.72832,34.4315,0.0065,20.9366,-0.1761,-4.4703,0.0064,59.7
7371.73898,34.4143,0.0060,20.9340,-0.1083,-4.4778,0.0056,64.6
7371.74885,34.4342,0.0069,21.0073,-0.1534,-4.4696,0.0068,57.3
7371.76023,34.4309,0.0092,21.0583,-0.2884,-4.4799,0.0108,44.6
7371.77033,34.4082,0.0108,21.0351,0.0180,-4.4715,0.0135,38.6
7372.67782,34.2780,0.0548,20.2459,-0.0747,-4.3204,0.0816,9.3
7372.70837,34.4203,0.0122,20.6497,1.3029,-4.4660,0.0155,35.1
7749.58185,34.4601,0.0088,18.9395,-0.1852,-4.4281,0.0086,44.7
7749.76345,34.4587,0.0067,18.9701,-0.1929,-4.4346,0.0058,59.4
7750.55088,34.2998,0.0072,18.9979,0.0767,-4.4515,0.0069,57.0
7750.75882,34.3231,0.0084,18.8521,0.1063,-4.4493,0.0085,49.7
7751.70251,34.4825,0.0083,18.9755,-0.1709,-4.4391,0.0083,49.8
7754.63363,34.3629,0.0124,21.0214,0.1569,-4.4369,0.0141,32.8
7754.74514,34.3232,0.0122,20.9659,-0.0801,-4.4494,0.0148,34.6
7755.56052,34.4412,0.0068,20.3272,-0.1334,-4.4452,0.0062,58.3
7755.68564,34.4804,0.0105,20.6427,-0.1800,-4.4695,0.0119,40.5
7756.54391,34.4309,0.0144,20.9620,-0.1692,-4.4184,0.0174,31.2
7756.69497,34.4055,0.0100,21.1398,0.5372,-4.4221,0.0103,42.5
7757.56227,34.3364,0.0062,20.5935,0.0287,-4.4387,0.0051,64.3
7757.76849,34.4096,0.0173,20.5733,-0.0650,-4.3885,0.0211,26.6
7767.63488,34.3569,0.0135,20.6536,0.0321,-4.4392,0.0151,32.2
7768.62766,34.4216,0.0098,20.7994,-0.0101,-4.4454,0.0101,40.1
7768.68724,34.4287,0.0074,20.8263,-0.0352,-4.4490,0.0067,55.8
7769.56123,34.4124,0.0173,20.8606,-0.1276,-4.4173,0.0215,26.8
7769.74871,34.3985,0.0120,20.9550,0.5301,-4.4211,0.0134,36.7
7770.48664,34.3650,0.0080,20.7612,-0.0388,-4.4285,0.0076,51.3
7770.67781,34.4047,0.0071,20.6799,-0.0105,-4.4350,0.0065,56.8
7771.46646,34.3690,0.0067,21.0110,0.0454,-4.4360,0.0060,60.7
7771.62722,34.3601,0.0070,20.7487,0.0950,-4.4458,0.0063,57.5
7772.57081,34.4089,0.0055,20.5872,-0.0564,-4.4509,0.0045,71.3
7772.74143,34.4355,0.0073,20.5553,-0.4219,-4.4504,0.0069,57.2
7776.46636,34.3938,0.0094,20.8932,-0.0770,-4.4595,0.0129,47.7
7776.66380,34.4101,0.0062,20.7195,-0.0348,-4.4487,0.0052,65.2
7777.45522,34.4037,0.0104,20.8038,-0.0037,-4.4347,0.0112,41.2
7777.68914,34.4315,0.0116,20.5416,0.0484,-4.4115,0.0127,37.6
7778.41974,34.3745,0.0072,20.9883,0.0391,-4.4324,0.0066,57.8
7778.62073,34.3518,0.0057,20.7787,0.1042,-4.4338,0.0046,69.2
7802.45286,34.4581,0.0068,20.4947,-0.1972,-4.4569,0.0063,58.7
7802.54483,34.4560,0.0081,20.6486,-0.1455,-4.4405,0.0078,50.5
7803.39940,34.3822,0.0127,20.6459,-0.0650,-4.4355,0.0154,34.5
7803.54249,34.4048,0.0107,20.4169,-0.0496,-4.4265,0.0117,39.2
7804.40126,34.3790,0.0078,20.8478,0.0843,-4.4383,0.0075,52.5
7804.53623,34.3812,0.0103,20.6631,-1.4568,-4.4316,0.0110,40.8
7806.44739,34.3924,0.0087,20.5212,-0.0588,-4.4579,0.0088,47.8
7807.36241,34.3950,0.0069,21.3158,-0.1485,-4.4362,0.0062,59.0
7808.52958,34.4034,0.0059,21.0225,-0.0204,-4.4413,0.0048,68.2
7808.63565,34.3915,0.0082,20.9503,0.0738,-4.4256,0.0076,51.6
7809.45282,34.3884,0.0128,20.7297,-0.2052,-4.4406,0.0158,34.2
7810.54426,34.3202,0.0132,20.3217,0.0739,-4.4810,0.0179,33.4
7811.35884,34.4775,0.0137,20.7007,-0.2704,-4.4359,0.0174,32.9
7811.52928,34.4454,0.0136,21.1617,-0.7146,-4.4639,0.0176,31.8
7814.39794,34.3446,0.0070,21.1399,0.2747,-4.4598,0.0066,57.5
7814.60206,34.3102,0.0073,20.8498,0.1962,-4.4721,0.0072,57.4
7815.54132,34.4647,0.0127,20.7258,-0.3086,-4.4604,0.0161,34.7
7816.42836,34.3755,0.0074,20.5119,-0.0049,-4.4353,0.0067,54.8
7816.49993,34.3972,0.0083,20.5529,-0.0658,-4.4187,0.0077,50.1
7817.43947,34.3840,0.0131,21.0605,0.0611,-4.4429,0.0160,33.9
7833.41663,34.4450,0.0072,21.0347,-0.1712,-4.4311,0.0065,56.5
7834.41427,34.4005,0.0091,21.2186,-0.0202,-4.4272,0.0092,44.9
7835.44577,34.4296,0.0094,20.8092,-0.1197,-4.4311,0.0095,43.6
