7330.534145,-10307.84,3.50,7015.06,7.00,47.48,0.05,-8.44,7.00,0.146,0.010,-5.068,0.071
7331.519555,-10313.18,3.11,6992.26,6.21,47.58,0.04,-9.45,6.21,0.130,0.009,-5.226,0.068
7332.517815,-10300.90,3.94,6971.02,7.89,47.48,0.05,-17.98,7.89,0.157,0.013,-4.982,0.081
7333.561482,-10324.79,3.77,6960.86,7.54,47.62,0.05,-19.20,7.54,0.140,0.012,-5.124,0.089
7334.686323,-10319.25,2.98,7023.15,5.96,47.46,0.04,-17.27,5.96,0.147,0.008,-5.058,0.055
7336.468718,-10319.78,4.79,6977.89,9.58,47.59,0.07,-4.33,9.58,0.157,0.018,-4.981,0.115
7374.538768,-10310.84,4.50,6984.07,9.00,47.53,0.06,-5.52,9.00,0.151,0.017,-5.030,0.113
7381.539185,-10323.27,4.65,6991.25,9.30,47.47,0.06,-0.47,9.30,0.156,0.012,-4.993,0.079
7382.471715,-10324.55,5.24,6987.28,10.48,47.52,0.07,-26.34,10.48,0.130,0.014,-5.226,0.109
7384.482907,-10315.40,3.42,6997.43,6.83,47.33,0.05,-16.00,6.83,0.164,0.010,-4.938,0.063
7385.479803,-10314.27,5.42,7020.40,10.84,47.29,0.07,-22.83,10.84,0.172,0.022,-4.892,0.126
7407.407112,-10314.12,4.59,6937.54,9.17,46.40,0.06,1.30,9.17,0.125,0.016,-5.296,0.131
7407.428483,-10313.38,4.41,6965.47,8.82,46.53,0.06,-2.13,8.82,0.142,0.015,-5.108,0.107
7408.350569,-10318.31,3.29,6978.63,6.57,47.33,0.04,-13.34,6.57,0.166,0.009,-4.929,0.057
7408.371620,-10315.98,3.05,6976.92,6.11,47.33,0.04,-15.05,6.11,0.152,0.008,-5.022,0.054
7411.437930,-10314.38,3.69,6965.13,7.39,46.94,0.05,1.60,7.39,0.154,0.012,-5.004,0.079
7411.457326,-10308.80,5.17,6944.96,10.34,45.81,0.07,-29.13,10.34,0.135,0.019,-5.171,0.142
7412.350680,-10316.56,4.17,6983.76,8.34,47.22,0.06,-6.32,8.34,0.133,0.015,-5.196,0.110
7412.370976,-10316.08,4.35,7001.68,8.69,47.06,0.06,-6.15,8.69,0.144,0.015,-5.084,0.104
7413.461396,-10319.00,5.40,6979.16,10.80,46.95,0.07,6.48,10.80,0.148,0.021,-5.054,0.145
7413.480770,-10326.61,6.23,6996.84,12.45,46.97,0.08,-14.16,12.45,0.139,0.026,-5.136,0.189
7414.448654,-10321.13,4.61,7006.33,9.22,47.33,0.06,-15.73,9.22,0.116,0.017,-5.455,0.145
7414.472434,-10317.48,5.29,6989.35,10.58,47.30,0.07,-7.64,10.58,0.185,0.021,-4.824,0.116
7415.368091,-10313.77,3.91,6992.73,7.82,47.51,0.05,-16.16,7.82,0.143,0.012,-5.099,0.087
7415.388311,-10315.58,4.30,7014.22,8.60,47.53,0.06,-5.80,8.60,0.135,0.014,-5.178,0.105
7432.408409,-10311.84,3.98,7006.17,7.96,47.17,0.05,-6.74,7.96,0.137,0.013,-5.157,0.098
7432.429679,-10309.83,3.63,7011.89,7.26,47.20,0.05,-7.52,7.26,0.144,0.012,-5.084,0.082
7435.385744,-10317.02,5.31,6970.55,10.62,46.96,0.07,1.28,10.62,0.159,0.021,-4.974,0.134
7435.406342,-10318.63,5.34,6990.31,10.67,46.97,0.07,-6.11,10.67,0.147,0.021,-5.063,0.145
7436.351740,-10319.67,3.55,6996.78,7.11,47.20,0.05,-10.85,7.11,0.161,0.010,-4.955,0.065
7436.372344,-10318.95,3.24,6994.61,6.49,47.37,0.04,-6.43,6.49,0.152,0.009,-5.020,0.059
7458.360553,-10317.12,3.74,7007.34,7.49,47.32,0.05,4.70,7.49,0.162,0.012,-4.954,0.071
7458.381699,-10319.43,4.45,7011.33,8.90,47.35,0.06,-18.47,8.90,0.126,0.016,-5.283,0.126
7459.344935,-10317.86,6.62,6987.02,13.25,47.12,0.09,-7.15,13.25,0.105,0.027,-5.766,0.262
7459.367587,-10319.07,5.17,7004.21,10.34,47.41,0.07,9.90,10.34,0.116,0.020,-5.447,0.174
7462.345931,-10316.47,3.21,6983.54,6.42,47.24,0.04,-16.01,6.42,0.157,0.009,-4.985,0.058
7462.366857,-10317.75,3.33,6986.84,6.66,47.38,0.05,-8.47,6.66,0.164,0.010,-4.940,0.061
7463.343077,-10312.03,2.72,6984.46,5.44,47.24,0.04,-10.17,5.44,0.150,0.007,-5.039,0.045
7463.361580,-10314.92,3.74,6991.62,7.47,47.40,0.05,-6.42,7.47,0.131,0.012,-5.224,0.088
7463.383534,-10320.16,3.53,6983.83,7.05,47.39,0.05,-4.74,7.05,0.145,0.011,-5.081,0.079
7658.747216,-10311.56,4.15,7000.21,8.31,47.53,0.06,-6.93,8.31,0.154,0.014,-5.003,0.091
7659.730622,-10315.85,3.86,6988.84,7.72,47.53,0.05,-10.20,7.72,0.192,0.012,-4.791,0.063
7661.729420,-10310.79,2.89,7001.19,5.78,47.54,0.04,-6.98,5.78,0.156,0.007,-4.995,0.047
7670.575455,-10322.27,3.71,6988.07,7.42,47.56,0.05,-5.34,7.42,0.150,0.012,-5.034,0.077
7671.648482,-10314.01,3.11,6997.27,6.22,47.63,0.04,-9.28,6.22,0.165,0.009,-4.933,0.053
7672.617070,-10311.97,3.22,6985.75,6.43,47.64,0.04,-14.08,6.43,0.159,0.009,-4.971,0.055
7699.655251,-10306.63,6.17,7018.46,12.35,47.55,0.08,-9.40,12.35,0.153,0.024,-5.012,0.156
7700.674014,-10324.57,5.33,6994.37,10.65,47.48,0.07,5.16,10.65,0.155,0.020,-4.996,0.126
7701.696164,-10325.87,6.68,6965.31,13.37,47.62,0.09,-3.57,13.37,0.159,0.029,-4.973,0.181
7702.681409,-10310.00,6.80,7012.23,13.60,47.53,0.09,-6.62,13.60,0.120,0.029,-5.382,0.241
7703.689983,-10313.58,4.38,7015.15,8.76,47.51,0.06,-9.02,8.76,0.154,0.015,-5.007,0.098
7721.587249,-10315.00,3.26,7008.69,6.51,47.49,0.04,-6.68,6.51,0.153,0.009,-5.015,0.062
7721.607134,-10307.85,8.32,6999.26,16.63,47.43,0.11,-5.14,16.63,0.123,0.035,-5.319,0.286
7727.452523,-10308.38,3.14,7008.01,6.29,47.51,0.04,-10.63,6.29,0.152,0.009,-5.023,0.057
7728.542797,-10322.81,5.06,7005.80,10.11,47.52,0.07,-10.90,10.11,0.167,0.019,-4.921,0.114
7729.450087,-10305.15,5.96,7007.24,11.92,47.50,0.08,-20.86,11.92,0.168,0.024,-4.915,0.141
7729.536876,-10318.73,5.59,6990.37,11.19,47.49,0.08,-18.03,11.19,0.160,0.021,-4.968,0.130
7731.440043,-10316.11,5.78,6994.46,11.57,47.42,0.08,2.53,11.57,0.135,0.022,-5.173,0.161
7749.479934,-10310.21,3.63,6997.30,7.25,47.52,0.05,-5.11,7.25,0.153,0.011,-5.011,0.069
7749.502345,-10313.41,3.65,7019.19,7.30,47.49,0.05,-12.60,7.30,0.141,0.011,-5.113,0.076
7755.466912,-10321.12,5.82,6998.68,11.65,47.52,0.08,4.75,11.65,0.148,0.022,-5.054,0.148
7755.486259,-10323.42,5.03,7003.84,10.06,47.49,0.07,0.52,10.06,0.134,0.018,-5.183,0.131
7757.458493,-10309.26,3.37,7006.07,6.74,47.51,0.05,-9.09,6.74,0.158,0.009,-4.980,0.060
7757.479118,-10317.13,3.16,6996.00,6.32,47.55,0.04,-6.01,6.32,0.160,0.009,-4.962,0.053
7764.445746,-10323.46,6.43,6967.95,12.85,46.59,0.09,1.10,12.85,0.134,0.025,-5.181,0.187
7764.466446,-10313.21,8.83,6958.34,17.67,46.01,0.12,-3.74,17.67,0.167,0.039,-4.923,0.232
7770.438090,-10316.02,3.45,7002.76,6.90,47.58,0.05,-6.13,6.90,0.156,0.010,-4.991,0.064
7770.522018,-10308.00,4.63,7019.28,9.26,47.38,0.06,-9.35,9.26,0.129,0.017,-5.239,0.131
7771.442524,-10314.62,3.30,6991.16,6.61,47.61,0.04,-13.53,6.61,0.149,0.009,-5.045,0.062
7771.515659,-10317.67,3.41,6985.12,6.82,47.63,0.05,-27.86,6.82,0.150,0.010,-5.033,0.069
7772.428881,-10314.78,2.72,6994.95,5.45,47.61,0.04,-8.50,5.45,0.149,0.007,-5.042,0.044
7772.522000,-10316.34,3.04,7003.81,6.08,47.56,0.04,-13.75,6.08,0.162,0.008,-4.950,0.051
8482.523108,-10313.21,3.17,6993.45,6.34,47.58,0.04,-6.19,6.34,0.154,0.008,-5.003,0.051
8483.559646,-10309.71,3.82,7017.42,7.64,47.47,0.05,-13.83,7.64,0.153,0.011,-5.012,0.070
8815.649062,-10308.50,3.60,7000.52,7.20,47.49,0.05,-7.71,7.20,0.149,0.010,-5.042,0.065
8841.514652,-10316.74,3.38,7023.69,6.76,47.42,0.05,4.09,6.76,0.160,0.009,-4.967,0.055
8847.460619,-10314.07,2.50,6995.36,4.99,47.48,0.03,-21.40,4.99,0.160,0.005,-4.962,0.033