6698.624617,1127.6,3.7,85.6,−4.953,0.017
6699.598118,1124.1,2.7,92.6,−4.995,0.011
6701.572178,1069.7,3.2,76.1,−4.993,0.016
6702.578027,1044.5,3.6,83.2,−4.967,0.015
6728.651408,1105.1,3.8,91.5,−5.020,0.021
6786.609623,1143.6,4.6,103.4,−4.952,0.027
6787.608024,1112.3,3.9,101.6,−4.983,0.023
6817.482897,1176.6,2.7,83.9,−5.022,0.013
6819.529437,1115.1,3.6,78.6,−4.987,0.019
6820.503665,1101.6,5.3,78.4,−5.035,0.040
6861.396206,1150.9,2.5,87.9,−5.001,0.011
6874.367191,1144.3,3.7,94.1,−4.996,0.020
6875.369909,1119.5,9.1,67.0,−4.975,0.076
6987.775868,1204.0,3.6,86.8,−4.968,0.019
6998.737459,1198.9,5.5,81.9,−4.950,0.032
6999.772079,1166.2,5.7,107.6,−5.021,0.044
7005.756862,1234.1,9.3,71.0,−5.034,0.086
7011.773901,1226.4,2.7,90.9,−4.997,0.012
7028.700777,1240.1,3.5,101.0,−5.015,0.019
7029.691968,1216.8,3.5,87.4,−5.001,0.018
7050.675470,1224.3,4.8,84.4,−4.985,0.030
7068.780530,1218.8,4.7,109.7,−4.971,0.028
7109.622389,1170.3,5.0,87.8,−5.000,0.031
7112.604654,1155.1,8.0,78.7,−4.996,0.069
7113.520997,1209.9,3.7,86.7,−4.977,0.021
7114.443438,1212.0,5.0,74.6,−4.960,0.032
7115.451479,1219.3,2.6,90.4,−5.003,0.012
7124.384992,1203.2,4.1,89.8,−4.958,0.024
7124.395594,1203.2,3.7,95.3,−4.983,0.022
7124.406149,1206.1,3.3,101.8,−4.989,0.018
7124.416785,1217.2,3.2,109.7,−5.013,0.019
7124.427595,1213.6,3.4,97.6,−4.994,0.020
7124.438266,1210.4,3.3,85.0,−4.992,0.018
7124.448937,1215.6,3.4,78.9,−4.968,0.018
7124.459481,1212.7,3.4,99.1,−5.013,0.020
7124.470175,1214.5,3.6,86.5,−5.006,0.022
7124.481309,1198.8,3.0,82.7,−5.013,0.016
7124.491679,1202.4,2.9,94.5,−4.994,0.014
7124.502581,1198.6,3.1,80.4,−5.001,0.016
7124.513125,1196.5,3.2,85.3,−4.987,0.016
7124.524155,1186.0,3.1,83.6,−5.006,0.016
7124.534618,1187.8,3.3,84.4,−4.988,0.018
7124.543668,1173.8,7.7,97.4,−4.956,0.056
7124.556156,1179.0,3.2,91.7,−5.013,0.018
7124.566665,1180.4,3.1,98.1,−5.005,0.017
7124.577441,1171.2,3.1,92.9,−5.015,0.017
7124.587949,1176.1,3.2,89.6,−4.997,0.017
7124.599130,1174.4,3.3,72.1,−5.001,0.019
7124.609685,1170.2,3.2,91.4,−5.011,0.018
7124.620229,1182.9,3.1,103.7,−4.998,0.017
7124.631085,1181.3,3.4,83.3,−4.996,0.018
7124.641640,1183.5,3.4,69.9,−5.002,0.018
7124.652496,1189.0,3.4,91.8,−4.976,0.017
7124.663202,1176.4,3.5,81.3,−4.982,0.018
7124.673908,1188.7,3.3,83.9,−4.985,0.016
7124.684347,1186.2,3.2,89.2,−4.987,0.017
7124.695354,1182.3,2.9,101.9,−4.995,0.015
7124.705932,1179.9,2.9,101.8,−4.980,0.015
7142.537170,1144.0,3.6,89.5,−4.990,0.021
7143.470202,1158.9,3.4,86.3,−5.018,0.020
7144.467594,1196.6,3.8,84.4,−5.003,0.023
7150.499394,1155.1,4.6,90.2,−5.004,0.026
7159.414630,1164.7,3.2,99.1,−5.024,0.019
7170.469914,1214.6,2.7,83.9,−5.010,0.012
7173.479806,1143.8,5.2,112.2,−4.961,0.033
7174.499116,1140.4,5.3,91.6,−4.937,0.032
7175.462458,1179.1,2.7,99.2,−4.996,0.013
7176.476235,1212.3,3.8,82.5,−4.994,0.021
7205.414495,1136.2,2.5,90.2,−5.000,0.011
7206.421521,1157.3,3.1,80.1,−4.968,0.014
7207.432852,1189.7,3.8,87.3,−4.952,0.021
6640.021901,−30.50,36.12
6643.998845,35.66,23.47
6698.953413,86.48,24.29
6702.883586,−15.28,28.33
6729.914621,64.77,24.93
6733.902128,4.10,19.52
6801.709729,59.28,22.98
6803.711379,−15.48,12.28
6804.800386,−14.19,22.87
6812.690753,54.72,29.16
6816.685639,73.70,18.88
6824.685293,94.65,14.15
6993.029954,107.42,22.14
7055.946535,94.92,18.22
7090.798944,172.10,19.99
7094.908058,101.59,19.32
7110.916771,73.25,20.13
7121.849369,133.02,17.07
7141.862950,35.84,17.49
7145.767451,156.82,17.82
7149.696112,42.03,18.32
7169.684005,133.14,18.14