2455382.6432,-3.3,14.7,NOT/FIES,
2455383.6244,-493.3,13.0,NOT/FIES,
2455384.6123,97.8,12.9,NOT/FIES,
2455424.5139,223.4,15.8,NOT/FIES,
2455425.6033,-502.4,14.9,NOT/FIES,
2455426.4740,-221.5,13.3,NOT/FIES,
2455427.4796,185.7,18.9,NOT/FIES,
2455428.4842,-417.0,19.3,NOT/FIES,
2455430.4280,165.6,21.7,NOT/FIES,
2455480.4818,-471.4,23.0,NOT/FIES,
2455482.3520,0.4,14.5,NOT/FIES,
2455486.4697,-522.0,15.8,NOT/FIES,
2455488.4282,-37.7,27.1,NOT/FIES,
2455490.3694,79.6,20.8,NOT/FIES
2455752.5089,-37975,09,0.062,1562,19.5,KOI-135
2455753.4652,-37391,26,-0.009,3600,16.0,KOI-135
2455754.4127,-37362,29,-0.056,3600,14.2,KOI-135
2455773.3908,-37936,22,0.010,3600,17.5,KOI-135
2455774.3658,-37551,19,0.008,3600,18.4,KOI-135
2455802.3448,-37225,12,-0.041,3600,26.3,KOI-135
2455806.3595,-37783,19,-0.038,2703,19.0,KOI-135
2455807.3341,-37792,22,-0.032,3600,17.7,KOI-135