6813.669658,-71539.65,1.51,7253.73,3.03,63.29,0.03,-65.96,3.03,0.158,0.003,-4.975,0.019
6814.514519,-71541.10,1.83,7248.93,3.66,63.19,0.03,-74.04,3.66,0.165,0.005,-4.934,0.025
6815.522790,-71539.27,1.61,7256.54,3.23,63.18,0.03,-62.69,3.23,0.161,0.004,-4.957,0.021
6816.592373,-71540.20,1.69,7254.79,3.39,63.22,0.03,-65.75,3.39,0.160,0.004,-4.963,0.022
6828.677339,-71530.82,1.86,7239.56,3.72,63.16,0.03,-59.79,3.72,0.157,0.005,-4.980,0.028
6830.477131,-71526.42,2.15,7246.41,4.31,63.16,0.04,-59.68,4.31,0.157,0.006,-4.977,0.037
6832.492669,-71523.33,2.04,7252.49,4.08,63.15,0.04,-62.42,4.08,0.149,0.005,-5.029,0.037
6833.698436,-71519.36,2.37,7255.42,4.75,63.07,0.04,-57.55,4.75,0.157,0.007,-4.977,0.044
6834.476031,-71524.16,2.12,7251.67,4.23,63.14,0.04,-61.47,4.23,0.155,0.006,-4.995,0.037
6835.521515,-71521.84,2.23,7247.85,4.46,63.18,0.04,-69.81,4.46,0.159,0.006,-4.967,0.039
6845.486541,-71510.72,1.91,7247.95,3.83,63.11,0.03,-67.40,3.83,0.160,0.005,-4.965,0.029
6846.505189,-71507.24,1.70,7252.73,3.39,63.10,0.03,-53.65,3.39,0.161,0.004,-4.955,0.022
6847.466361,-71508.62,2.94,7250.81,5.88,62.89,0.05,-66.94,5.88,0.152,0.010,-5.009,0.062
6848.493946,-71502.63,2.47,7252.68,4.94,62.88,0.04,-57.71,4.94,0.159,0.007,-4.970,0.043
6849.450962,-71507.04,2.39,7241.55,4.79,62.84,0.04,-58.43,4.79,0.157,0.007,-4.980,0.044
6850.460016,-71504.00,8.02,7357.03,16.05,60.19,0.13,-57.16,16.05,0.100,0.038,-5.701,1.209
6851.499244,-71506.23,2.05,7252.10,4.10,62.92,0.04,-58.32,4.10,0.157,0.006,-4.978,0.034
6852.454693,-71492.61,3.00,7250.44,6.01,62.77,0.05,-70.09,6.01,0.171,0.010,-4.902,0.052
6853.501342,-71494.48,2.35,7243.00,4.70,62.99,0.04,-57.93,4.70,0.165,0.007,-4.933,0.038
6862.675474,-71493.76,2.14,7240.10,4.28,63.18,0.04,-62.02,4.28,0.160,0.006,-4.959,0.036
6863.620031,-71491.80,2.22,7255.03,4.45,63.18,0.04,-62.06,4.45,0.156,0.006,-4.987,0.039
6864.639379,-71489.00,2.08,7255.88,4.16,63.16,0.04,-62.21,4.16,0.152,0.006,-5.009,0.036
6865.666709,-71485.18,2.32,7241.12,4.63,63.19,0.04,-62.67,4.63,0.158,0.007,-4.974,0.041
6866.638239,-71477.73,3.44,7241.25,6.87,63.16,0.06,-66.28,6.87,0.141,0.013,-5.092,0.099
6883.560813,-71467.52,2.25,7263.12,4.51,63.00,0.04,-62.67,4.51,0.161,0.006,-4.955,0.037
6883.581943,-71465.08,1.98,7257.62,3.97,63.07,0.03,-65.22,3.97,0.161,0.005,-4.954,0.030
6885.505129,-71458.29,2.07,7258.06,4.14,63.06,0.04,-63.59,4.14,0.152,0.006,-5.009,0.037
6885.525926,-71462.84,2.04,7244.72,4.09,63.21,0.04,-66.64,4.09,0.152,0.006,-5.010,0.037
6886.531584,-71453.96,2.10,7243.41,4.20,63.13,0.04,-56.30,4.20,0.158,0.006,-4.977,0.034
6886.552024,-71458.43,2.10,7257.70,4.21,63.14,0.04,-62.10,4.21,0.158,0.006,-4.975,0.034
6887.511184,-71455.34,2.82,7250.34,5.64,63.12,0.05,-61.89,5.64,0.139,0.009,-5.103,0.075
6887.534410,-71456.76,2.92,7238.70,5.83,63.16,0.05,-57.98,5.83,0.158,0.010,-4.972,0.058
6888.499440,-71454.62,3.29,7254.80,6.57,63.20,0.06,-60.94,6.57,0.151,0.012,-5.022,0.079
6888.521468,-71450.60,3.11,7254.35,6.22,63.09,0.05,-61.25,6.22,0.164,0.011,-4.941,0.060
6889.503133,-71450.41,2.09,7258.02,4.18,63.10,0.04,-60.98,4.18,0.153,0.006,-5.004,0.036
6889.524002,-71448.41,2.24,7257.68,4.48,63.20,0.04,-62.05,4.48,0.150,0.006,-5.028,0.042
6891.422040,-71451.71,1.39,7260.30,2.79,63.16,0.02,-61.47,2.79,0.166,0.003,-4.930,0.015
6891.443032,-71450.25,1.71,7251.73,3.43,63.22,0.03,-56.51,3.43,0.154,0.004,-4.997,0.025
6903.470977,-71438.22,1.58,7254.64,3.17,63.11,0.03,-58.17,3.17,0.162,0.003,-4.949,0.020
6903.491909,-71436.16,1.60,7257.37,3.20,63.14,0.03,-61.85,3.20,0.162,0.004,-4.949,0.020
6919.473661,-71408.61,2.41,7245.85,4.82,63.21,0.04,-57.89,4.82,0.156,0.007,-4.983,0.041
6919.495886,-71411.62,2.25,7255.99,4.51,63.19,0.04,-56.22,4.51,0.160,0.006,-4.961,0.035
6922.501296,-71409.09,2.26,7265.31,4.51,63.14,0.04,-58.84,4.51,0.149,0.006,-5.030,0.044
6923.478566,-71406.65,1.79,7265.79,3.57,63.12,0.03,-66.84,3.57,0.158,0.004,-4.974,0.026
6924.393772,-71405.30,1.62,7259.67,3.25,63.18,0.03,-61.72,3.25,0.162,0.004,-4.949,0.021
6929.363878,-71395.36,1.65,7254.38,3.30,63.19,0.03,-64.85,3.30,0.162,0.004,-4.950,0.021
6929.386470,-71394.61,1.70,7260.21,3.40,63.18,0.03,-63.98,3.40,0.164,0.004,-4.940,0.023
6931.489137,-71392.69,2.57,7270.81,5.15,63.08,0.04,-65.00,5.15,0.159,0.008,-4.966,0.049
6931.511299,-71387.62,2.42,7253.63,4.84,63.16,0.04,-58.88,4.84,0.159,0.008,-4.970,0.046
6934.412230,-71392.57,1.88,7259.03,3.76,63.06,0.03,-68.12,3.76,0.160,0.005,-4.959,0.027
6936.423114,-71391.94,1.67,7265.39,3.35,63.04,0.03,-64.99,3.35,0.159,0.004,-4.968,0.023
6939.395032,-71381.75,1.80,7259.77,3.60,62.98,0.03,-56.26,3.60,0.161,0.004,-4.956,0.025
6967.373213,-71354.82,1.81,7244.21,3.61,62.98,0.03,-62.61,3.61,0.161,0.005,-4.953,0.026
6968.374089,-71366.31,8.90,7247.47,17.80,61.71,0.15,-22.12,17.80,0.137,0.046,-5.120,0.393
6969.379450,-71352.66,3.10,7263.40,6.19,62.69,0.05,-59.04,6.19,0.166,0.011,-4.926,0.061
7106.689371,-71387.66,3.61,7254.58,7.22,63.14,0.06,-67.43,7.22,0.157,0.014,-4.983,0.088
7107.726309,-71386.31,2.13,7242.24,4.26,63.16,0.04,-51.27,4.26,0.148,0.006,-5.042,0.043
7115.704026,-71402.19,2.40,7244.66,4.80,62.98,0.04,-64.33,4.80,0.152,0.007,-5.008,0.048
7116.696210,-71401.01,1.80,7251.95,3.59,62.97,0.03,-59.88,3.59,0.155,0.004,-4.993,0.028
7117.704788,-71395.96,1.89,7252.59,3.79,62.94,0.03,-65.45,3.79,0.160,0.005,-4.961,0.028
7118.685556,-71397.24,1.83,7246.37,3.67,63.08,0.03,-62.72,3.67,0.156,0.005,-4.988,0.028
7121.683173,-71405.46,1.93,7244.62,3.86,63.14,0.03,-68.93,3.86,0.164,0.005,-4.938,0.028
7122.694564,-71403.64,1.85,7257.86,3.70,63.08,0.03,-65.78,3.70,0.153,0.005,-5.006,0.031
7123.675090,-71400.91,3.72,7256.72,7.44,63.05,0.06,-63.81,7.44,0.136,0.015,-5.130,0.130
7184.673307,-71490.52,3.27,7227.12,6.54,63.17,0.06,-62.15,6.54,0.163,0.012,-4.942,0.065
7225.590484,-71522.24,4.74,7250.92,9.48,63.14,0.08,-78.89,9.48,0.156,0.020,-4.989,0.123
7253.405917,-71545.15,1.61,7246.99,3.21,63.20,0.03,-65.26,3.21,0.163,0.004,-4.944,0.020
7332.392990,-71531.12,2.90,7262.39,5.79,63.09,0.05,-56.09,5.79,0.160,0.010,-4.961,0.060
7499.693547,-71338.18,2.60,7249.64,5.19,63.04,0.05,-59.11,5.19,0.149,0.008,-5.030,0.053
7522.617182,-71330.16,2.13,7251.00,4.26,63.19,0.04,-60.80,4.26,0.150,0.006,-5.023,0.039
7560.658874,-71333.95,2.53,7248.80,5.05,62.77,0.04,-72.09,5.05,0.160,0.008,-4.961,0.044
7915.621207,-71465.45,2.28,7254.19,4.56,63.01,0.04,-56.28,4.56,0.154,0.006,-5.001,0.039
7930.690939,-71448.06,3.78,7243.88,7.56,63.06,0.07,-59.22,7.56,0.149,0.015,-5.034,0.101
7934.681581,-71448.53,2.89,7234.28,5.79,63.15,0.05,-48.10,5.79,0.152,0.009,-5.011,0.060
7943.661108,-71430.95,3.20,7268.29,6.40,62.48,0.06,-64.37,6.40,0.161,0.011,-4.957,0.063
7954.619207,-71417.13,2.31,7241.33,4.61,63.17,0.04,-68.06,4.61,0.154,0.007,-4.997,0.042
8019.502009,-71342.74,6.80,7278.00,13.59,63.20,0.12,-77.88,13.59,0.163,0.032,-4.945,0.180
8025.399278,-71347.82,1.61,7264.78,3.22,63.18,0.03,-60.78,3.22,0.165,0.003,-4.932,0.018
8243.649159,-71507.22,2.53,7256.06,5.07,63.14,0.04,-62.39,5.07,0.169,0.007,-4.913,0.039
8248.619721,-71512.00,1.80,7257.11,3.59,63.20,0.03,-64.35,3.59,0.161,0.004,-4.957,0.024
8270.661263,-71538.18,2.29,7247.05,4.57,62.96,0.04,-64.81,4.57,0.165,0.006,-4.936,0.034
8279.614601,-71537.71,2.23,7242.07,4.46,63.21,0.04,-63.27,4.46,0.160,0.006,-4.959,0.033
8308.422826,-71563.71,3.66,7259.77,7.31,63.00,0.06,-61.75,7.31,0.154,0.013,-4.998,0.083
8327.625478,-71563.21,2.66,7237.42,5.31,62.78,0.05,-56.63,5.31,0.152,0.010,-5.013,0.064
8356.539560,-71554.89,1.68,7255.16,3.36,62.93,0.03,-60.16,3.36,0.159,0.004,-4.966,0.021
8365.451729,-71557.94,1.67,7246.98,3.34,63.25,0.03,-56.08,3.34,0.161,0.003,-4.957,0.020
8381.426838,-71548.83,1.95,7269.14,3.89,63.09,0.03,-67.76,3.89,0.165,0.005,-4.936,0.026
8672.689458,-71402.27,2.42,7273.27,4.83,63.01,0.04,-60.53,4.83,0.158,0.007,-4.975,0.041
8688.441574,-71418.23,2.01,7247.91,4.02,63.18,0.04,-64.51,4.02,0.162,0.005,-4.948,0.029
9297.752991,-71539.82,1.93,7254.77,3.85,63.14,0.03,-59.73,3.85,0.158,0.004,-4.974,0.026
9336.676780,-71578.04,3.49,7262.44,6.97,62.96,0.06,-67.26,6.97,0.161,0.011,-4.956,0.063
9345.713529,-71574.41,1.96,7250.06,3.91,63.21,0.03,-58.29,3.91,0.148,0.005,-5.038,0.033
9363.670969,-71588.42,1.87,7251.15,3.74,63.13,0.03,-65.71,3.74,0.153,0.004,-5.005,0.027
9379.657163,-71592.01,1.67,7253.30,3.33,63.21,0.03,-67.58,3.33,0.156,0.003,-4.988,0.021
9382.685136,-71585.05,1.74,7240.32,3.49,63.19,0.03,-64.37,3.49,0.168,0.004,-4.916,0.020
9427.486643,-71572.72,2.43,7248.23,4.86,63.17,0.04,-58.99,4.86,0.166,0.006,-4.926,0.034
9443.564282,-71552.34,3.62,7264.92,7.23,63.10,0.06,-62.53,7.23,0.154,0.012,-5.000,0.079
9453.478536,-71545.46,2.16,7251.50,4.32,63.12,0.04,-63.51,4.32,0.149,0.005,-5.031,0.037
9458.571623,-71540.59,2.25,7255.77,4.50,63.17,0.04,-59.55,4.50,0.149,0.006,-5.033,0.041
9478.440320,-71518.40,3.83,7244.59,7.67,62.45,0.07,-66.57,7.67,0.137,0.014,-5.122,0.116
9678.713245,-71373.13,4.02,7239.93,8.05,63.26,0.07,-74.61,8.05,0.145,0.016,-5.063,0.122
9680.725635,-71366.27,2.86,7224.28,5.72,63.40,0.05,-61.91,5.72,0.165,0.010,-4.935,0.055
9691.725009,-71374.44,2.21,7222.78,4.43,63.28,0.04,-64.14,4.43,0.153,0.006,-5.008,0.042
9734.717455,-71414.97,2.47,7223.56,4.94,63.17,0.04,-61.79,4.94,0.153,0.008,-5.006,0.049
9749.682596,-71441.51,2.95,7214.60,5.90,63.20,0.05,-76.93,5.90,0.135,0.010,-5.144,0.089
9789.575255,-71488.68,2.53,7217.08,5.06,63.42,0.04,-56.88,5.06,0.156,0.008,-4.988,0.049
9808.568913,-71513.18,2.76,7240.62,5.52,63.26,0.05,-63.58,5.52,0.149,0.009,-5.029,0.063
9820.480094,-71522.01,2.21,7239.53,4.42,63.39,0.04,-66.77,4.42,0.150,0.006,-5.024,0.043
9831.462581,-71536.53,2.67,7236.70,5.33,63.17,0.05,-66.40,5.33,0.155,0.009,-4.993,0.054
9832.485107,-71534.65,1.93,7241.59,3.87,63.22,0.03,-64.05,3.87,0.153,0.005,-5.007,0.033
9835.461378,-71539.39,2.31,7242.17,4.61,63.24,0.04,-66.70,4.61,0.162,0.007,-4.950,0.038