2456912.967599,-45.0362586938379,2.99663686752319,5311.0,1.06331646442413,-8116.484,0.1256,0.001,-21.84,0.1
2458263.902737,68.7401359098216,2.05666375160217,11032.0,1.06004917621613,8840.221,0.132,0.001,-21.54,0.1
2458302.091697,85.3752218891466,2.57444310188293,7230.0,1.05745077133179,3304.948,0.1292,0.001,-21.65,0.1
2458329.812908,65.5636362461555,2.17500233650208,7361.0,1.03919279575348,-1058.963,0.1317,0.001,-21.79,0.1
2458337.041939,57.0973167004856,2.23828792572021,7442.0,1.05978167057037,-2670.932,0.1301,0.001,-21.99,0.1
2458338.027312,57.1117299704215,2.25027632713318,7547.0,1.05271506309509,-2828.743,0.1304,0.001,-21.68,0.1
2458341.008522,66.6788809786392,2.50389432907104,7447.0,1.05141806602478,-3320.597,0.1286,0.001,-21.98,0.1
2458344.861488,54.2490347438969,2.19074440002441,7378.0,1.04635906219482,-3757.401,0.1328,0.001,-21.74,0.1
2458346.860988,63.8685460753962,2.32819795608521,5640.0,1.0492045879364,-4089.233,0.1368,0.001,-21.91,0.1
2458349.754766,61.5389215701155,2.42279458045959,7350.0,1.0660662651062,-4369.442,0.1312,0.001
2458350.765168,61.087471666465,2.42125248908997,5965.0,1.04906344413757,-4549.629,0.1305,0.001
2458387.873772,65.4249168468659,2.22140145301819,7213.0,1.04841244220734,-9464.963,0.1415,0.001,-21.71,0.1
2458396.733177,56.8876372721747,2.35954856872559,7415.0,1.0434308052063,-9927.588,0.1436,0.001,-21.71,0.1
2458436.734558,41.9455442174512,2.34532308578491,7483.0,1.07162880897522,-9969.094,-21.84,0.1
2458632.883672,13.16688528992,2.43320155143738,7233.0,1.04846978187561,8488.314,0.1266,0.001,-21.87,0.1
2458680.055664,-8.0897718963899,2.26151823997498,7278.0,1.04450678825378,1185.236,0.1316,0.001,-22.04,0.1
2458714.753898,-18.0639685857276,2.34952664375305,7409.0,1.0423378944397,-4317.772,0.13,0.001,-21.78,0.1
2458787.715511,-38.4031978310139,2.28756594657898,7251.0,1.04529976844788,-10508.867,0.1319,0.001,-22.06,0.1
2458906.12707,-57.1251528307571,2.45738291740417,7681.0,1.05155169963837,6372.758,0.1187,0.001,-21.79,0.1
2458995.896142,-86.102083118638,2.3967719078064,7293.0,1.05069625377655,8706.726,0.1181,0.001,-22.01,0.1
2459035.031001,-85.7243308345845,2.26065874099731,7133.0,1.04067385196686,2983.02,0.122,0.001,-22.09,0.1
2459051.931376,-86.3328769590153,2.16385269165039,7325.0,1.04540979862213,213.263,0.1301,0.001,-22.03,0.1
2459090.944631,-101.344268072153,2.16897130012512,7190.0,1.04830133914948,-6321.206,0.1286,0.001,-22.03,0.1
2459151.702521,-109.999285485699,2.59095764160156,7033.0,1.05996143817902,-10498.755,0.1306,0.001,-21.99,0.1
2459296.145947,-90.7970570882088,2.44077754020691,7291.0,1.06258392333984,9172.462,0.1344,0.001,-21.94,0.1
2459314.086929,-95.6463159317225,2.16756105422974,7285.0,1.05004560947418,10274.988,0.1314,0.001,-21.84,0.1