644.00217,235.4,65.1
1083.87676,338.7,36.7,
722.95848,453.1,23.0
1091.93504,489.2,44.3,
727.87487,452.2,72.1
1117.90004,211.7,41.6,
734.86675,544.4,68.2
1132.79275,410.9,42.4,
755.93317,47.2,18.9
1137.83647,333.7,21.8,
757.82852,197.1,23.7
1175.82536,210.1,62.5,
758.88922,121.7,18.9
1197.74504,394.7,22.3,
760.95496,193.8,25.9
1202.70980,495.3,20.5,
764.92787,270.3,36.7
1227.64276,75.4,23.1,
768.78698,262.1,33.9
1233.59012,213.1,32.0,
768.80782,277.4,30.8
1258.59157,564.4,24.3,
822.70873,197.0,54.9
1279.58992,96.6,28.9,
825.63058,265.0,53.1
1376.99835,29.1,25.1,
826.64436,310.1,53.0
1382.93180,148.7,23.9,
827.71851,362.0,55.3
1389.91148,179.3,26.7,
828.61567,358.8,60.8
1400.93674,384.5,31.0,
829.72558,358.7,53.9
1405.90249,465.6,30.5,
830.69401,446.6,56.2
1409.87680,507.5,28.4,
837.59392,588.0,51.1
1413.96428,646.1,37.2,
840.65649,603.7,51.0
1429.95861,111.4,23.7,
841.70196,706.7,71.9
1436.83822,153.9,22.7,
842.57863,574.4,57.1
1442.84894,191.6,26.9,
843.59367,437.4,43.8
1446.78723,285.9,21.2,
844.64075,346.9,46.7
1503.72052,351.9,35.0,
845.68516,157.7,45.8
1547.69956,189.1,19.5,
846.62110,91.9,45.3
1551.63468,217.2,20.0,
852.61538,64.2,47.3
1556.67843,292.6,20.9,
854.62438,57.6,48.9
1561.63231,370.3,18.2,
856.71790,132.6,56.1
1575.69266,593.5,20.0,
858.64825,105.2,48.9
1581.66560,141.4,18.9,
1027.94566,284.4,26.4
1586.63377,40.5,18.4,
1046.89934,594.1,20.6
1591.70580,100.0,21.4,
1047.87727,702.8,38.6
1729.01428,553.2,37.9,
1048.86080,693.7,18.9
1740.94781,98.6,33.0,
1049.97884,661.7,28.7
1743.99496,34.8,29.3,
1051.99004,631.1,24.6
1799.87657,37.0,26.3,
1052.93268,583.1,30.0
1816.87894,248.9,32.0,
1053.90973,461.0,23.4
1822.88725,364.1,24.3,
1054.88376,383.9,29.3
1826.79500,419.8,20.0,
1055.88175,282.3,37.3
1056.88078,239.3,26.4
1057.95303,158.7,24.6
1058.84781,160.9,33.7
1074.90585,267.8,31.1
1080.95245,354.5,30.6,


