1575.047908,-35.7,2.8,0.142,HIRES
1575.40947,42.0,10.0,SOPHIE
1575.992695,-36.7,2.4,0.155,HIRES
1577.892731,-52.9,2.5,0.147,HIRES
1579.027079,-81.7,2.6,0.122,HIRES
1581.50789,-56.0,16.0,SOPHIE
1585.085538,-48.6,2.7,0.16,HIRES
1586.024334,-30.1,2.7,0.141,HIRES
1589.889698,9.9,2.4,0.12,HIRES
1593.081054,17.0,3.0,0.199,HIRES
1598.083414,-55.8,3.1,0.162,HIRES
1605.56661,-26.0,12.0,SOPHIE
1608.60654,-5.0,13.0,SOPHIE
1613.947394,19.5,2.4,0.153,HIRES
1614.56435,65.0,15.0,SOPHIE
1622.930955,-76.4,2.8,0.172,HIRES
1633.36529,56.0,9.0,SOPHIE
1637.45558,57.0,8.0,SOPHIE
1651.44399,-8.0,11.0,SOPHIE
1682.35976,51.0,10.0,SOPHIE
1697.30019,0.0,8.0,SOPHIE
1711.24418,-34.0,13.0,SOPHIE
2299.924278,10.5,2.6,0.1417,HIRES
2309.946403,-3.1,2.7,0.1625,HIRES
2332.901786,8.9,2.3,0.208,HIRES
2336.095564,-38.6,3.1,0.2066,HIRES
2344.779417,19.8,2.2,0.1321,HIRES
2362.871783,-27.5,2.4,0.1647,HIRES
2364.992333,-1.1,2.7,0.1916,HIRES
2390.818809,35.4,2.6,0.1744,HIRES
2394.833483,74.4,2.8,0.1591,HIRES
2396.878178,46.4,2.9,0.17,HIRES
2398.767461,34.1,2.3,0.1608,HIRES
2426.730451,-12.3,2.3,0.161,HIRES
2453.711054,31.8,2.4,0.149,HIRES
2454.74835,42.4,2.2,0.1585,HIRES
2621.063438,78.2,2.1,0.1666,HIRES
2680.030805,80.2,2.2,0.1651,HIRES
2686.981851,66.0,2.2,0.1668,HIRES
2720.913717,10.7,2.5,0.1673,HIRES
2751.868324,52.9,2.5,0.1762,HIRES
2772.848539,55.1,3.1,0.1813,HIRES
2803.801446,-42.3,3.8,0.1276,HIRES
2955.106976,-7.6,2.6,0.1933,HIRES
2987.063228,-47.2,2.3,0.166,HIRES
3064.03704,-0.1,3.0,0.1481,HIRES
3102.959987,-9.4,2.9,0.176,HIRES
3363.112422,-86.7,2.6,0.1811,HIRES
3399.965334,-26.3,2.6,0.1559,HIRES
3485.939436,13.1,3.5,0.1621,HIRES
3514.81834,-54.8,2.8,0.1424,HIRES
3667.074844,1.6,3.0,0.1178,HIRES
3763.064361,-35.0,2.6,0.1483,HIRES
3874.800128,11.8,2.4,0.1525,HIRES
4013.156879,76.5,2.9,0.1278,HIRES