1416.5357,29705.31,0.79,33.78,1.58,4667.99,1.58,39.5613,0.0134,0.460253,0.000104,1.70354,0.00210,-4.80109,0.00058,0.123551,0.000069,ESPR18,
1420.5481,29716.18,0.71,35.49,1.41,4679.62,1.41,39.4005,0.0119,0.524765,0.000093,2.08297,0.00183,-4.70649,0.00041,0.132104,0.000061,ESPR18,
1421.5384,29711.93,0.75,36.63,1.50,4685.98,1.50,39.3738,0.0126,0.515943,0.000100,1.99090,0.00201,-4.72763,0.00047,0.129836,0.000065,ESPR18,
1422.5275,29715.64,0.65,37.41,1.29,4690.88,1.29,39.3338,0.0108,0.494207,0.000082,1.90507,0.00152,-4.74830,0.00038,0.128854,0.000053,ESPR18,
1432.5284,29700.82,0.53,41.13,1.06,4683.71,1.06,39.4199,0.0089,0.489339,0.000064,1.87938,0.00104,-4.75468,0.00026,0.126868,0.000041,ESPR18,
1459.5293,29703.27,0.64,41.90,1.28,4704.89,1.28,39.2714,0.0107,0.485370,0.000081,1.87648,0.00141,-4.75541,0.00035,0.128312,0.000052,ESPR18,
1466.5502,29704.66,0.74,40.16,1.48,4672.88,1.48,39.4351,0.0125,0.485205,0.000095,1.92654,0.00192,-4.74303,0.00047,0.126752,0.000062,ESPR18,
1477.5369,29709.79,0.79,31.48,1.59,4652.29,1.59,39.7315,0.0136,0.458693,0.000105,1.71189,0.00207,-4.79877,0.00058,0.122675,0.000069,ESPR18,
1488.5509,29715.07,0.72,40.01,1.43,4703.17,1.43,39.2046,0.0119,0.509888,0.000089,1.95166,0.00183,-4.73696,0.00044,0.127515,0.000058,ESPR18,
1493.5556,29707.96,0.85,39.11,1.70,4683.82,1.70,39.4317,0.0143,0.501803,0.000110,1.94788,0.00250,-4.73786,0.00060,0.127836,0.000073,ESPR18,
1624.8674,29708.89,1.43,38.36,2.86,4671.85,2.86,39.5836,0.0243,0.476315,0.000208,1.77610,0.00564,-4.78134,0.00150,0.124653,0.000146,ESPR18,
1625.8608,29710.83,0.59,38.81,1.19,4675.68,1.19,39.5442,0.0100,0.475657,0.000071,1.78141,0.00134,-4.77993,0.00036,0.124574,0.000046,ESPR18,
1639.8591,29717.12,0.88,40.23,1.76,4706.90,1.76,39.2025,0.0146,0.541451,0.000119,2.00316,0.00273,-4.72475,0.00064,0.132112,0.000076,ESPR18,
1642.8386,29710.79,0.52,36.98,1.03,4710.26,1.03,39.2293,0.0086,0.504908,0.000060,1.88191,0.00104,-4.75405,0.00026,0.129372,0.000038,ESPR18,
1667.7026,29730.93,2.53,27.87,5.06,4707.48,5.06,39.3096,0.0423,0.517128,0.000393,1.90430,0.01277,-4.74849,0.00315,0.129429,0.000289,ESPR19,
1667.7305,29727.98,2.17,30.45,4.35,4699.72,4.35,39.3135,0.0364,0.518110,0.000343,1.96666,0.00995,-4.73336,0.00237,0.131012,0.000247,ESPR19,
1678.9386,29716.47,0.48,38.96,0.96,4699.41,0.96,39.3177,0.0080,0.503518,0.000053,1.86557,0.00094,-4.75815,0.00024,0.128625,0.000035,ESPR19,
1684.6502,29713.68,0.59,37.46,1.18,4681.46,1.18,39.4775,0.0099,0.526411,0.000066,1.95665,0.00151,-4.73576,0.00036,0.131566,0.000044,ESPR19,
1686.8663,29708.47,0.56,38.55,1.12,4670.30,1.12,39.5840,0.0095,0.464455,0.000065,1.69978,0.00122,-4.80214,0.00034,0.123148,0.000043,ESPR19,
1688.6708,29713.24,1.39,29.95,2.78,4657.79,2.78,39.6895,0.0237,0.471515,0.000202,1.75014,0.00574,-4.78830,0.00155,0.122910,0.000143,ESPR19,
1688.6822,29719.80,1.26,32.27,2.52,4663.83,2.52,39.7025,0.0214,0.477099,0.000180,1.73454,0.00484,-4.79254,0.00132,0.125128,0.000126,ESPR19,
1688.6933,29714.86,1.16,37.13,2.33,4657.59,2.33,39.7316,0.0198,0.475391,0.000164,1.75140,0.00429,-4.78796,0.00116,0.124232,0.000114,ESPR19,
1700.6294,29718.22,0.54,33.72,1.08,4715.37,1.08,39.1533,0.0090,0.557015,0.000060,2.13521,0.00130,-4.69494,0.00028,0.138393,0.000040,ESPR19,
1716.6285,29709.00,0.53,41.92,1.07,4678.14,1.07,39.4930,0.0090,0.484520,0.000059,1.77027,0.00119,-4.78289,0.00032,0.124982,0.000039,ESPR19,
1720.5718,29712.56,0.54,34.82,1.07,4650.90,1.07,39.7366,0.0092,0.462058,0.000058,1.63242,0.00125,-4.82137,0.00036,0.120357,0.000038,ESPR19,
1725.7941,29716.37,0.63,28.84,1.26,4666.89,1.26,39.6539,0.0107,0.469030,0.000075,1.68233,0.00155,-4.80704,0.00044,0.122391,0.000050,ESPR19,
1726.6188,29719.66,0.53,28.20,1.06,4669.96,1.06,39.6021,0.0090,0.481925,0.000059,1.74331,0.00117,-4.79016,0.00032,0.124685,0.000039,ESPR19,
1731.5901,29717.86,0.63,32.27,1.27,4703.09,1.27,39.2599,0.0106,0.504754,0.000074,1.88192,0.00158,-4.75405,0.00040,0.127374,0.000049,ESPR19,
1737.8008,29715.22,0.57,35.97,1.14,4701.90,1.14,39.2976,0.0095,0.503282,0.000065,1.90524,0.00132,-4.74826,0.00032,0.130165,0.000043,ESPR19,
1741.6123,29721.29,0.55,38.13,1.11,4701.95,1.11,39.2684,0.0092,0.511297,0.000062,1.95838,0.00126,-4.73534,0.00030,0.132073,0.000041,ESPR19,
1752.5454,29706.80,0.92,38.88,1.85,4667.45,1.85,39.5896,0.0157,0.485970,0.000120,1.78191,0.00302,-4.77979,0.00080,0.125874,0.000082,ESPR19,
1753.5769,29707.60,0.52,35.02,1.03,4670.48,1.03,39.5875,0.0088,0.482761,0.000057,1.76984,0.00112,-4.78301,0.00030,0.125283,0.000037,ESPR19,
1754.7193,29712.75,0.46,37.02,0.92,4668.00,0.92,39.5745,0.0078,0.480980,0.000050,1.75916,0.00090,-4.78587,0.00024,0.124547,0.000032,ESPR19,
1769.6861,29716.74,1.06,33.33,2.13,4707.57,2.13,39.2408,0.0177,0.500313,0.000141,1.86356,0.00359,-4.75866,0.00091,0.128678,0.000097,ESPR19,
1773.5490,29714.85,0.73,36.25,1.47,4711.28,1.47,39.1645,0.0122,0.509285,0.000090,1.94779,0.00199,-4.73789,0.00048,0.130218,0.000060,ESPR19,
1776.5199,29712.59,0.57,39.92,1.14,4702.67,1.14,39.2789,0.0096,0.501934,0.000065,1.89209,0.00132,-4.75151,0.00033,0.128994,0.000043,ESPR19,
1777.6919,29711.22,0.59,41.38,1.17,4692.57,1.17,39.3719,0.0098,0.497104,0.000067,1.87383,0.00138,-4.75607,0.00035,0.129282,0.000045,ESPR19,
1787.5724,29710.15,0.71,33.99,1.43,4665.82,1.43,39.5871,0.0121,0.452101,0.000083,1.69261,0.00199,-4.80415,0.00056,0.121037,0.000057,ESPR19,
1799.5679,29720.36,0.59,34.24,1.19,4701.24,1.19,39.2351,0.0099,0.522633,0.000067,2.00830,0.00150,-4.72355,0.00035,0.130735,0.000044,ESPR19,
1803.6971,29723.61,0.69,36.21,1.38,4706.29,1.38,39.2106,0.0115,0.500291,0.000077,1.89962,0.00203,-4.74964,0.00050,0.129240,0.000053,ESPR19,
1806.5335,29718.00,0.70,37.16,1.41,4700.31,1.41,39.2757,0.0118,0.495717,0.000083,1.82852,0.00195,-4.76760,0.00050,0.126518,0.000056,ESPR19,
1810.6921,29710.00,1.37,35.11,2.74,4671.23,2.74,39.5611,0.0232,0.466239,0.000185,1.67344,0.00594,-4.80956,0.00169,0.122401,0.000132,ESPR19,
1814.5040,29709.67,0.79,33.18,1.59,4649.60,1.59,39.8121,0.0136,0.441038,0.000098,1.59682,0.00227,-4.83189,0.00068,0.118887,0.000067,ESPR19,
1821.5392,29718.65,0.50,28.76,1.00,4668.72,1.00,39.5613,0.0085,0.459229,0.000054,1.65604,0.00105,-4.81453,0.00030,0.122176,0.000036,ESPR19,
1838.5526,29717.64,0.90,38.46,1.81,4694.63,1.81,39.3131,0.0151,0.475470,0.000115,1.79821,0.00288,-4.77549,0.00076,0.123840,0.000078,ESPR19,
1838.5664,29716.51,0.85,37.87,1.70,4693.28,1.70,39.3116,0.0142,0.477970,0.000106,1.78083,0.00262,-4.78008,0.00070,0.125544,0.000072,ESPR19,
1846.5277,29705.59,0.68,29.93,1.36,4637.40,1.36,39.8114,0.0117,0.440417,0.000078,1.59287,0.00188,-4.83307,0.00056,0.116660,0.000053,ESPR19,
1858.5617,29716.52,0.94,41.54,1.89,4684.26,1.89,39.3992,0.0159,0.498129,0.000118,1.80793,0.00328,-4.77295,0.00086,0.125457,0.000082,ESPR19,