2,459,270.543,14574.3,7.6,7.0,10.0,
2,459,273.545,14643.0,9.6,-23.0,12.0,
2,459,276.533,14660.3,8.8,-29.0,12.0,
2,459,279.508,14710.4,8.2,-5.0,11.0,
2,459,281.511,14727.6,7.4,13.0,10.0,
2,459,284.548,14758.1,8.8,-16.0,12.0,
2,459,483.716,14768.8,7.4,20.0,10.0,
2,459,485.732,14794.3,9.2,5.0,12.0,
2,459,493.858,14913.7,9.2,9.0,12.0,
2,459,505.706,14946.1,7.4,-26.0,10.0,
2,459,506.738,14932.5,7.3,-14.0,10.0,
2,459,515.848,14917.1,7.3,22.0,10.0,
2,459,542.720,13892.6,11.1,15.0,14.0,
2,459,548.660,14039.0,7.8,-6.0,11.0,
2,459,587.626,14689.6,7.2,0.0,10.0,
2,459,644.531,14878.9,9.8,20.0,13.0,
2,459,657.509,14937.9,8.2,-10.0,11.0,
2,459,860.777,14075.8,8.0,13.0,11.0,
2,459,862.698,14091.6,9.4,35.0,12.0
2,459,471.788,14509.7,2.8,7606.6,-1.9,45.9,
2,459,472.833,14544.4,2.9,7626.7,5.9,45.8,
2,459,492.795,14922.7,3.3,7608.6,0.4,45.8,
2,459,504.640,14971.6,3.5,7594.8,-23.0,45.8,
2,459,517.727,14921.4,2.6,7578.6,-0.4,45.9,
2,459,534.741,14328.6,2.2,7578.3,9.9,45.9,
2,459,561.786,14293.7,4.1,7591.9,11.7,46.1,
2,459,572.746,14489.2,2.6,7579.1,31.5,46.3,
2,459,625.614,14505.3,3.5,7523.2,-39.3,45.5,
2,459,640.574,14826.0,3.0,7584.4,-19.9,46.1,
2,459,642.559,14854.1,2.6,7595.5,4.9,46.0,
2,459,661.514,14970.8,4.4,7623.1,-34.9,46.2,
2,459,859.724,14091.4,3.2,7617.2,9.8,45.8,
2,459,867.729,14240.4,2.6,7592.3,-5.3,46.0,,