2534.3461,-47.40,7,34,OHP
2780.9910,14.50,1.60,216,HIRES,
2601.7097,-6.40,5.00,32,OHP
2782.4014,9.60,5.00,31,OHP,
2606.7163,9.60,5.00,31,OHP
2785.9500,29.50,1.81,215,HIRES,
2622.7200,33.60,5.00,31,OHP
2786.9510 ,28.40,1.76,215,HIRES,
2623.6940,10.60,5.00,31,OHP
2789.8280,26.75,1.68,216,HIRES,
2631.6864,-9.40,5.00,31,OHP
2792.8320,13.20,1.50,214,HIRES,
2632.0840,-18.11,2.67,215,HIRES
2799.9740,-0.47,3.26,75,HIRES,
2648.6661,21.60,5.00,31,OHP
2806.8260,-15.09,3.04,75,HIRES,
2657.1140,22.26,2.23,214,HIRES
2809.8690,-12.29,2.97,75,HIRES,
2661.0570,1.01,2.49,214,HIRES
2812.7900,-13.26,2.76,76,HIRES,
2662.6285,-8.40,3.00,55,OHP
2822.8680,38.68,2.66,75,HIRES,
2672.0130,-16.19,2.20,216,HIRES
2824.4013,12.60,5.00,31,OHP,
2681.0310,48.24,2.47,174,HIRES
2826.7810,14.72,2.53,76,HIRES,
2683.6198,14.60,5.00,30,OHP
2828.7990,16.66,3.02,76,HIRES,
2687.6359,8.60,5.00,31,OHP
2829.7400,4.81,3.26,76,HIRES,
2690.0110,9.61,2.11,216,HIRES
2831.8460,5.52,2.79,73,HIRES,
2695.0180,-11.66,2.05,214,HIRES
2833.7860,-4.98,2.74,75,HIRES,
2700.9730,-44.11,2.09,213,HIRES
2834.7620,-10.65,2.87,76,HIRES,
2710.0270,-11.04,1.76,215,HIRES
2835.7440,-8.97,2.69,77,HIRES,
2712.0200,3.27,2.27,163,HIRES
2838.8030,-8.72,2.87,75,HIRES,
2712.9410,18.14,1.87,215,HIRES
2840.7390,-10.70,3.22,76,HIRES,
2713.5387,6.60,5.00,31,OHP
2858.7850,37.97,3.17,74,HIRES,
2715.9930,-2.48,1.79,214,HIRES
2879.2694,-27.40,5.00,31,OHP,
2725.5476,17.60,5.00,31,OHP
2892.3184,-9.40,5.00,33,OHP,
2730.0720,5.38,1.82,214,HIRES
3009.6665,-5.40,6.00,31,OHP,
2736.5730,-32.40,5.00,31,OHP
3043.0680,-20.97,2.65,143,HIRES,
2738.9790,-17.85,1.54,215,HIRES
3045.0940,-38.01,2.18,216,HIRES,
2741.9610,-19.38,1.51,215,HIRES
3047.1150,-36.49,2.07,202,HIRES,
2748.8440,-2.73,1.63,204,HIRES
3068.0640,-7.83,2.08,153,HIRES,
2749.8980,-0.83,1.48,216,HIRES
3070.9230,-31.26,2.01,214,HIRES,
2750.4574,12.60,4.00,42,OHP
3089.8800,-9.88,1.75,216,HIRES,
2768.9970,1.38,1.57,215,HIRES
3101.0680,15.11,1.51,210,HIRES,
2769.9960,-2.72,1.89,214,HIRES
3108.0060,-9.65,1.53,214,HIRES,
2773.4748,-11.40,6.00,31,OHP,
3122.0480,5.74,1.63,171,HIRES,
2775.9770,-6.20,1.58,216,HIRES,
3132.8510,6.65,1.51,216,HIRES,
2776.8030,-11.86,1.58,210,HIRES,
3138.9630,5.20,1.86,196,HIRES,
2779.9810,3.22,1.69,214,HIRES,
3148.0280,1.62,1.68,206,HIRES