1449.72902056,16.8300,0.0082,0.036,0.007,15.5668,193,0.1075,0.0009,-4.749,0.026,0.3978,0.0020,0.4992,0.0025
1449.82501961,16.8526,0.0090,0.031,0.007,15.6119,168,0.1076,0.0010,-4.726,0.026,0.3912,0.0022,0.5022,0.0028
1449.81907519,16.8447,0.0086,0.008,0.007,15.6457,182,0.1065,0.0009,-4.741,0.027,0.3910,0.0021,0.5019,0.0026
1450.78211913,16.8616,0.0084,0.011,0.007,15.6056,187,0.1070,0.0009,-4.757,0.027,0.3982,0.0020,0.5033,0.0026
1450.77751112,16.8614,0.0083,0.027,0.007,15.6184,191,0.1064,0.0009,-4.739,0.026,0.3979,0.0020,0.5012,0.0026
1451.80088761,16.8751,0.0087,0.018,0.007,15.6244,179,0.1087,0.0010,-4.705,0.025,0.3923,0.0021,0.5011,0.0027
1451.80550488,16.8632,0.0087,0.025,0.007,15.6687,177,0.1090,0.0010,-4.756,0.027,0.3908,0.0021,0.4983,0.0027
1452.81008207,16.8672,0.0093,0.038,0.008,15.6380,161,0.1093,0.0011,-4.714,0.026,0.4017,0.0024,0.4986,0.0030
1467.81642493,16.8789,0.0088,0.036,0.007,15.5752,174,0.1081,0.0010,-4.715,0.026,0.3830,0.0022,0.4967,0.0026
1468.80955367,16.8986,0.0116,0.048,0.009,15.6108,115,0.1101,0.0016,-4.771,0.033,0.3838,0.0035,0.5044,0.0041
1469.81379926,16.8014,0.0086,0.026,0.007,15.7449,184,0.1051,0.0010,-4.764,0.028,0.3908,0.0021,0.5026,0.0026
1483.80487685,16.8562,0.0088,0.015,0.007,15.6195,174,0.1103,0.0010,-4.734,0.027,0.3971,0.0022,0.5024,0.0028
1484.68236998,16.8389,0.0098,0.029,0.008,15.6311,147,0.1139,0.0012,-4.728,0.028,0.3916,0.0025,0.4989,0.0032
1493.74536456,16.8351,0.0096,0.030,0.008,15.6102,152,0.1136,0.0012,-4.770,0.030,0.3987,0.0025,0.4949,0.0032
1502.71190832,16.8165,0.0103,0.045,0.008,15.6693,136,0.1140,0.0014,-4.760,0.029,0.3852,0.0029,0.4974,0.0035
1503.66565834,16.8097,0.0086,0.041,0.007,15.6483,179,0.1081,0.0010,-4.775,0.028,0.3916,0.0021,0.4952,0.0025
1521.58681966,16.8295,0.0087,0.030,0.007,15.5953,176,0.1123,0.0010,-4.737,0.026,0.3975,0.0021,0.4946,0.0027
1542.59373287,16.8271,0.0090,0.031,0.007,15.6742,170,0.1095,0.0010,-4.762,0.028,0.3817,0.0022,0.4945,0.0027
1543.57904173,16.8330,0.0083,0.024,0.007,15.6701,191,0.1076,0.0009,-4.760,0.027,0.3774,0.0020,0.4961,0.0024
1544.66708564,16.8440,0.0089,0.008,0.007,15.7129,171,0.1067,0.0010,-4.804,0.034,0.3864,0.0022,0.4961,0.0028
1545.62781982,16.8214,0.0101,0.031,0.008,15.6486,141,0.1071,0.0013,-4.792,0.033,0.3856,0.0028,0.4884,0.0035
1546.64551855,16.8438,0.0106,0.043,0.008,15.7462,132,0.1109,0.0014,-4.804,0.036,0.3896,0.0029,0.4950,0.0036
1547.57166286,16.8337,0.0101,0.023,0.008,15.6793,141,0.1092,0.0013,-4.794,0.032,0.3938,0.0028,0.4926,0.0034
1548.62966483,16.8329,0.0087,0.017,0.007,15.7019,179,0.1068,0.0010,-4.777,0.029,0.3909,0.0022,0.4973,0.0028
1550.64407369,16.8320,0.0085,0.023,0.007,15.6949,184,0.1087,0.0010,-4.816,0.033,0.3901,0.0021,0.4930,0.0027
1554.63465672,16.8501,0.0103,0.019,0.008,15.7519,138,0.1140,0.0014,-4.781,0.033,0.4019,0.0028,0.4969,0.0035
1555.62085265,16.8363,0.0087,0.026,0.007,15.7304,177,0.1089,0.0010,-4.767,0.029,0.4028,0.0022,0.4978,0.0027
1556.65947799,16.8486,0.0111,0.001,0.009,15.7611,124,0.1107,0.0015,-4.797,0.041,0.4070,0.0032,0.4969,0.0037
1558.59692547,16.8513,0.0113,0.035,0.009,15.7526,121,0.1134,0.0016,-4.791,0.034,0.4061,0.0032,0.4972,0.0038
1560.65048512,16.8578,0.0097,0.020,0.008,15.8235,152,0.1092,0.0013,-4.782,0.036,0.3930,0.0027,0.4934,0.0031
1566.60098112,16.8672,0.0084,0.026,0.007,15.7052,187,0.1078,0.0009,-4.763,0.030,0.3895,0.0021,0.4959,0.0025
1568.56334852,16.8670,0.0087,0.038,0.007,15.6716,177,0.1098,0.0010,-4.749,0.028,0.3948,0.0022,0.4946,0.0026
1569.55147254,16.8569,0.0090,0.039,0.007,15.6554,168,0.1100,0.0011,-4.780,0.030,0.3890,0.0023,0.4970,0.0028
1570.59258685,16.8796,0.0106,0.001,0.008,15.6557,132,0.1094,0.0014,-4.789,0.035,0.3898,0.0030,0.4984,0.0035
1572.59221071,16.8804,0.0099,0.029,0.008,15.7094,146,0.1083,0.0013,-4.746,0.031,0.3868,0.0027,0.5050,0.0034
1595.50775173,16.8567,0.0137,0.026,0.010,15.5962, 93,0.1176,0.0020,-4.822,0.046,0.3869,0.0043,0.4957,0.0052
1597.49996378,16.8591,0.0101,0.008,0.008,15.6091,143,0.1135,0.0013,-4.762,0.031,0.3817,0.0027,0.4962,0.0033
1617.50211498,16.8542,0.0093,0.022,0.008,15.7453,161,0.1088,0.0011,-4.790,0.044,0.4038,0.0024,0.4957,0.0030
1670.93647358,16.9094,0.0109,0.025,0.009,15.6949,126,0.1051,0.0014,-4.739,0.054,0.3878,0.0030,0.4915,0.0036
1718.87031042,16.9107,0.0091,0.012,0.007,15.6143,165,0.1108,0.0011,-4.748,0.028,0.3934,0.0024,0.4885,0.0029
1721.92050686,16.9072,0.0110,0.016,0.009,15.6205,124,0.1099,0.0014,-4.706,0.028,0.3911,0.0032,0.4924,0.0038
1723.89624752,16.9272,0.0098,0.015,0.008,15.6508,147,0.1089,0.0012,-4.748,0.029,0.3958,0.0026,0.4913,0.0032
1724.92469963,16.9254,0.0120,0.024,0.009,15.6280,111,0.1102,0.0016,-4.724,0.031,0.3926,0.0035,0.4925,0.0043
1784.85036502,16.9450,0.0098,0.013,0.008,15.5626,147,0.1071,0.0012,-4.783,0.030,0.3894,0.0026,0.4911,0.0032
1792.78919017,16.9334,0.0089,0.019,0.007,15.6070,171,0.1054,0.0010,-4.770,0.028,0.3861,0.0023,0.4970,0.0028
1795.78669357,16.9561,0.0089,0.023,0.007,15.5507,170,0.1059,0.0010,-4.762,0.028,0.3883,0.0023,0.4904,0.0027
1800.72101439,16.9028,0.0096,0.019,0.008,15.5996,150,0.1079,0.0012,-4.789,0.031,0.3859,0.0026,0.4981,0.0031
1802.84973114,16.8795,0.0089,0.025,0.007,15.5810,171,0.1075,0.0010,-4.734,0.026,0.3854,0.0023,0.5027,0.0027
1804.71328670,16.8841,0.0091,0.038,0.007,15.6398,165,0.1067,0.0011,-4.762,0.028,0.3886,0.0023,0.4982,0.0028
1806.69577168,16.8941,0.0085,0.019,0.007,15.6158,182,0.1052,0.0010,-4.749,0.027,0.3894,0.0022,0.5048,0.0026
1911.59453852,16.8965,0.0099,0.028,0.008,15.7209,147,0.1047,0.0012,-4.743,0.028,0.3857,0.0027,0.4960,0.0034
1917.63877563,16.8883,0.0204,0.021,0.013,15.7356, 59,0.1110,0.0032,-4.732,0.064,0.3940,0.0069,0.5077,0.0082
1464.83460002,16.8822,0.0035,0.015,0.003,14.3788, 83,0.1084,0.0008,-4.771,0.029 ,0.4144,0.0016,0.4977,0.0019
1464.82626718,16.8868,0.0035,0.017,0.003,14.3902, 83,0.1071,0.0008,-4.763,0.029 ,0.4139,0.0016,0.4976,0.0019
1465.80299404,16.9102,0.0020,0.028,0.002,14.3445,118,0.1080,0.0005,-4.714,0.025 ,0.4111,0.0011,0.4978,0.0013
1465.79547085,16.9147,0.0020,0.025,0.002,14.3513,120,0.1077,0.0005,-4.707,0.025 ,0.4093,0.0011,0.4973,0.0013
1466.78878939,16.9063,0.0022,0.006,0.002,14.4190, 99,0.1079,0.0006,-4.701,0.025 ,0.4108,0.0013,0.4956,0.0015
1466.79644105,16.9112,0.0020,0.019,0.002,14.4287,107,0.1074,0.0006,-4.675,0.024 ,0.4131,0.0012,0.4949,0.0014
1481.74528823,16.8882,0.0020,0.024,0.002,14.3635,120,0.1061,0.0006,-4.727,0.026 ,0.4170,0.0012,0.4979,0.0013
1482.75123537,16.8830,0.0020,0.020,0.002,14.3771,142,0.1062,0.0004,-4.722,0.025 ,0.4160,0.0009,0.4982,0.0011
1482.74376858,16.8829,0.0020,0.020,0.002,14.3770,145,0.1057,0.0004,-4.740,0.026 ,0.4159,0.0009,0.4965,0.0011
1483.77055220,16.8847,0.0020,0.009,0.002,14.3640,121,0.1066,0.0005,-4.736,0.026 ,0.4138,0.0011,0.4978,0.0013
1483.76263412,16.8846,0.0020,0.014,0.002,14.3626,118,0.1067,0.0005,-4.747,0.027 ,0.4135,0.0011,0.4975,0.0013
1576.54303679,16.9129,0.0029,0.036,0.002,14.3866, 90,0.1044,0.0008,-4.894,0.037 ,0.4165,0.0015,0.4960,0.0018
1762.82961396,16.9229,0.0020,0.014,0.002,14.4052,113,0.1070,0.0006,-4.721,0.026 ,0.4196,0.0012,0.4996,0.0014
1763.79774196,16.8988,0.0020,0.030,0.002,14.3579,114,0.1061,0.0006,-4.720,0.025 ,0.4225,0.0012,0.5017,0.0014
1764.83063596,16.9055,0.0020,0.025,0.002,14.3443,139,0.1050,0.0005,-4.751,0.027 ,0.4237,0.0010,0.5010,0.0012
1773.87633433,16.9275,0.0020,0.014,0.002,14.3624,109,0.1054,0.0006,-4.782,0.029 ,0.4233,0.0013,0.4989,0.0014
1775.86482034,16.9506,0.0040,0.004,0.003,14.3949, 78,0.1056,0.0009,-4.784,0.030 ,0.4177,0.0017,0.4979,0.0020
1777.74548666,16.9247,0.0083,0.015,0.006,14.3560, 52,0.1058,0.0015,-5.023,0.060 ,0.4254,0.0028,0.4988,0.0031
1803.76107908,16.9097,0.0020,0.032,0.002,14.4174,111,0.1064,0.0006,-4.757,0.027 ,0.4212,0.0012,0.5007,0.0014
1810.87660156,16.8759,0.0020,0.012,0.002,14.4132,109,0.1054,0.0006,-4.771,0.028 ,0.4212,0.0012,0.5010,0.0014
1820.86191239,16.9179,0.0020,0.015,0.002,14.3700,114,0.1052,0.0006,-4.766,0.028 ,0.4167,0.0012,0.5006,0.0013
1831.79439764,16.9347,0.0020,0.029,0.002,14.3699,121,0.1043,0.0006,-4.761,0.028 ,0.4115,0.0011,0.4982,0.0012
1833.69330017,16.9464,0.0030,0.023,0.002,14.3629, 88,0.1040,0.0008,-4.776,0.029 ,0.4138,0.0015,0.5002,0.0018
1836.70976685,16.9510,0.0020,0.022,0.002,14.3267,107,0.1058,0.0007,-4.757,0.027 ,0.4183,0.0013,0.4990,0.0015
1839.73047160,16.9502,0.0021,0.021,0.002,14.3294,100,0.1038,0.0007,-4.776,0.029 ,0.4232,0.0014,0.4998,0.0016
1848.70736633,16.9491,0.0020,0.042,0.002,14.3724,152,0.1045,0.0004,-4.760,0.027 ,0.4180,0.0009,0.4977,0.0010
1853.82221087,16.9462,0.0020,0.018,0.002,14.3981,106,0.1044,0.0006,-4.748,0.028 ,0.4055,0.0012,0.4949,0.0014
1855.62240768,16.9285,0.0020,0.011,0.002,14.3667,113,0.1045,0.0006,-4.758,0.027 ,0.4148,0.0012,0.4974,0.0014
1866.53795150,16.9294,0.0336,0.043,0.025,14.2712, 17,0.0828,0.0058,      ,0.4236,0.0095,0.4839,0.0090,      
1866.55739621,16.9209,0.0023,0.029,0.002,14.3386, 97,0.1031,0.0007,-4.759,0.028 ,0.4061,0.0014,0.4969,0.0016
1868.53027483,16.9340,0.0020,0.016,0.002,14.3383,116,0.1048,0.0006,-4.761,0.027 ,0.4005,0.0011,0.4917,0.0013
1875.52489656,16.9384,0.0020,0.020,0.002,14.3597,132,0.1041,0.0005,-4.752,0.027 ,0.4081,0.0010,0.4947,0.0011
1877.62220328,16.9245,0.0049,0.028,0.004,14.3702, 71,0.1015,0.0009,-4.786,0.030 ,0.4067,0.0017,0.4981,0.0021
1884.61075979,16.9418,0.0056,0.030,0.004,14.3274, 66,0.1051,0.0010,-4.792,0.031 ,0.4170,0.0020,0.4988,0.0023
1886.65333879,16.9538,0.0031,0.027,0.002,14.3517, 87,0.1047,0.0007,-4.824,0.032 ,0.4172,0.0015,0.5010,0.0017
1889.64841759,16.9595,0.0033,0.028,0.002,14.3437, 85,0.1050,0.0007,-4.808,0.031 ,0.4221,0.0015,0.4991,0.0018
1893.71018832,16.9813,0.0020,0.020,0.002,14.3765,104,0.1049,0.0005,-4.804,0.031 ,0.4128,0.0012,0.4977,0.0013
1896.53584191,16.9733,0.0038,0.024,0.003,14.3444, 80,0.1049,0.0008,-4.810,0.031 ,0.4067,0.0016,0.4951,0.0018
1901.52855834,16.9797,0.0020,0.012,0.002,14.3447,120,0.1043,0.0005,-4.744,0.027 ,0.4150,0.0011,0.4980,0.0013
1462.613463,16.830,0.012,14.04027,22.731,-0.01808,0.01151,13.9,43.9,45.8
1473.766468,16.861,0.010,14.00994,22.661,-0.01234,0.00921,19.2,51.1,53.0
1489.763017,16.793,0.017,13.99526,22.967, 0.00591,0.01640, 9.3,33.1,34.0
1490.818784,16.823,0.015,13.99797,22.900,-0.02211,0.01495, 9.8,36.1,37.6
1528.633488,16.889,0.011,14.04580,22.585,-0.03084,0.01032,14.7,48.6,51.1
1533.663477,16.844,0.012,14.02184,22.697,-0.01156,0.01184,14.1,41.9,44.3
1537.619293,16.842,0.011,13.99256,22.683, 0.00737,0.01087,15.7,44.4,46.1
1544.675520,16.833,0.012,14.03582,22.648, 0.02580,0.01146,13.6,43.9,45.6
1562.609684,16.822,0.015,14.03330,22.664,-0.00991,0.01486,10.3,36.0,37.3
1569.594671,16.838,0.011,14.04995,22.601,-0.01878,0.01042,14.5,47.8,49.3
1486.154190,-0.020,0.016
1486.168657, 0.027,0.014
1486.183125,-0.006,0.014
1494.097685, 0.002,0.013
1494.117512, 0.027,0.012
1495.176447, 0.004,0.012
1495.190914,-0.004,0.012
1496.060648,-0.006,0.013
1496.075104, 0.008,0.013
1497.067894, 0.019,0.011
1497.082350,-0.020,0.011
1498.078553, 0.039,0.013
1498.093021,-0.006,0.013
1499.073831, 0.018,0.017
1499.088299, 0.032,0.016
1500.058241, 0.005,0.014
1500.072708,-0.003,0.012
1501.100590,-0.009,0.013
1501.115046, 0.009,0.013
1501.129514,-0.009,0.012
1502.071400,-0.015,0.016
1502.085856,-0.059,0.016
1502.100324, 0.019,0.015
1503.098032,-0.021,0.010
1503.119433,-0.009,0.011
1522.930428, 0.038,0.016
1527.003877,-0.020,0.024
1529.084062,-0.005,0.017
1529.095058,-0.025,0.019
1531.081898, 0.012,0.016
1531.092894,-0.026,0.018
1533.118935,-0.087,0.045
1534.047905,-0.020,0.046
1536.053831,-0.007,0.020
1536.075231,-0.028,0.016
1537.015012,-0.057,0.025
1537.036424,-0.063,0.021
1537.057824,-0.052,0.021
1539.062593,-0.116,0.020
1539.077060,-0.048,0.041
1551.995208,-0.059,0.018
1552.017650,-0.028,0.020
1555.019236,-0.001,0.014
1555.040637,-0.036,0.015
1561.005451,-0.058,0.018
1562.024977,-0.101,0.014
1563.003519,-0.013,0.041
1563.024919,-0.038,0.018
1566.002882,-0.004,0.015
1566.024294, 0.002,0.015
1566.953866, 0.003,0.013
1566.975278,-0.012,0.014
1574.970301,-0.016,0.020
1574.991701,-0.012,0.017
1576.979456, 0.003,0.017
1577.967188, 0.016,0.015
1578.968461,-0.023,0.016
1586.017812,-0.001,0.015
1586.981354,-0.034,0.014
1587.002766, 0.053,0.016
1587.024167, 0.036,0.018
1588.962361,-0.041,0.015