2458662.63164,227,129,46,Chiron
2458662.63531,-109,142,45,Chiron
2458662.63899,32,130,48,Chiron
2458664.59022,-70,103,61,Chiron
2458664.59389,166,110,59,Chiron
2458664.59757,0,104,59,Chiron
2458666.60062,197,170,39,Chiron
2458666.60430,147,150,39,Chiron
2458666.60798,154,133,39,Chiron
2458667.60475,-41,133,55,Chiron
2458667.60843,-165,129,50,Chiron
2458667.61210,-316,141,52,Chiron
2458668.64556,-309,184,47,Chiron
2458668.64923,-234,119,45,Chiron
2458668.65291,-538,150,46,Chiron
2458698.52554,520,182,35,Chiron
2458698.52922,277,279,33,Chiron
2458698.53290,688,283,35,Chiron
2458700.51124,-144,100,53,Chiron
2458700.51492,-357,127,54,Chiron
2458700.51860,-95,119,54,Chiron
2458702.52912,228,149,49,Chiron
2458702.53280,2,159,48,Chiron
2458702.53648,221,102,47,Chiron
2458704.46141,-154,192,45,Chiron
2458704.46507,-42,156,44,Chiron
2458704.46875,375,186,41,Chiron
2458652.69011,-6229,133,7,Coralie
2458653.67374,-6090,131,19,Coralie
2458654.68544,-5971,106,5,Coralie
2458670.48753,-5466,56,53,Coralie
2458676.51154,-5935,66,48,Coralie
2458679.55644,-5559,71,43,Coralie
2458680.51573,-5679,62,50,Coralie
2458691.53275,-6115,62,47,Coralie
2458693.53837,-5422,89,32,Coralie
2458694.50106,-5569,64,47,Coralie
2458695.46949,-6048,58,54,Coralie
2458696.50511,-5672,114,26,Coralie
2458709.46814,-6145,91,30,Coralie
2458710.46693,-6021,137,21,Coralie
2458712.49336,-5809,92,35,Coralie
2458713.47197,-5990,83,38,Coralie
2458714.47264,-5884,77,43,Coralie
2458715.46959,-5805,78,42,Coralie
2458716.48316,-5627,66,50,Coralie
2458717.47244,-5579,106,31,Coralie
2458718.47360,-5803,68,47,Coralie
2458721.47271,-5399,75,44,Coralie
2458723.47573,-5990,70,45,Coralie
2458724.47215,-5717,66,49,Coralie
2458725.47414,-5515,64,48,Coralie
2458726.47383,-5468,70,45,Coralie
2458728.47408,-6133,92,36,Coralie
2458647.92621,-6528,149,24,M-A,T1
2458647.94762,-7042,228,35,M-A,T1
2458654.02680,-6794,189,29,M-A,T1
2458665.04743,-6480,249,22,M-A,T1
2458673.95523,-6876,96,30,M-A,T1
2458673.97664,-6606,184,28,M-A,T1
2458674.98536,-6779,166,28,M-A,T1
2458675.00677,-6394,152,25,M-A,T1
2458677.00446,-7318,181,25,M-A,T1
2458677.95865,-6871,207,31,M-A,T1
2458677.98005,-6807,175,29,M-A,T1
2458678.97892,-6682,133,29,M-A,T1
2458679.00032,-6414,266,26,M-A,T1
2458679.98208,-6941,430,15,M-A,T1
2458680.00347,-6178,319,21,M-A,T1
2458680.98888,-6630,181,24,M-A,T1
2458681.94161,-7003,177,29,M-A,T1
2458681.96302,-6944,165,27,M-A,T1
2458682.92420,-6995,190,29,M-A,T1
2458686.91791,-6896,172,29,M-A,T1
2458686.93932,-6854,169,30,M-A,T1
2458688.87171,-6352,198,34,M-A,T1
2458688.89311,-6332,165,33,M-A,T1
2458693.91679,-6375,175,31,M-A,T1
2458693.93820,-5934,165,27,M-A,T1
2458647.92621,-6303,179,36,M-A,T3
2458647.94762,-6453,200,19,M-A,T3
2458654.02680,-6898,177,26,M-A,T3
2458662.02455,-6579,229,27,M-A,T3
2458662.04596,-6457,318,30,M-A,T3
2458662.94867,-7099,127,36,M-A,T3
2458662.97008,-6950,140,20,M-A,T3
2458665.04743,-6434,236,26,M-A,T3
2458673.95523,-6770,301,23,M-A,T3
2458674.98536,-6335,249,31,M-A,T3
2458675.00677,-6640,181,29,M-A,T3
2458677.00446,-7167,143,24,M-A,T3
2458677.95865,-6969,195,27,M-A,T3
2458677.98005,-7106,216,24,M-A,T3
2458678.97892,-6751,260,23,M-A,T3
2458679.00032,-6652,210,22,M-A,T3
2458679.98208,-6544,377,18,M-A,T3
2458680.00347,-6865,191,23,M-A,T3
2458680.98888,-7054,223,28,M-A,T3
2458681.94161,-6876,222,33,M-A,T3
2458681.96302,-7012,87,31,M-A,T3
2458682.92420,-6683,114,35,M-A,T3
2458686.91791,-6752,160,19,M-A,T3
2458686.93932,-7005,184,34,M-A,T3
2458688.87171,-6450,232,32,M-A,T3
2458688.89311,-6476,174,35,M-A,T3
2458690.92579,-6791,135,35,M-A,T3
2458693.91679,-5981,185,27,M-A,T3
2458693.93820,-6179,228,30,M-A,T3
2459004.87332,-70,106,18,M-A,T4RM
2459004.88826,73,82,24,M-A,T4RM
2459004.90319,85,74,27,M-A,T4RM
2459004.91813,198,84,23,M-A,T4RM
2459004.93306,15,66,31,M-A,T4RM
2459004.94799,63,60,33,M-A,T4RM
2459004.96292,228,62,32,M-A,T4RM
2459004.97785,180,60,33,M-A,T4RM
2459004.99278,48,62,33,M-A,T4RM
2459005.00771,-146,63,32,M-A,T4RM
2459005.02264,-189,69,30,M-A,T4RM
2459005.03757,-192,70,29,M-A,T4RM
2459005.05250,-308,70,29,M-A,T4RM
2459005.06743,-156,73,28,M-A,T4RM
2459005.08237,-12,74,23,M-A,T4RM
2459005.09730,-33,77,21,M-A,T4RM
2459005.11223,16,86,17,M-A,T4RM
2458649.66043,182,100,57,TRES
2458651.66355,336,123,50,TRES
2458653.65718,-36,119,40,TRES
2458653.66621,-29,136,40,TRES
2458656.66766,615,126,54,TRES
2458658.66493,119,146,57,TRES
2458661.65369,375,90,73,TRES
2458662.64899,0,126,79,TRES
2458665.67168,603,179,43,TRES
2458666.66827,278,76,73,TRES
2458681.66182,-130,209,41,TRES
2458909.01400,-94,140,41,TRES