59416.60725662997,-20611.611177,0.469509,5782.383494,0.939018,18.639244,0.939018,58.747433,0.009540,0.568103,0.000473,0.313177,0.000056,0.098874,0.000031,0.514466,0.000453,-6006.782955
59417.55154525023,-20616.933652,0.574282,5784.631910,1.148563,17.399911,1.148563,58.756756,0.011666,0.563344,0.000661,0.314835,0.000081,0.098814,0.000042,0.509909,0.000633,-6116.819750
59418.571525949985,-20621.390899,1.314713,5782.729884,2.629426,17.279918,2.629426,58.774429,0.026725,0.557175,0.002650,0.314586,0.000232,0.102445,0.000137,0.504000,0.002539,-6363.594665
59427.39696507016,-20622.609950,0.651334,5786.836329,1.302668,20.668588,1.302668,58.729108,0.013220,0.592762,0.000813,0.318430,0.000111,0.100238,0.000053,0.538086,0.000778,-7809.857444
59428.6019380698,-20620.606779,1.180816,5788.789450,2.361631,19.340789,2.361631,58.809633,0.023992,0.555585,0.002351,0.313885,0.000183,0.100032,0.000114,0.502476,0.002252,-8399.909633
59429.63629106991,-20623.225562,0.850299,5790.512961,1.700597,15.017522,1.700597,58.762108,0.017258,0.579910,0.001374,0.315513,0.000129,0.099373,0.000071,0.525776,0.001316,-8624.192661
59430.565740869846,-20622.131598,1.010224,5793.407987,2.020448,19.107392,2.020448,58.774393,0.020498,0.570431,0.001778,0.315971,0.000169,0.100475,0.000094,0.516697,0.001703,-8721.990534
59431.60472946009,-20617.847534,0.840051,5792.981497,1.680101,16.024621,1.680101,58.737697,0.017035,0.599608,0.001348,0.313315,0.000122,0.099443,0.000070,0.544644,0.001291,-8959.227591
59443.52447101986,-20632.464041,1.175767,5793.199755,2.351534,23.660243,2.351534,58.806771,0.023870,0.566712,0.002220,0.319305,0.000226,0.103368,0.000120,0.513134,0.002126,-10837.872953
59444.49848092999,-20635.269577,0.908115,5785.739048,1.816229,21.838290,1.816229,58.790627,0.018455,0.585640,0.001443,0.317128,0.000156,0.101086,0.000083,0.531264,0.001382,-10941.468804
59445.54336798005,-20637.634661,0.720225,5786.549441,1.440449,20.962405,1.440449,58.791224,0.014635,0.589600,0.000970,0.318499,0.000120,0.099875,0.000059,0.535057,0.000929,-11156.400329
59446.532862610184,-20638.557726,0.536872,5779.897294,1.073745,19.861731,1.073745,58.790353,0.010922,0.585852,0.000592,0.315268,0.000076,0.098836,0.000038,0.531467,0.000567,-11282.402886
59447.550827569794,-20636.523979,0.723476,5776.234892,1.446952,22.490325,1.446952,58.824233,0.014736,0.574713,0.001002,0.313119,0.000101,0.099288,0.000057,0.520798,0.000960,-11443.816889
59448.5388615001,-20634.478526,0.601365,5770.719563,1.202729,20.511188,1.202729,58.852141,0.012266,0.565313,0.000727,0.314810,0.000088,0.098043,0.000045,0.511794,0.000696,-11563.199778
59449.5540507501,-20631.946722,0.626438,5776.917752,1.252875,21.796854,1.252875,58.835000,0.012760,0.568733,0.000787,0.315038,0.000088,0.099190,0.000046,0.515070,0.000754,-11713.198577
59457.511907380074,-20627.754594,0.595422,5767.489812,1.190844,19.396992,1.190844,58.887337,0.012159,0.555476,0.000706,0.307724,0.000075,0.097426,0.000042,0.502372,0.000676,-12605.072925
59458.50508393021,-20628.217627,0.618309,5770.532974,1.236618,15.093395,1.236618,58.899031,0.012622,0.539781,0.000754,0.314544,0.000105,0.098252,0.000049,0.487338,0.000722,-12699.604893
59459.484949249774,-20623.320754,0.749107,5768.276665,1.498213,17.334506,1.498213,58.923287,0.015304,0.532778,0.001050,0.313888,0.000130,0.097461,0.000064,0.480630,0.001006,-12771.341870
59461.49748940999,-20623.083231,0.682538,5769.959341,1.365075,16.337072,1.365075,58.909818,0.013937,0.545323,0.000896,0.308985,0.000098,0.096499,0.000053,0.492647,0.000858,-12978.946098
59462.491892289836,-20621.755087,0.577403,5770.450504,1.154805,17.025258,1.154805,58.872808,0.011782,0.557099,0.000669,0.310793,0.000073,0.095269,0.000041,0.503927,0.000641,-13060.602104
59464.492813929915,-20626.240997,0.974741,5774.864122,1.949483,17.451895,1.949483,58.915060,0.019889,0.542209,0.001647,0.310168,0.000175,0.100213,0.000092,0.489664,0.001578,-13228.369617
59465.45167846978,-20624.143710,0.643320,5777.111014,1.286640,17.720142,1.286640,58.838455,0.013104,0.554215,0.000789,0.313374,0.000094,0.096895,0.000049,0.501164,0.000756,-13246.401684
59472.47385834996,-20611.885834,0.568317,5785.833212,1.136634,17.406758,1.136634,58.730955,0.011538,0.575649,0.000662,0.316540,0.000068,0.097633,0.000039,0.521694,0.000634,-13709.977996
59473.45919675985,-20616.139827,1.209034,5787.770175,2.418069,20.551956,2.418069,58.836546,0.024581,0.556782,0.002355,0.316426,0.000196,0.102362,0.000119,0.503623,0.002256,-13737.066832
59475.46270379005,-20616.083911,1.341184,5793.945516,2.682368,22.410819,2.682368,58.767772,0.027207,0.543373,0.002783,0.317745,0.000228,0.103764,0.000138,0.490779,0.002665,-13821.833336
59476.467913240194,-20616.796905,0.891025,5785.980789,1.782050,23.051524,1.782050,58.759431,0.018098,0.558253,0.001477,0.316284,0.000119,0.098736,0.000074,0.505031,0.001414,-13862.366212
59477.44941222994,-20612.133873,0.823639,5792.304963,1.647278,19.467955,1.647278,58.742204,0.016706,0.570220,0.001277,0.314664,0.000100,0.097214,0.000065,0.516494,0.001223,-13870.599452
59478.401417490095,-20615.280319,0.791816,5789.232705,1.583632,23.055149,1.583632,58.739917,0.016068,0.554987,0.001142,0.319801,0.000141,0.101179,0.000070,0.501903,0.001094,-13826.824054
59479.4151798198,-20616.253980,0.894083,5782.501817,1.788166,17.909364,1.788166,58.817868,0.018189,0.552986,0.001446,0.311193,0.000119,0.098178,0.000075,0.499987,0.001385,-13873.725361
59481.44507926982,-20615.918136,0.933066,5780.449577,1.866132,16.895119,1.866132,58.857862,0.019001,0.557715,0.001553,0.310130,0.000123,0.097387,0.000079,0.504516,0.001487,-13951.950013
59513.328770080116,-20611.664994,0.713992,5775.181762,1.427984,19.471314,1.427984,58.916978,0.014568,0.599082,0.001085,0.324028,0.000114,0.102015,0.000055,0.544140,0.001039,-12198.360371
59514.395987929776,-20607.360769,0.615013,5780.850213,1.230025,18.285858,1.230025,58.864079,0.012525,0.606696,0.000883,0.320420,0.000070,0.100035,0.000040,0.551433,0.000845,-12151.583235
59515.32445032988,-20606.725186,0.553245,5782.714142,1.106490,18.819741,1.106490,58.822188,0.011255,0.620149,0.000692,0.323605,0.000073,0.101167,0.000037,0.564319,0.000663,-11962.710048
59638.77612392977,-20638.915373,0.989806,5753.404049,1.979612,18.475498,1.979612,59.116772,0.020341,0.534284,0.001840,0.318246,0.000186,0.101214,0.000090,0.482073,0.001763,12800.320507
59642.77729215007,-20635.000233,0.702654,5743.588209,1.405308,17.616165,1.405308,59.171449,0.014478,0.554961,0.001032,0.316498,0.000113,0.099743,0.000054,0.501878,0.000989,13141.029100
59646.75007371977,-20626.271999,0.602588,5756.198421,1.205176,16.989676,1.205176,59.078400,0.012369,0.585905,0.000800,0.319287,0.000083,0.100224,0.000042,0.531519,0.000766,13460.409528
59647.7599757202,-20627.602949,0.725069,5755.455617,1.450138,15.230369,1.450138,59.056380,0.014880,0.587636,0.001051,0.324269,0.000126,0.101717,0.000057,0.533177,0.001007,13502.513235
59648.75532741984,-20627.011824,0.621370,5759.687076,1.242739,15.562791,1.242739,58.984127,0.012727,0.582624,0.000821,0.320220,0.000092,0.100707,0.000045,0.528376,0.000787,13564.316132
59649.753869649954,-20625.407919,0.723276,5759.686546,1.446553,15.594208,1.446553,59.001970,0.014818,0.584261,0.001097,0.320432,0.000113,0.101378,0.000056,0.529943,0.001051,13616.688478
59650.745116349775,-20623.125169,0.511531,5765.271475,1.023063,16.522189,1.023063,58.903998,0.010453,0.584738,0.000592,0.330493,0.000097,0.102627,0.000037,0.530400,0.000567,13677.148926
59651.7133117998,-20621.916900,0.606053,5769.451652,1.212106,19.542694,1.212106,58.894268,0.012373,0.591673,0.000813,0.324913,0.000099,0.101978,0.000044,0.537044,0.000779,13768.416814
59655.726336650085,-20618.291484,0.893658,5777.780995,1.787316,21.953323,1.787316,58.870632,0.018211,0.596023,0.001542,0.323722,0.000169,0.101641,0.000078,0.541210,0.001477,13878.049809
59656.760415070225,-20620.202036,0.772589,5773.595380,1.545179,18.574570,1.545179,58.878812,0.015758,0.620998,0.001213,0.325314,0.000136,0.102627,0.000064,0.565132,0.001162,13840.599425
59657.769726689905,-20622.265292,0.896409,5771.831123,1.792818,19.951480,1.792818,58.829573,0.018273,0.610386,0.001524,0.329101,0.000177,0.103817,0.000080,0.554967,0.001460,13840.886658
59658.739516729955,-20622.450179,0.689101,5767.734331,1.378202,21.098503,1.378202,58.920426,0.014079,0.605825,0.001003,0.326686,0.000120,0.102236,0.000054,0.550599,0.000961,13910.428950
59659.75800953992,-20618.911301,0.634827,5762.537297,1.269653,19.731641,1.269653,58.937590,0.012986,0.598251,0.000868,0.329716,0.000146,0.102969,0.000055,0.543344,0.000832,13886.786475
59660.74446539022,-20618.082081,0.510132,5767.808129,1.020264,18.743428,1.020264,58.883294,0.010416,0.612355,0.000588,0.320839,0.000072,0.101172,0.000034,0.556853,0.000563,13918.147683
59663.689832400065,-20614.520190,0.573737,5768.076257,1.147473,20.680310,1.147473,58.933854,0.011724,0.602951,0.000737,0.318163,0.000073,0.100225,0.000037,0.547846,0.000706,14007.493872
59682.75332385022,-20613.907045,0.523633,5724.506616,1.047266,16.005434,1.047266,59.220122,0.010834,0.507489,0.000612,0.312511,0.000084,0.098911,0.000037,0.456407,0.000586,12982.746409
59684.712612790056,-20616.968946,0.827681,5726.210320,1.655362,14.326765,1.655362,59.302937,0.017144,0.487291,0.001377,0.310004,0.000158,0.100274,0.000073,0.437060,0.001319,12889.796614
59685.71762247011,-20620.118218,0.603735,5724.354724,1.207470,16.691686,1.207470,59.265793,0.012501,0.502977,0.000804,0.316781,0.000107,0.100198,0.000046,0.452085,0.000770,12785.870835
59686.67411288014,-20619.549105,1.388036,5725.519183,2.776071,16.624296,2.776071,59.174275,0.028691,0.476122,0.003212,0.313946,0.000266,0.101638,0.000140,0.426362,0.003077,12776.614941
59704.73628506018,-20618.703534,0.684879,5747.923901,1.369759,18.586227,1.369759,59.023128,0.014066,0.558752,0.000999,0.316778,0.000119,0.100716,0.000054,0.505510,0.000957,10311.516140
59705.6778235198,-20619.754614,0.972685,5754.710951,1.945371,19.503475,1.945371,59.126736,0.019988,0.558780,0.001728,0.314799,0.000174,0.101474,0.000085,0.505536,0.001656,10274.950978
59706.69944042014,-20617.978848,0.671338,5753.680490,1.342677,19.903631,1.342677,59.081028,0.013787,0.563133,0.000928,0.318974,0.000132,0.102795,0.000056,0.509706,0.000888,10064.758406
59707.67638680013,-20616.103253,0.906546,5751.478414,1.813091,14.448444,1.813091,59.130051,0.018640,0.566309,0.001632,0.314019,0.000162,0.101452,0.000080,0.512748,0.001563,9948.078155
59708.67453762982,-20615.727854,0.782089,5752.212813,1.564178,14.940517,1.564178,59.122683,0.016077,0.573023,0.001288,0.314993,0.000132,0.100728,0.000065,0.519179,0.001234,9783.138309
59713.71820313996,-20621.983030,0.789635,5752.083234,1.579271,18.853185,1.579271,59.111127,0.016229,0.552790,0.001257,0.317107,0.000141,0.100161,0.000069,0.499799,0.001204,8809.541360
59714.69543228019,-20622.725587,0.509178,5752.313542,1.018356,19.300967,1.018356,59.031165,0.010451,0.540256,0.000585,0.321496,0.000088,0.101069,0.000038,0.487793,0.000561,8674.577365
59715.697339309845,-20621.610778,0.521898,5753.605156,1.043796,21.193456,1.043796,59.043667,0.010711,0.523572,0.000611,0.320044,0.000099,0.102141,0.000041,0.471812,0.000585,8485.620998
59716.67116793012,-20622.031865,0.514032,5754.158828,1.028064,19.377454,1.028064,59.018704,0.010545,0.526647,0.000584,0.321096,0.000095,0.101577,0.000039,0.474758,0.000560,8354.759388
59717.68496175017,-20622.321355,0.428455,5749.943651,0.856910,19.947591,0.856910,59.046251,0.008800,0.526035,0.000433,0.323534,0.000077,0.100648,0.000030,0.474171,0.000415,8135.701182
59718.62335636979,-20623.640537,0.480521,5749.706122,0.961043,19.662230,0.961043,59.083422,0.009876,0.530079,0.000526,0.317767,0.000074,0.099687,0.000034,0.478045,0.000504,8077.957834
59719.71188513003,-20625.678763,0.566118,5746.312053,1.132236,23.270654,1.132236,59.120286,0.011649,0.530654,0.000705,0.317508,0.000090,0.099339,0.000042,0.478595,0.000675,7694.352937
59733.722817779984,-20639.533275,0.516927,5726.708911,1.033854,18.076309,1.033854,59.238316,0.010694,0.476667,0.000612,0.320231,0.000122,0.100965,0.000044,0.426884,0.000586,4751.465326
59737.63394954009,-20635.025349,0.825963,5731.618635,1.651926,17.976116,1.651926,59.311420,0.017094,0.487193,0.001390,0.313855,0.000143,0.099915,0.000072,0.436967,0.001332,4036.906350
59738.68015214987,-20634.908266,1.104504,5728.694105,2.209007,18.360135,2.209007,59.413053,0.022910,0.450345,0.002218,0.305821,0.000174,0.098283,0.000101,0.401671,0.002125,3715.824935
59739.663775700144,-20634.859268,0.642563,5730.192403,1.285126,15.262073,1.285126,59.302250,0.013300,0.493849,0.000866,0.312619,0.000109,0.097536,0.000051,0.443342,0.000830,3522.535336
59747.61815614998,-20621.225054,1.001906,5748.551097,2.003812,16.802493,2.003812,59.179747,0.020629,0.511278,0.001863,0.309188,0.000138,0.097034,0.000087,0.460036,0.001784,1787.050640
59748.66423752019,-20622.729372,0.807197,5750.309060,1.614393,13.666241,1.614393,59.111935,0.016596,0.536285,0.001301,0.310110,0.000110,0.098104,0.000064,0.483989,0.001247,1462.317281
59749.64699140983,-20623.689462,0.822524,5750.141484,1.645047,18.937666,1.645047,59.108962,0.016910,0.548357,0.001336,0.311966,0.000111,0.097530,0.000066,0.495552,0.001280,1263.596260
59750.62170770997,-20626.476563,0.636422,5751.406447,1.272845,16.984555,1.272845,59.066946,0.013072,0.542814,0.000847,0.314189,0.000088,0.098328,0.000047,0.490244,0.000812,1082.220082
59751.65170795005,-20625.630448,0.498768,5749.383590,0.997535,17.689605,0.997535,59.030579,0.010242,0.537018,0.000563,0.317629,0.000085,0.099676,0.000037,0.484692,0.000539,788.594439
59752.62645826023,-20624.044217,0.713225,5751.845981,1.426450,21.442552,1.426450,59.077616,0.014651,0.532089,0.001044,0.316169,0.000121,0.099222,0.000059,0.479970,0.001000,604.809413
59768.61528890021,-20620.340975,0.739338,5742.087884,1.478675,18.515474,1.478675,59.171078,0.015237,0.511902,0.001129,0.314820,0.000135,0.100135,0.000064,0.460634,0.001081,-3098.678214
59769.597978719976,-20621.235089,1.077096,5737.518939,2.154192,21.995100,2.154192,59.309646,0.022268,0.498464,0.002123,0.313451,0.000190,0.099921,0.000102,0.447762,0.002033,-3293.069254
59771.62816471979,-20616.444301,0.711268,5732.807082,1.422535,18.281835,1.422535,59.228215,0.014697,0.510405,0.001119,0.305911,0.000087,0.096783,0.000053,0.459201,0.001071,-3797.689122
59772.629510459956,-20616.339167,0.448861,5734.948967,0.897722,19.651955,0.897722,59.126671,0.009255,0.507424,0.000471,0.315956,0.000066,0.098857,0.000030,0.456344,0.000451,-4022.892351
59773.57368492009,-20615.272526,0.461121,5733.211468,0.922242,18.394933,0.922242,59.142521,0.009514,0.502042,0.000482,0.314752,0.000072,0.099132,0.000032,0.451190,0.000462,-4143.229312
59774.56217591977,-20615.261708,0.467405,5728.959983,0.934810,18.828568,0.934810,59.153431,0.009652,0.497366,0.000502,0.318549,0.000078,0.099642,0.000033,0.446710,0.000481,-4341.914896
59775.53706787992,-20615.560839,0.719736,5733.432919,1.439471,15.901618,1.439471,59.199967,0.014863,0.483798,0.001067,0.319085,0.000145,0.100008,0.000063,0.433715,0.001022,-4510.441697
59788.51492572995,-20623.914136,0.683509,5730.553167,1.367018,13.267508,1.367018,59.268780,0.014139,0.491076,0.000952,0.318329,0.000130,0.098733,0.000057,0.440686,0.000912,-7229.931177
59789.50055039022,-20622.261331,0.740801,5729.351098,1.481603,14.929653,1.481603,59.304941,0.015336,0.497643,0.001124,0.319605,0.000145,0.099377,0.000065,0.446976,0.001077,-7400.834639
59801.48661554977,-20615.268242,0.529333,5752.015203,1.058666,22.884826,1.058666,59.009471,0.010861,0.535654,0.000605,0.316767,0.000076,0.098099,0.000037,0.483385,0.000580,-9597.573993
59802.50195454992,-20618.636971,0.503167,5752.174303,1.006334,20.190872,1.006334,59.032988,0.010328,0.531340,0.000556,0.318103,0.000067,0.098431,0.000034,0.479253,0.000532,-9796.329548
59803.510820759926,-20621.208911,0.571101,5743.728352,1.142203,23.941293,1.142203,59.093858,0.011751,0.518980,0.000709,0.320796,0.000094,0.099194,0.000043,0.467414,0.000679,-9978.874004
59804.503320979886,-20625.180449,0.561024,5739.392947,1.122047,20.609153,1.122047,59.137947,0.011561,0.523779,0.000691,0.322969,0.000093,0.099527,0.000042,0.472010,0.000662,-10128.546809
59805.478324079886,-20627.260163,0.715086,5739.050215,1.430171,21.203614,1.430171,59.203448,0.014754,0.509572,0.001044,0.316736,0.000119,0.097180,0.000057,0.458403,0.001000,-10241.778372
59807.50367398979,-20627.357661,0.642580,5731.814685,1.285159,15.881024,1.285159,59.244529,0.013284,0.497839,0.000878,0.312146,0.000094,0.097467,0.000048,0.447164,0.000841,-10604.748001
59808.529027369805,-20625.709016,0.767696,5727.817850,1.535392,19.766799,1.535392,59.288035,0.015893,0.484566,0.001205,0.315004,0.000136,0.099095,0.000065,0.434450,0.001154,-10800.264880
59822.43823549012,-20635.187440,0.785926,5730.393247,1.571852,13.044390,1.571852,59.267035,0.016257,0.476841,0.001240,0.310675,0.000129,0.096401,0.000065,0.427051,0.001188,-12462.434071
59828.42978822999,-20632.374211,0.463050,5740.243361,0.926100,17.554067,0.926100,59.086576,0.009533,0.498037,0.000488,0.318644,0.000075,0.096113,0.000032,0.447354,0.000467,-13017.915121
59829.435602659825,-20630.383876,0.570794,5740.759255,1.141589,17.033671,1.141589,59.114148,0.011755,0.505331,0.000708,0.315722,0.000082,0.096845,0.000041,0.454340,0.000678,-13110.625716
59830.44831448002,-20630.743125,0.786416,5743.936727,1.572833,17.246840,1.572833,59.167109,0.016201,0.491324,0.001271,0.315659,0.000126,0.099198,0.000065,0.440923,0.001217,-13210.842352
59831.39873096999,-20634.645979,0.601690,5743.078335,1.203379,16.998074,1.203379,59.115707,0.012387,0.512907,0.000776,0.319998,0.000087,0.098747,0.000044,0.461596,0.000744,-13196.693622
59832.43039386999,-20635.151529,0.571127,5743.310220,1.142254,18.906360,1.142254,59.102662,0.011755,0.508248,0.000709,0.316645,0.000080,0.097504,0.000040,0.457135,0.000679,-13327.035868
59833.393588730134,-20636.939191,0.600683,5743.733158,1.201366,19.208199,1.201366,59.082600,0.012358,0.513307,0.000773,0.319642,0.000092,0.099139,0.000045,0.461980,0.000741,-13328.034762
59834.397655739915,-20639.084039,0.632077,5746.897682,1.264153,17.729727,1.264153,59.130137,0.013007,0.522131,0.000839,0.313929,0.000089,0.094764,0.000046,0.470432,0.000804,-13401.180788
59835.42387707019,-20636.666663,0.605312,5746.975865,1.210623,17.750917,1.210623,59.116342,0.012453,0.523126,0.000779,0.316615,0.000090,0.097137,0.000044,0.471385,0.000746,-13510.042675
59836.41248239996,-20632.252955,0.658880,5741.761633,1.317760,17.758489,1.317760,59.134198,0.013572,0.540536,0.000906,0.313005,0.000089,0.094687,0.000048,0.488061,0.000868,-13547.960931
59843.45019976003,-20622.087429,0.762141,5746.639563,1.524282,17.254427,1.524282,59.073865,0.015669,0.552638,0.001201,0.310870,0.000097,0.098651,0.000058,0.499653,0.001150,-13899.245077
59844.41202594992,-20622.314648,0.710251,5746.833366,1.420502,18.562997,1.420502,59.053145,0.014597,0.532303,0.001044,0.313371,0.000106,0.100381,0.000055,0.480175,0.001000,-13870.452161
59845.41189453984,-20621.941218,0.708613,5746.281563,1.417226,19.151282,1.417226,59.048920,0.014563,0.527358,0.001044,0.314677,0.000108,0.099804,0.000055,0.475439,0.001000,-13892.319281
59858.35123518016,-20618.879264,0.921107,5723.763488,1.842215,16.633831,1.842215,59.317613,0.019092,0.487907,0.001495,0.310683,0.000170,0.099150,0.000082,0.437650,0.001432,-13702.452210
59859.37847934989,-20620.251551,0.615232,5727.862262,1.230465,14.998297,1.230465,59.236443,0.012725,0.481582,0.000809,0.309439,0.000095,0.098408,0.000046,0.431592,0.000775,-13709.903771
59860.35796819022,-20621.461814,0.921100,5729.844188,1.842199,15.084708,1.842199,59.266199,0.019055,0.466630,0.001626,0.308215,0.000173,0.099394,0.000084,0.417271,0.001558,-13639.541617
59861.35995269008,-20621.442640,0.662220,5730.313691,1.324440,16.833831,1.324440,59.188671,0.013680,0.479048,0.000917,0.310899,0.000118,0.098960,0.000053,0.429164,0.000878,-13599.905582
59865.35989473993,-20614.634687,1.384556,5738.503426,2.769112,21.281262,2.769112,59.270610,0.028601,0.514982,0.003253,0.308882,0.000257,0.102729,0.000142,0.463584,0.003116,-13390.471011
59869.380423599854,-20622.262238,0.889023,5730.999430,1.778045,16.127750,1.778045,59.271531,0.018389,0.475346,0.001565,0.309274,0.000162,0.099894,0.000079,0.425619,0.001499,-13143.509807
59871.35436584009,-20622.399823,0.729163,5728.194772,1.458326,17.726027,1.458326,59.288424,0.015094,0.486457,0.001088,0.310485,0.000113,0.097067,0.000057,0.436261,0.001043,-12950.430738
59872.32706419006,-20619.733613,0.738026,5727.640099,1.476053,14.688111,1.476053,59.288416,0.015279,0.492316,0.001069,0.311648,0.000115,0.098351,0.000060,0.441873,0.001024,-12825.654518
59890.32938627992,-20618.962886,0.581073,5727.937335,1.162147,17.689574,1.162147,59.174230,0.012006,0.496025,0.000738,0.313630,0.000093,0.098480,0.000043,0.445426,0.000707,-10622.704048
59892.3217106699,-20616.622849,0.557809,5724.807364,1.115619,15.381870,1.115619,59.187096,0.011534,0.492493,0.000661,0.314652,0.000086,0.097979,0.000040,0.442043,0.000633,-10301.530014
59082.35826,-20.6245,0.0021,
59085.39497,-20.6313,0.0021,
59108.31091,-20.6237,0.0021,
59110.35828,-20.6234,0.0021,
59111.31119,-20.6300,0.0022,
59113.39451,-20.6355,0.0021,
59114.38395,-20.6390,0.0021,
59116.31690,-20.6353,0.0021,
59118.33599,-20.6222,0.0024,
59119.36516,-20.6296,0.0030,
59128.34014,-20.6209,0.0021,
59131.25440,-20.6256,0.0021,
59132.25712,-20.6325,0.0021,
59133.30482,-20.6266,0.0021,
59139.27625,-20.6383,0.0021,
59140.37037,-20.6495,0.0020,
59141.30968,-20.6427,0.0021,
59147.32339,-20.6387,0.0025,
59150.33084,-20.6534,0.0021,
59152.26399,-20.6287,0.0040,
59166.28753,-20.6476,0.0020,
59171.25381,-20.6515,0.0021,
59172.22943,-20.6407,0.0021,
59174.26200,-20.6354,0.0021,
59176.22502,-20.6262,0.0021,
59180.21274,-20.6351,0.0030,
59183.21627,-20.6318,0.0021,
59303.64096,-20.6248,0.0021,
59327.63050,-20.6369,0.0021,
59329.57494,-20.6242,0.0022,
59336.55162,-20.6330,0.0022,
59337.54996,-20.6405,0.0022,
59340.59837,-20.6409,0.0022,
59343.60871,-20.6424,0.0027,
59362.51191,-20.6485,0.0020,
59392.52729,-20.6294,0.0030,
59394.59832,-20.6261,0.0021,
59404.52885,-20.6315,0.0022,
59405.53347,-20.6195,0.0021,
59406.55399,-20.6211,0.0021,
59418.36707,-20.6357,0.0022,
59419.45549,-20.6288,0.0040,
59421.40970,-20.6277,0.0021,
59422.51828,-20.6296,0.0022,
59439.47283,-20.6468,0.0030,
59440.43363,-20.6419,0.0021,
59445.44429,-20.6490,0.0021,
59452.41120,-20.6434,0.0021,
59455.44905,-20.6398,0.0021,
59456.34748,-20.6491,0.0016,
59457.45992,-20.6433,0.0021,
59468.42133,-20.6311,0.0021,
59469.43457,-20.6293,0.0021,
59475.30015,-20.6312,0.0021,
59477.41895,-20.6261,0.0030,
59485.28794,-20.6353,0.0021,
59500.31460,-20.6336,0.0021,
59502.27127,-20.6338,0.0021,
59503.31929,-20.6307,0.0021,
59505.26740,-20.6263,0.0021,
59506.28444,-20.6202,0.0021,
59511.28603,-20.6297,0.0021,
59523.25390,-20.6245,0.0022,
59525.23651,-20.6326,0.0017,
59623.71838,-20.6433,0.0016,
59627.66855,-20.6450,0.0030,
59629.68179,-20.6442,0.0027,
59631.63954,-20.6425,0.0030,
59646.69203,-20.6387,0.0021,
59660.61030,-20.6295,0.0019,
59662.60824,-20.6274,0.0021,
59663.58011,-20.6238,0.0021,
59683.59294,-20.6265,0.0021,
59685.58630,-20.6288,0.0021,
59686.61945,-20.6293,0.0040,
59687.65374,-20.6358,0.0020,
59712.49299,-20.6265,0.0021,
59714.51657,-20.6296,0.0030,
59715.52315,-20.6333,0.0030,
59717.50957,-20.6304,0.0021,
59728.54292,-20.6385,0.0023,
59729.48571,-20.6474,0.0021,
59751.58025,-20.6372,0.0021,
59753.58004,-20.6339,0.0021,
59770.52988,-20.6361,0.0040,
59773.51577,-20.6305,0.0022,
59782.35626,-20.6262,0.0021,
59782.51887,-20.6277,0.0021,
59783.39302,-20.6266,0.0022,
59783.55408,-20.6272,0.0021,
59784.42100,-20.6272,0.0021,
59784.50001,-20.6252,0.0021,
59785.40799,-20.6275,0.0021,
59785.55282,-20.6308,0.0021,
59786.55851,-20.6330,0.0022,
59787.36459,-20.6406,0.0023,
59787.50217,-20.6359,0.0022,
59804.52010,-20.6306,0.0040,
59806.39184,-20.6434,0.0022,
59806.49052,-20.6425,0.0022,
59808.32652,-20.6461,0.0021,
59813.41619,-20.6343,0.0021,
59814.43468,-20.6409,0.0022,
59824.36774,-20.6536,0.0021,
59881.25183,-20.6280,0.0030,
59882.24495,-20.6188,0.0027,
59889.24966,-20.6379,0.0022,
59894.23454,-20.6352,0.0021,