2458542.6107,-201.2,10.7,
2458544.5814,-210.0,11.0,
2458546.5567,-164.6,12.5,
2458549.5470,-27.8,10.5,
2458550.5787,-68.1,10.3,
2458551.5303,-82.7,13.1,
2458553.5551,-175.7,20.2,
2458554.5343,-152.9,21.3,
2458555.5589,-200.5,11.3,
2458556.5614,-188.1,10.6,
2458557.5492,-203.7,13.5,
2458558.5407,-40.5,18.0,
2458559.5642,26.5,14.9,
2458566.5039,-224.3,10.0,
2458567.5359,-171.9,10.3,
2458568.5287,-235.4,10.3,
2458569.5235,-251.8,12.1,
2458570.5308,-214.1,15.2,
2458572.5180,-140.6,12.3,
2458653.8986,-72.0,14.6,
2458660.8934,-25.6,23.3,
2458676.9125,-154.9,15.6,
2458782.7537,-193.2,9.2,
2458793.5853,-205.9,9.0,
2458805.7142,-209.8,8.8,
2458682.9274,3.29,2.40,
2458741.8941,8.39,2.44,
2458761.8289,-84.36,2.43,
2458828.7015,-122.43,2.11,
2458762.8145,-52.26,6.52,10.434,0.104,56.009,0.560,7.255,0.073,54.78,3.31,-12.373,27.905,0.553,1.638,0.525,0.005,0.214,0.006,0.286,0.008,
2458764.7474,-8.08,6.55,-35.737,-0.357,55.505,0.555,7.273,0.073,129.14,2.30,6.715,16.390,-0.133,1.152,0.526,0.004,0.263,0.005,0.309,0.006,
2458773.7777,-149.33,8.32,-6.315,-0.063,53.973,0.540,7.386,0.074,-81.35,4.07,80.253,46.840,5.546,1.836,0.525,0.006,0.280,0.008,0.335,0.010,
2458774.7145,-79.47,7.06,4.569,0.046,55.332,0.553,7.209,0.072,185.53,3.01,-105.263,41.788,9.357,1.488,0.515,0.005,0.233,0.006,0.271,0.007,
2458777.6782,-36.10,6.68,-27.291,-0.273,56.648,0.566,7.241,0.072,88.47,4.07,42.774,33.940,0.901,1.807,0.536,0.007,0.293,0.009,0.334,0.010,
2458807.7079,-186.62,6.06,-30.652,-0.307,55.845,0.558,7.230,0.072,-44.15,2.61,7.185,20.158,-3.248,1.398,0.521,0.004,0.209,0.005,0.273,0.006,
2458811.7423,-29.35,6.56,-2.856,-0.029,56.013,0.560,7.193,0.072,94.87,3.40,9.363,26.927,-1.325,1.567,0.522,0.005,0.202,0.006,0.275,0.008,
2458813.7032,-40.23,6.41,10.524,0.105,56.207,0.562,7.229,0.072,69.06,3.40,-3.834,29.515,1.149,1.420,0.530,0.005,0.186,0.006,0.251,0.008,
2458831.6523,-177.98,6.45,-20.233,-0.202,55.180,0.552,7.269,0.073,-44.42,2.29,3.715,15.006,-1.157,0.938,0.529,0.004,0.178,0.004,0.256,0.005,
2458834.7019,-52.83,6.73,-17.317,-0.173,55.794,0.558,7.272,0.073,75.55,3.15,32.535,24.575,-0.829,1.258,0.530,0.005,0.193,0.006,0.257,0.007,
2458838.6934,-94.04,8.57,37.192,0.372,55.380,0.554,7.338,0.073,-15.09,5.24,-37.526,39.004,4.921,2.431,0.532,0.008,0.173,0.010,0.248,0.012,
2458840.7025,-152.85,6.55,-21.212,-0.212,55.780,0.558,7.287,0.073,-22.39,2.86,-9.285,23.949,-0.613,1.105,0.533,0.005,0.202,0.005,0.246,0.006,
2458852.6085,-139.95,6.32,-7.635,-0.076,55.724,0.557,7.247,0.072,-6.82,2.08,-39.069,15.335,-6.968,1.115,0.530,0.004,0.187,0.004,0.256,0.005,
2458869.5997,-95.12,7.62,7.111,0.071,54.063,0.541,7.293,0.073,63.63,2.53,-16.876,26.979,28.673,1.856,0.524,0.004,0.198,0.005,0.272,0.006,
2458883.5666,23.19,6.31,-6.497,-0.065,55.299,0.553,7.236,0.072,144.58,3.10,5.812,23.744,-2.980,1.310,0.522,0.005,0.175,0.006,0.266,0.007,
2458883.5873,15.10,8.00,-0.441,-0.004,54.625,0.546,7.329,0.073,149.58,3.39,-29.540,26.864,-1.722,1.727,0.534,0.005,0.175,0.006,0.254,0.008,
2458886.5552,-76.03,6.81,13.288,0.133,55.998,0.560,7.253,0.073,60.78,3.65,-74.472,27.175,0.324,1.652,0.532,0.006,0.185,0.007,0.266,0.008,
2458890.5358,-218.06,7.52,-6.051,-0.061,54.543,0.545,7.352,0.074,-63.98,2.50,-29.871,23.701,-3.326,1.286,0.534,0.004,0.187,0.005,0.253,0.006,
2458898.5693,-130.24,8.32,23.765,0.238,55.213,0.552,7.312,0.073,22.72,3.99,-14.593,29.519,-0.539,1.581,0.518,0.006,0.196,0.008,0.254,0.010,
2458900.5619,-189.56,8.40,-35.994,-0.360,55.953,0.560,7.259,0.073,-32.42,4.35,47.810,32.842,2.227,2.054,0.537,0.007,0.192,0.009,0.244,0.012,