8578.51514,8.3561,0.0035,6.5993,0.0833,38.785,1800,35.5
8579.53150,8.3449,0.0030,6.6112,0.0635,38.743,1500,40.8
9205.63053,8.3640,0.0026,6.4372,0.0499,39.787,1800,43.0
9206.63247,8.3729,0.0018,6.4598,0.0446,39.642,1800,58.6
9207.57568,8.3665,0.0022,6.4685,0.0398,39.526,1800,48.5
9207.66046,8.3655,0.0018,6.4766,0.0470,39.529,1800,58.1
9214.71815,8.3418,0.0019,6.4361,0.0721,39.454,2400,57.0
9215.64475,8.3462,0.0017,6.4391,0.0708,39.640,2400,62.0
9217.68640,8.3486,0.0019,6.4223,0.0515,39.845,1800,55.1
9218.68225,8.3483,0.0017,6.4289,0.0527,39.817,1800,61.0
9219.65704,8.3470,0.0016,6.4178,0.0542,39.848,1800,64.6
9221.60896,8.3482,0.0017,6.4250,0.0660,39.860,1800,60.8
9222.61015,8.3382,0.0016,6.4123,0.0583,39.892,1800,64.0
9223.56895,8.3505,0.0017,6.4189,0.0525,39.943,1800,60.7
9224.66129,8.3476,0.0018,6.4348,0.0403,39.820,1800,58.5
9226.65544,8.3572,0.0019,6.4612,0.0390,39.638,1800,56.1
9227.66789,8.3493,0.0023,6.4623,0.0571,39.592,1800,46.5
9228.64010,8.3423,0.0028,6.4661,0.0659,39.562,1800,40.5
9230.63045,8.3425,0.0017,6.4496,0.0663,39.652,1800,61.3
9231.63611,8.3439,0.0025,6.4623,0.0673,39.691,1800,44.2
9232.63467,8.3486,0.0016,6.4501,0.0619,39.705,1800,64.8
9233.67770,8.3443,0.0018,6.4614,0.0573,39.736,1800,59.0
9242.62501,8.3451,0.0016,6.4328,0.0650,39.495,2400,67.8
9243.56834,8.3522,0.0017,6.4395,0.0521,39.540,1800,62.0
9244.54494,8.3552,0.0019,6.4387,0.0528,39.538,1800,55.9
9244.62785,8.3553,0.0017,6.4513,0.0519,39.516,1800,63.9
9245.60955,8.3526,0.0027,6.4711,0.0454,39.245,1800,41.7
9246.63208,8.3594,0.0020,6.4711,0.0625,39.388,1800,53.8
9247.59527,8.3478,0.0021,6.4614,0.0628,39.417,1800,50.9
9248.61373,8.3503,0.0032,6.4636,0.0792,39.252,2700,36.4
9249.62657,8.3502,0.0022,6.4572,0.0698,39.648,2100,49.9
9250.57953,8.3420,0.0027,6.4415,0.0538,39.744,1860,42.2
9251.59236,8.3586,0.0026,6.4425,0.0492,39.694,1800,43.7
9256.62889,8.3508,0.0021,6.4400,0.0542,39.724,1800,53.8
9257.58116,8.3564,0.0017,6.4369,0.0595,39.724,1800,64.6
9261.63836,8.3525,0.0031,6.4272,0.0582,39.488,1800,38.4
9262.59334,8.3549,0.0028,6.4447,0.0652,39.466,1800,41.8
9264.60899,8.3479,0.0019,6.4604,0.0502,39.435,1800,59.2
9265.56638,8.3532,0.0019,6.4639,0.0633,39.396,1800,57.8
9266.55658,8.3535,0.0022,6.4603,0.0633,39.334,1800,50.4
9267.55362,8.3425,0.0020,6.4707,0.0640,39.352,1800,55.6
9269.57020,8.3487,0.0024,6.4821,0.0541,39.077,1800,47.9
9272.57672,8.3419,0.0021,6.4640,0.0555,39.208,1800,55.5
9273.59284,8.3397,0.0034,6.4738,0.0650,38.892,1800,37.2
9274.58962,8.3417,0.0022,6.5579,0.0610,38.735,1800,52.0
9275.56486,8.3413,0.0023,6.5514,0.0540,38.866,1800,49.6
9276.59246,8.3501,0.0026,6.5467,0.0656,38.799,1800,45.8
9277.57256,8.3518,0.0024,6.5421,0.0557,38.822,1800,48.9
9284.57306,8.3475,0.0024,6.5636,0.0653,38.916,1800,48.1
9287.53172,8.3509,0.0021,6.5785,0.0534,38.835,1800,54.6
9288.53857,8.3512,0.0022,6.5767,0.0612,38.844,1800,51.3
9290.53613,8.3509,0.0024,6.5842,0.0594,38.662,1800,48.7
9291.52201,8.3473,0.0019,6.6084,0.0724,38.602,1800,58.6
9294.53123,8.3411,0.0042,6.4445,0.0656,39.689,1800,31.0
9295.53344,8.3511,0.0021,6.5290,0.0583,39.035,2100,52.6
9296.51173,8.3565,0.0018,6.5513,0.0555,38.968,1800,61.4
9297.52848,8.3549,0.0019,6.5676,0.0610,38.844,1800,60.2
9490.84461,8.3381,0.0031,6.4877,0.0455,39.551,2100,35.6
9491.81716,8.3320,0.0034,6.4756,0.0611,39.570,2100,33.3
9497.84874,8.3623,0.0024,6.5573,0.0357,39.088,2100,45.0
9501.84420,8.3521,0.0028,6.6205,0.0841,38.682,2100,41.3
9502.76982,8.3440,0.0021,6.5560,0.0797,38.988,2100,50.3
9503.79777,8.3469,0.0033,6.5105,0.0817,39.296,2100,34.5
9504.76620,8.3426,0.0019,6.5036,0.0798,39.304,2100,52.6
9505.77836,8.3443,0.0020,6.4825,0.0727,39.424,2100,51.7
9506.76111,8.3513,0.0019,6.4833,0.0532,39.397,2100,51.5
9515.84526,8.3553,0.0020,6.4251,0.0505,39.651,2100,51.8
9520.79982,8.3479,0.0022,6.5727,0.0768,38.986,2100,47.8
9521.83149,8.3351,0.0027,6.5614,0.0698,39.099,1800,40.8
9528.73056,8.3472,0.0016,6.4964,0.0595,39.430,2100,61.4
9529.73908,8.3359,0.0015,6.3965,0.0611,40.033,2100,66.8
9530.74356,8.3309,0.0017,6.4914,0.0694,39.560,2100,57.6
9531.71638,8.3378,0.0016,6.3912,0.0595,40.061,2100,63.7
9543.61494,8.3315,0.0034,6.4788,0.0713,39.594,2100,33.3
9545.68951,8.3502,0.0027,6.4897,0.0612,39.545,2100,39.4
9546.72099,8.3539,0.0022,6.4835,0.0458,39.584,2100,47.8
9547.69656,8.3478,0.0016,6.5002,0.0518,39.420,2100,61.0
9548.80186,8.3506,0.0016,6.5131,0.0586,39.395,2100,62.6
9550.71766,8.3409,0.0039,6.5141,0.0607,39.461,1800,30.9
9560.66602,8.3452,0.0017,6.5592,0.0726,39.081,2100,59.0
9561.67646,8.3432,0.0029,6.5259,0.0777,39.188,2100,38.7
9563.68304,8.3437,0.0018,6.5071,0.0648,39.222,2100,57.8
9564.66694,8.3414,0.0021,6.5121,0.0508,39.162,2100,50.6
9577.74753,8.3495,0.0016,6.6025,0.0607,38.779,2100,62.9
9579.75033,8.3417,0.0019,6.5518,0.0774,39.066,2100,53.9
9581.72990,8.3445,0.0017,6.5317,0.0701,39.188,2100,59.1
9583.70601,8.3418,0.0019,6.5170,0.0536,39.369,2100,53.7
9584.59477,8.3422,0.0015,6.4280,0.0693,39.868,2100,67.8
9584.72285,8.3367,0.0017,6.5352,0.0527,39.275,2100,60.9
9585.58600,8.3453,0.0019,6.5261,0.0634,39.290,2100,54.7
9585.72824,8.3452,0.0018,6.5310,0.0657,39.298,2100,57.8
9586.72537,8.3349,0.0020,6.5147,0.0628,39.340,2100,52.4
9587.72124,8.3372,0.0020,6.5399,0.0621,39.176,1800,52.8
9588.56786,8.3388,0.0017,6.4888,0.0641,39.473,2100,59.8
9588.71681,8.3391,0.0020,6.5125,0.0550,39.362,1800,52.0
9589.71870,8.3407,0.0027,6.5096,0.0609,39.411,1808,41.6
9590.59269,8.3467,0.0025,6.5111,0.0596,39.275,2100,44.3
9591.58055,8.3421,0.0014,6.5012,0.0467,39.353,2100,71.9
9591.73732,8.3422,0.0030,6.5125,0.0577,39.195,2100,38.8
9592.59389,8.3501,0.0014,6.5164,0.0463,39.230,2100,69.1
9592.72732,8.3519,0.0021,6.5372,0.0396,38.925,2100,51.1
9606.67799,8.3471,0.0023,6.4959,0.0590,39.498,2100,46.8
9609.64815,8.3498,0.0015,6.5043,0.0614,39.329,2100,68.4
9610.65838,8.3519,0.0017,6.5121,0.0556,39.229,2100,62.5
9626.55046,8.3360,0.0019,6.5169,0.0653,39.220,2100,54.6
9627.55019,8.3415,0.0021,6.4967,0.0683,39.226,2100,49.5
9628.54583,8.3358,0.0017,6.4972,0.0659,39.329,2100,58.1
9629.56926,8.3376,0.0016,6.5055,0.0595,39.418,2100,59.9
