58708.871832,64231.37,20.17,8.85849,41.263,-37.10,0.02005,3.30,15.10,16.30,28.6414
58739.911963,64496.23,19.69,8.92993,40.549,-35.46,0.01955,3.10,16.50,18.10,27.9598
58742.862604,64491.79,19.88,8.91198,41.023,-16.92,0.01975,2.90,16.30,17.80,28.2296
58753.894008,64334.29,35.20,8.81001,42.175,-53.50,0.03512,1.50,10.10,11.50,49.984
58754.852560,64249.83,31.49,8.90422,41.783,-03.91,0.03141,1.90,11.30,12.70,44.7158
58755.820140,64465.68,26.27,8.91830,41.196,12.95,0.02616,2.20,13.10,14.60,37.3034
58756.848460,64434.94,28.40,8.82205,41.418,12.59,0.02831,2.30,12.20,13.60,40.328
58757.702855,64276.99,32.95,8.94970,41.513,-14.46,0.03286,1.40,11.10,12.60,46.789
58758.755781,64358.17,34.99,8.87567,41.931,-49.44,0.03492,1.50,10.40,11.50,49.6858
58803.771321,64198.76,19.28,8.89056,41.120,-37.28,0.01914,3.70,16.30,17.90,27.3776
58816.714463,64237.19,15.87,8.91860,40.777,-42.44,0.01570,4.50,19.20,21.40,22.5354
58820.530409,64233.82,41.35,8.95128,41.931,-35.93,0.04128,1.40,9.40,10.30,58.717
58822.570083,64321.24,102.41,8.93267,39.220,-57.23,0.0000,0.00,0.00,0.00,144.837
58822.743655,64317.07,104.37,8.94156,39.257,-30.22,0.0000,0.00,0.00,0.00,147.602
58822.765321,64365.66,104.35,8.90047,39.262,-09.96,0.0000,0.00,0.00,0.00,147.583
58822.786895,64353.17,103.90,8.93704,39.247,-01.53,0.0000,0.00,0.00,0.00,146.940
58831.666624,64493.16,22.86,8.89657,40.794,26.41,0.02275,3.10,14.50,16.00,32.4612
59232.536537,64417.76,33.48,9.01090,40.812,48.12,0.03341,2.10,10.90,12.50,47.5416
59232.705097,64366.50,25.69,9.01943,40.334,03.62,0.02559,2.10,14.60,16.20,36.4798
59232.726763,64324.67,27.09,9.00732,40.605,62.20,0.02700,2.20,13.50,14.90,38.4678
59232.748591,64310.16,29.27,8.97937,40.630,-24.19,0.02919,1.70,12.80,14.60,41.5634
59232.770245,64371.40,35.14,8.99950,40.587,-74.25,0.03507,1.30,11.70,13.50,49.8988
58708.92690,-63.0,41.5,-40.7,79.9,12.239,0.357,600,138,523
58709.92875,250.2,31.9,31.8,109.2,12.446,0.381,600,153,523
58710.91343,230.3,41.9,311.5,189.1,11.572,0.399,600,106,523
58713.93080,205.9,17.6,-60.2,59.8,12.637,0.347,600,175,523
58718.91475,-43.2,34.8,-50.1,122.4,12.153,0.366,600,111,523
58727.89385,-71.7,23.8,-54.3,80.9,12.918,0.370,600,186,523
58728.89541,0.0,26.8,271.8,120.9,12.742,0.365,600,185,523