2458814.78468,68294.7,6.6,-19.0,11.0,0.1180,0.0076,FEROS
2458815.78744,68370.8,6.9,-38.0,11.0,0.1499,0.0087,FEROS
2458907.71907,68634.2,8.8,26.0,13.0,0.1524,0.0170,FEROS
2458909.64069,68631.8,7.5,-10.0,11.0,0.1120,0.0098,FEROS
2458914.63041,68563.7,9.1,-18.0,13.0,0.1351,0.0147,FEROS
2458922.59456,68491.6,10.9,11.0,15.0,0.1445,0.0202,FEROS
2458929.61102,68352.4,6.4,-10.0,10.0,0.1416,0.0078,FEROS
2458930.62963,68368.4,9.3,27.0,13.0,0.1542,0.0174,FEROS
2458931.52593,68325.0,6.2,-14.0,10.0,0.1362,0.0063,FEROS
2459178.65515,68355.8,5.4,0.0,7.0,-0.0062,0.0100,HARPS
2459179.64161,68323.3,5.4,-9.0,7.0,0.0280,0.0107,HARPS
2459183.66238,68292.8,4.4,-7.0,3.0,0.0094,0.0079,HARPS
2459188.74251,68564.4,6.4,7.0,10.0,0.1287,0.0064,FEROS
2459189.69060,68633.2,5.8,-1.0,7.0,-0.0161,0.0100,HARPS
2459190.70160,68620.2,5.5,-20.0,9.0,0.1302,0.0039,FEROS
2459192.69798,68663.0,7.6,-19.0,11.0,0.1233,0.0079,FEROS
2459193.73470,68676.9,6.5,-20.0,11.0,0.1234,0.0059,FEROS
2459195.70979,68712.7,6.6,-15.0,11.0,0.1046,0.0063,FEROS
2459201.74696,68692.6,17.1,-60.6,24.2,0.3660,0.0211,CORALIE
2459206.70906,68664.7,6.1,-18.0,10.0,0.1297,0.0058,FEROS
2459209.68435,68675.9,6.4,-25.0,10.0,0.1310,0.0068,FEROS
2459211.68669,68633.2,6.4,-21.0,10.0,0.1351,0.0066,FEROS
2459211.69110,68682.0,3.7,-10.0,5.0,0.0786,0.0059,HARPS
2459212.65396,68675.9,23.6,-65.2,33.4,0.1287,0.0284,CORALIE
2459212.71367,68677.5,3.3,-19.0,4.0,0.0804,0.0049,HARPS
2459213.77438,68626.8,6.5,-21.0,11.0,0.1491,0.0074,FEROS
2459216.74652,68611.3,6.2,-13.0,10.0,0.1271,0.0056,FEROS
2459219.72921,68601.7,5.7,-8.0,10.0,0.1179,0.0046,FEROS
2459222.72571,68584.0,6.2,-8.0,10.0,0.1258,0.0060,FEROS
2459225.75773,68585.1,4.2,-11.0,5.0,0.0132,0.0096,HARPS
2459230.68155,68536.3,3.7,-19.0,5.0,0.0520,0.0056,HARPS
2459238.60505,68407.5,6.2,-9.0,8.0,0.0230,0.0111,HARPS
2459244.69222,68278.4,3.7,-16.0,5.0,0.0523,0.0074,HARPS
2459249.76903,68554.8,4.4,-22.0,6.0,-0.0319,0.0116,HARPS
2459250.65607,68567.3,27.5,-71.9,39.0,0.0842,0.0335,CORALIE
2459253.61035,68642.0,4.4,-28.0,6.0,-0.0631,0.0065,HARPS
2459258.67564,68706.0,3.1,-14.0,4.0,0.0579,0.0070,HARPS
2459262.64957,68710.1,3.7,-23.0,5.0,-0.0278,0.0082,HARPS
2459265.70624,68709.5,3.9,-23.0,5.0,0.0710,0.0103,HARPS
2459239.68270,-1989.6,11.4,-44.0,32.0,,CHIRON
2459244.64570,-2133.1,15.8,102.0,70.0,,CHIRON
2459249.57550,-1841.8,7.9,-95.0,49.0,,CHIRON
2459254.59310,-1707.5,10.0,37.0,40.0,,CHIRON
2459259.62490,-1656.6,9.1,-0.83,44.0,,CHIRON
2459264.61210,-1709.1,10.1,-20.0,37.0,,CHIRON
2459270.62960,-1692.3,10.2,-27.0,31.0,,CHIRON
2459277.67456,68641.2,19.2,-58.7,27.2,0.0913,0.0232,CORALIE
2459307.55266,68315.0,39.7,-100.1,56.2,-0.2451,0.0442,CORALIE
2459318.50030,-1659.9,7.1,-29.0,41.0,,CHIRON
2459331.47900,-1707.0,12.6,53.0,41.0,,CHIRON
2459590.78710,68631.8,8.3,-22.0,11.0,-0.3764,0.0248,HARPS
2459596.81009,68558.7,5.4,-11.0,7.0,-0.0423,0.0131,HARPS
2459640.70685,68688.9,5.4,-9.0,7.0,0.0201,0.0124,HARPS
2459662.67345,68512.8,7.2,-30.0,9.0,-0.0875,0.0177,HARPS