2459064.124629,168.62,1.61,0.153,0.002,hires_j,
2459067.12941,170.29,1.61,0.156,0.002,hires_j,
2459068.075727,175.01,1.74,0.159,0.002,hires_j,
2459069.129239,174.68,1.7,0.158,0.002,hires_j,
2459071.116187,181.19,1.8,0.16,0.002,hires_j,
2459073.096712,186.95,1.63,0.159,0.002,hires_j,
2459078.121872,177.06,1.14,0.154,0.002,hires_j,
2459079.119943,176.05,1.29,0.157,0.002,hires_j,
2459088.02435,183.24,1.62,0.157,0.002,hires_j,
2459089.066488,183.19,1.16,0.158,0.002,hires_j,
2459090.073903,179.07,1.21,0.156,0.002,hires_j,
2459091.098887,173.72,1.19,0.158,0.002,hires_j,
2459092.079667,171.75,1.15,0.158,0.002,hires_j,
2459093.070691,179.25,1.09,0.158,0.002,hires_j,
2459095.009831,175.67,1.13,0.158,0.002,hires_j,
2459098.007962,171.96,1.64,0.158,0.002,hires_j,
2459100.079528,170.64,1.85,0.159,0.002,hires_j,
2459101.028836,177.08,1.24,0.156,0.002,hires_j,
2459102.141533,173.26,1.15,0.157,0.002,hires_j,
2459115.062693,174.61,1.73,0.158,0.002,hires_j,
2459116.090901,172.01,1.69,0.158,0.002,hires_j,
2459117.037333,164.73,1.6,0.154,0.002,hires_j,
2459118.06428,165.99,1.28,0.156,0.002,hires_j,
2459119.090588,163.41,1.17,0.156,0.002,hires_j,
2459120.028233,163.76,1.2,0.156,0.002,hires_j,
2459122.089425,165.04,1.15,0.156,0.002,hires_j,
2459123.125442,167.15,1.22,0.157,0.002,hires_j,
2459124.054243,166.91,1.85,0.159,0.002,hires_j,
2459143.064535,158.64,2.14,0.161,0.002,hires_j,
2459151.86485,162.18,1.22,0.157,0.001,hires_j,
2459153.943748,150.4,1.56,0.157,0.002,hires_j,
2459162.056979,141.66,2.17,0.162,0.002,hires_j,
2459181.858115,128.25,1.18,0.16,0.001,hires_j,
2459187.890525,135.87,2.0,0.157,0.002,hires_j,
2459188.968295,124.32,2.18,0.159,0.002,hires_j,
2459189.889271,125.7,2.1,0.161,0.002,hires_j,
2459207.960838,111.81,1.97,0.16,0.002,hires_j,
2459208.870082,106.13,1.9,0.159,0.002,hires_j,
2459209.945176,97.71,1.94,0.163,0.002,hires_j,
2459211.96518,94.66,1.5,0.157,0.002,hires_j,
2459214.965897,93.55,1.34,0.158,0.002,hires_j,
2459232.77819,46.02,1.92,0.159,0.002,hires_j,
2459236.85529,47.72,1.71,0.154,0.002,hires_j,
2459237.85726,44.5,2.3,0.158,0.002,hires_j,
2459238.766585,36.76,1.43,0.158,0.002,hires_j,
2459267.743608,-40.71,1.44,0.157,0.002,hires_j,
2459268.790022,-40.21,1.35,0.157,0.002,hires_j,
2459269.81764,-40.0,1.44,0.157,0.002,hires_j,
2459271.769168,-39.26,1.58,0.156,0.002,hires_j,
2459280.749002,-74.47,1.51,0.151,0.002,hires_j,
2459409.123111,-143.04,1.47,0.158,0.002,hires_j,
2459410.115147,-140.59,1.39,0.158,0.002,hires_j,
2459412.1151,-133.69,1.46,0.156,0.002,hires_j,
2459414.107579,-124.01,1.33,0.158,0.002,hires_j,
2459418.097268,-113.01,1.81,0.158,0.002,hires_j,
2459423.096686,-104.18,1.73,0.158,0.002,hires_j,
2459445.106413,-62.44,1.13,0.156,0.002,hires_j,
2459446.129429,-61.49,1.16,0.156,0.002,hires_j,
2459447.130488,-62.69,1.17,0.156,0.002,hires_j,
2459449.119086,-50.0,1.17,0.155,0.002,hires_j,
2459450.100444,-52.24,1.16,0.155,0.002,hires_j,
2459451.031823,-51.5,1.36,0.153,0.002,hires_j,
2459452.123826,-55.87,1.21,0.154,0.002,hires_j,
2459478.98567,-11.69,1.61,0.157,0.002,hires_j,
2459502.971321,11.7,1.91,0.159,0.002,hires_j,
2459537.900793,43.73,1.79,0.162,0.002,hires_j,
2459541.987249,47.91,1.43,0.163,0.002,hires_j,
2459542.990564,47.25,1.94,0.166,0.002,hires_j,
2459545.968153,47.75,1.52,0.162,0.002,hires_j,
2459546.844148,49.93,1.84,0.164,0.002,hires_j,
2459565.87518,65.09,1.44,0.163,0.002,hires_j,
2459574.849886,65.92,1.99,0.161,0.002,hires_j,
2459576.844348,63.51,1.81,0.16,0.002,hires_j,
2459587.847365,70.42,1.96,0.16,0.002,hires_j,
2459591.841861,70.58,1.91,0.163,0.002,hires_j,
2459592.839037,66.75,1.9,0.162,0.002,hires_j,
2459598.881988,62.85,2.01,0.162,0.002,hires_j,
2459263.66561,-16.81,2.01,apf,
2459268.667309,-38.91,1.55,apf,
2459269.665913,-47.08,1.75,apf,
2459271.716867,-47.28,1.69,apf,
2459281.681476,-91.71,1.93,apf,
2459287.715943,-109.6,1.93,apf,
2459295.709889,-146.98,2.05,apf,
2459298.663164,-147.85,4.58,apf,
2459300.823921,-145.3,1.86,apf,
2459301.75447,-164.53,1.55,apf,
2459302.667382,-162.47,1.71,apf,
2459314.677966,-209.26,2.36,apf,
2459316.744374,-222.63,2.02,apf,
2459317.779489,-221.21,2.05,apf,
2459318.769121,-233.9,5.49,apf,
2459320.683946,-221.53,2.2,apf,
2459321.701356,-228.41,2.53,apf,
2459323.719781,-239.23,2.57,apf,
2459328.710669,-239.08,3.93,apf,
2459332.664378,-256.04,2.15,apf,
2459334.666377,-234.6,3.17,apf,
2459335.965367,-261.62,4.14,apf,
2459336.678507,-254.55,5.63,apf,
2459337.668723,-255.63,2.48,apf,
2459338.668939,-247.94,2.28,apf,
2459339.669284,-264.73,1.99,apf,
2459340.669966,-262.0,1.92,apf,
2459342.670245,-253.03,1.93,apf,
2459343.670594,-257.56,2.17,apf,
2459345.940226,-252.65,2.05,apf,
2459348.674149,-263.04,1.88,apf,
2459349.678394,-265.16,3.23,apf,
2459351.676434,-249.43,2.63,apf,
2459352.686631,-252.98,3.53,apf,
2459353.678981,-262.01,2.85,apf,
2459370.706928,-220.94,2.32,apf,
2459373.690199,-227.02,4.51,apf,
2459378.85261,-199.45,2.15,apf,
2459381.695602,-214.58,2.51,apf,
2459384.90175,-184.07,1.59,apf,
2459385.927257,-182.96,1.63,apf,
2459387.927632,-183.54,3.75,apf,
2459388.909217,-186.15,2.13,apf,
2459389.929387,-182.38,2.05,apf,
2459390.930596,-174.84,1.58,apf,
2459391.963056,-164.1,2.01,apf,
2459392.932461,-161.56,1.93,apf,
2459393.937839,-167.06,1.84,apf,
2459394.94639,-164.8,2.86,apf,
2459395.958496,-168.34,1.77,apf,
2459397.971702,-157.6,1.61,apf,
2459398.939491,-153.8,1.55,apf,
2459399.942248,-153.18,1.65,apf,
2459401.930321,-148.57,1.72,apf,
2459404.93484,-137.69,1.83,apf,
2459408.931019,-130.58,1.57,apf,
2459410.724619,-133.89,2.07,apf,
2459411.944838,-118.57,1.57,apf,
2459412.947408,-110.58,1.79,apf,
2459414.962656,-118.43,1.98,apf,
2459415.931072,-115.06,1.57,apf,
2459416.942453,-116.86,1.7,apf,
2459417.942898,-103.94,1.5,apf,
2459418.95986,-106.94,1.68,apf,
2459419.938568,-96.59,1.51,apf,
2459420.825559,-87.29,2.05,apf,
2459424.908518,-99.8,1.39,apf,
2459425.882603,-83.83,1.64,apf,
2459426.870401,-96.54,1.97,apf,
2459427.882346,-80.69,1.14,apf,
2459429.967464,-94.46,1.47,apf,
2459430.956214,-87.33,1.54,apf,
2459436.969129,-77.06,1.36,apf,
2459439.981697,-77.63,1.64,apf,
2459457.919971,-43.98,1.51,apf,
2459459.944302,-43.44,1.69,apf,
2459464.865171,-36.47,1.16,apf,
2459465.891555,-38.71,1.7,apf,
2459466.861489,-35.8,1.6,apf,
2459468.874081,-21.55,2.1,apf,
2459469.875891,-13.81,1.42,apf,
2459470.863452,-13.68,1.5,apf,
2459471.949827,-22.55,1.46,apf,
2459475.877741,-6.24,1.63,apf,
2459484.954638,-1.37,1.57,apf,
2459486.871285,-8.83,1.6,apf,
2459487.935684,-9.75,1.43,apf,
2459489.047273,0.2,1.44,apf,
2459489.968457,7.49,1.46,apf,
2459494.046252,1.56,3.74,apf,
2459497.919547,15.26,1.43,apf,
2459498.817032,10.95,1.9,apf,
2459500.831641,5.96,1.5,apf,
2459501.893704,12.04,1.56,apf,
2459502.902731,7.82,1.41,apf,
2459503.902289,5.84,1.48,apf,
2459504.797443,28.46,1.68,apf,
2459517.044294,36.12,1.6,apf,
2459517.756736,36.01,1.6,apf,
2459518.927687,33.42,2.13,apf,
2459523.7781,40.14,1.64,apf,
2459524.760416,33.23,2.19,apf,
2459526.728679,40.89,2.37,apf,
2459529.830827,35.35,1.54,apf,
2459530.824085,44.47,1.08,apf,
2459531.833882,41.27,1.06,apf,
2459532.821689,44.27,1.49,apf,
2459533.72514,47.32,1.71,apf,
2459535.811418,57.18,4.79,apf,
2459536.719022,39.3,1.63,apf,
2459539.857814,51.64,1.91,apf,
2459540.742091,60.25,1.61,apf,
2459541.823069,53.97,1.41,apf,
2459542.70209,43.71,2.9,apf,
2459543.754976,41.74,1.95,apf,
2459545.750548,46.22,1.83,apf,
2459546.686972,58.46,1.62,apf,
2459547.70402,48.89,1.51,apf,
2459548.669146,60.9,1.5,apf,
2459549.832441,44.38,1.64,apf,
2459550.707762,50.88,1.49,apf,
2459551.661206,56.93,1.52,apf,
2459552.645228,61.23,1.62,apf,
2459553.085595,55.3,2.0,apf,
2459556.794623,54.68,2.03,apf,
2459559.641913,61.62,2.15,apf,
2459560.650381,60.93,1.78,apf,
2459566.739107,66.57,1.76,apf,
2459567.723969,73.1,1.57,apf,
2459568.672777,63.04,2.63,apf,
2459585.810101,62.84,1.8,apf,
2459590.631859,78.4,1.75,apf,
2459591.606721,76.27,1.78,apf,
2459594.610514,73.92,1.34,apf,
2459602.692329,69.98,1.62,apf,
2459603.683247,73.74,1.53,apf,
2459604.660832,71.8,1.52,apf,
2459605.663426,62.58,1.85,apf,
2459606.632249,67.95,1.73,apf,
2459607.651508,64.79,1.73,apf,
2459608.676287,64.21,1.6,apf,
2459609.640027,60.22,1.62,apf,
2459610.724996,69.35,1.45,apf,
2459611.627005,79.02,1.76,apf,
2459612.695216,77.84,2.34,apf,
2459615.683797,63.78,1.64,apf,
2459617.658189,74.66,1.73,apf,
2459618.636473,74.86,1.67,apf,
2459619.748152,73.58,2.02,apf,
2459620.68447,72.44,1.97,apf,
2459621.676931,71.07,1.59,apf,
2459622.673638,75.66,1.66,apf,
2459623.638241,72.92,1.53,apf,
2459624.681959,67.72,1.72,apf,
2459626.643905,80.99,2.19,apf,
2459628.733932,74.62,1.7,apf,
2459629.663374,65.75,1.78,apf,
2459630.715424,65.55,1.7,apf,
2459631.651035,83.0,2.63,apf,
2459639.663706,74.48,1.59,apf,
2459640.662217,75.79,1.76,apf,
2459641.686618,94.74,1.66,apf,
2459645.661534,77.68,2.02,apf,
2459647.655654,88.3,2.14,apf,
2459648.658067,84.07,1.98,apf,
2459649.817229,71.09,2.75,apf,
2459650.678008,70.83,1.52,apf,
2459651.671337,77.32,2.1,apf,
2459655.655279,71.94,1.72,apf,
2459656.662671,81.66,1.98,apf,
2459659.662756,73.8,2.18,apf,
2459661.644363,81.66,1.55,apf,
2459662.669533,75.0,1.78,apf,
2459663.661663,76.22,1.63,apf,
2459670.660971,70.6,2.16,apf,
2459671.646786,76.76,2.59,apf,
2459672.672195,65.82,3.87,apf,
2459673.666934,74.68,2.26,apf,
2459675.666288,82.18,3.23,apf,
2459677.662948,63.92,1.81,apf,
2459678.663119,59.19,1.69,apf,
2459679.668499,73.98,2.33,apf,
2459680.656288,67.58,2.62,apf,
2459687.659221,71.19,1.76,apf,
2459699.682391,69.01,1.98,apf,
2459700.980524,82.53,3.19,apf,
2459701.679821,54.18,2.81,apf,
2459702.683382,52.68,3.61,apf,
2459714.692159,54.66,2.58,apf,
2459753.901631,35.41,2.26,apf,
2459758.980494,42.92,1.72,apf,
2459760.88992,30.79,1.96,apf,
2459763.870255,23.44,2.59,apf,
2459767.950282,24.29,2.37,apf,
2459769.867188,0.32,2.45,apf,
2459773.882036,25.04,1.9,apf,
2459776.98411,-0.52,1.99,apf,
2459779.995596,3.15,1.58,apf,
2459780.992948,-3.17,1.62,apf,
2459781.978738,2.35,1.51,apf,
2459782.995536,-5.73,1.5,apf,
2459783.815775,-5.06,1.91,apf,
2459785.829989,-10.68,2.12,apf,
2459787.954651,-11.01,1.93,apf,
2459788.817568,-14.79,2.09,apf,
2459789.801997,-12.52,5.32,apf,
2459790.947685,-10.37,2.87,apf,
2459802.996131,-37.52,1.34,apf,
2459803.947254,-50.66,0.94,apf,
2459806.952011,-53.39,1.38,apf,
2459810.920615,-47.61,1.33,apf,
2459811.976353,-67.46,1.42,apf,
2459812.836766,-64.19,1.62,apf,
2459814.904118,-64.1,1.37,apf,
2459815.906219,-73.17,1.53,apf,
2459817.852964,-63.47,1.13,apf,
2459818.86245,-69.83,1.72,apf,
2459819.873324,-77.21,1.45,apf,
2459824.910036,-92.71,1.15,apf,
2459825.966816,-97.99,1.07,apf,
2459826.897095,-110.59,1.13,apf,
2459827.924672,-117.97,1.63,apf,
2459835.924782,-135.84,1.49,apf,
2459846.960239,-170.59,0.9,apf,
2459850.960872,-183.39,3.25,apf,
2459852.823441,-188.17,0.94,apf,
2459853.93951,-192.41,0.94,apf,
2459856.983087,-204.87,0.8,apf,
2459857.907638,-199.23,0.91,apf,
2459858.877908,-206.37,0.87,apf,
2459860.980445,-216.68,1.36,apf,
2459861.912181,-224.19,1.37,apf,
2459862.924442,-217.59,2.18,apf,
2459863.890044,-220.69,1.51,apf,
2459866.924688,-245.06,1.43,apf,
2459868.90355,-260.93,1.32,apf,
2459871.942037,-260.75,2.0,apf,
2459872.966338,-259.72,1.52,apf,
2459873.89317,-263.0,0.8,apf,
2459895.870447,-334.14,1.4,apf,
2459897.857877,-350.81,1.36,apf,
2459900.845836,-348.5,1.45,apf,
2459901.77844,-358.36,1.47,apf,
2459902.793695,-370.07,1.63,apf,
2459903.775336,-363.73,1.37,apf,
2459904.805843,-371.81,1.43,apf,
2459905.768374,-374.11,1.46,apf,
2459906.777802,-367.39,1.49,apf,
2459908.028885,-356.79,1.73,apf,
2459910.811404,-372.17,1.99,apf,
2459911.796416,-375.2,1.56,apf,
2459931.700595,-355.68,1.32,apf,
2459932.835535,-350.54,1.55,apf,
2459938.751617,-334.05,1.77,apf,
2459966.745901,-282.65,2.5,apf,
2459967.795474,-255.77,4.37,apf,
2459972.767708,-261.16,2.08,apf,