1464.79399978,51.3356,0.0052,-0.021,0.007,7.7540,40,0.1205,0.0016,-4.8668,0.0356,0.1918,0.0025,0.5018,0.0037,
1464.78179568,51.3470,0.0046,-0.003,0.006,7.7509,43,0.1237,0.0014,-4.8177,0.0296,0.1923,0.0022,0.5066,0.0034,
1465.78521663,51.3439,0.0022,-0.004,0.003,7.7473,64,0.1254,0.0010,-4.7620,0.0187,0.1922,0.0014,0.5031,0.0023,
1465.77425849,51.3450,0.0021,0.002,0.003,7.7630,66,0.1285,0.0009,-4.7613,0.0177,0.1907,0.0013,0.5046,0.0022,
1466.77843100,51.3505,0.0030,-0.008,0.004,7.7446,55,0.1278,0.0011,-4.7720,0.0206,0.1921,0.0016,0.4959,0.0026,
1466.76744544,51.3554,0.0030,-0.003,0.004,7.7638,55,0.1282,0.0011,-4.7677,0.0205,0.1908,0.0016,0.4999,0.0026,
1481.68018901,51.3350,0.0024,-0.001,0.003,7.7732,62,0.1292,0.0011,-4.6661,0.0143,0.1979,0.0016,0.5001,0.0025,
1481.69624159,51.3375,0.0022,0.005,0.003,7.7611,64,0.1294,0.0011,-4.6882,0.0149,0.1921,0.0015,0.5017,0.0024,
1482.71116935,51.3298,0.0027,0.009,0.003,7.7900,59,0.1268,0.0010,-4.7413,0.0206,0.1938,0.0015,0.5029,0.0024,
1483.75203132,51.3331,0.0022,0.001,0.003,7.7623,64,0.1276,0.0010,-4.7612,0.0188,0.1937,0.0014,0.5058,0.0023,
1483.74069812,51.3355,0.0021,0.004,0.003,7.7595,66,0.1271,0.0010,-4.7476,0.0179,0.1940,0.0014,0.5037,0.0022,
1576.52948882,51.3330,0.0046,-0.014,0.006,7.7801,43,0.1265,0.0016,-5.4237,0.1398,0.1907,0.0022,0.4997,0.0035,
1583.54058377,51.3452,0.0030,-0.002,0.004,7.7792,55,0.1259,0.0012,-5.0498,0.0507,0.1980,0.0017,0.4979,0.0026,
1765.74216151,51.3561,0.0032,-0.003,0.004,7.8046,54,0.1302,0.0013,-4.7421,0.0195,0.1988,0.0018,0.5000,0.0027,
1766.80813997,51.3575,0.0020,0.003,0.002,7.7842,78,0.1294,0.0009,-4.6460,0.0131,0.2015,0.0012,0.4983,0.0020,
1774.87929440,51.3546,0.0049,0.003,0.006,7.8038,42,0.1294,0.0017,-4.7973,0.0351,0.1970,0.0024,0.4962,0.0035,
1774.88874566,51.3474,0.0052,0.008,0.007,7.8170,40,0.1321,0.0018,-4.7826,0.0346,0.1998,0.0024,0.4983,0.0036,
1802.66127481,51.3363,0.0020,0.002,0.002,7.7880,95,0.1274,0.0007,-4.6571,0.0127,0.1954,0.0010,0.5001,0.0016,
1810.75114647,51.3459,0.0028,-0.005,0.004,7.7686,57,0.1292,0.0013,-4.7578,0.0180,0.1945,0.0016,0.4978,0.0026,
1830.82116768,51.3358,0.0020,-0.004,0.002,7.7822,85,0.1238,0.0008,-4.7114,0.0151,0.1925,0.0010,0.5029,0.0017,
1833.70474847,51.3457,0.0028,-0.006,0.004,7.7964,57,0.1288,0.0012,-4.6735,0.0165,0.1925,0.0016,0.5042,0.0026,
1838.71542850,51.3396,0.0052,-0.012,0.007,7.7865,40,0.1266,0.0018,-4.7433,0.0274,0.1962,0.0025,0.5072,0.0037,
1849.67005564,51.3633,0.0020,0.008,0.002,7.7852,73,0.1263,0.0010,-4.6783,0.0142,0.1933,0.0012,0.5039,0.0020,
1866.75015160,51.3558,0.0025,-0.000,0.003,7.8227,61,0.1223,0.0010,-4.7484,0.0206,0.1849,0.0014,0.5093,0.0023,
1877.60993471,51.3525,0.0038,0.002,0.005,7.7812,48,0.1234,0.0013,-4.7426,0.0208,0.1882,0.0017,0.5054,0.0028,
1884.59857785,51.3588,0.0046,0.008,0.006,7.8175,43,0.1279,0.0016,-4.6631,0.0191,0.1892,0.0022,0.4970,0.0033,
1893.60218111,51.3560,0.0034,-0.004,0.004,7.7699,52,0.1254,0.0012,-4.7414,0.0190,0.1917,0.0017,0.5006,0.0027,
1898.61246619,51.3532,0.0020,0.001,0.002,7.7709,73,0.1247,0.0008,-4.7345,0.0163,0.1911,0.0011,0.5048,0.0019,
2177.64271415,51.3599,0.0020,0.004,0.003,7.7965,68,0.1365,0.0011,-4.6513,0.0145,0.1975,0.0015,0.4980,0.0024,
2180.65538975,51.3580,0.0020,0.002,0.002,7.7665,80,0.1306,0.0009,-4.7086,0.0143,0.1975,0.0012,0.5002,0.0021,
2190.65829783,51.3609,0.0020,-0.001,0.002,7.7770,73,0.1272,0.0011,-4.7286,0.0158,0.1927,0.0014,0.5037,0.0023,
2204.58471260,51.3515,0.0020,-0.002,0.002,7.7795,83,0.1304,0.0009,-4.6921,0.0139,0.1990,0.0012,0.5045,0.0020,
2212.60431636,51.3490,0.0020,0.002,0.002,7.7460,87,0.1243,0.0008,-4.7019,0.0138,0.1964,0.0012,0.5074,0.0019,
2226.68671558,51.3532,0.0020,0.007,0.002,7.8213,69,0.1322,0.0010,-4.7181,0.0173,0.1964,0.0014,0.4970,0.0023,
2231.56880343,51.3579,0.0021,0.004,0.003,7.7757,66,0.1279,0.0011,-4.7062,0.0161,0.1948,0.0016,0.5016,0.0025,
2237.61010265,51.3390,0.0040,-0.006,0.005,7.7522,47,0.1220,0.0015,-4.8071,0.0257,0.1939,0.0022,0.5079,0.0034,
2239.55155959,51.3482,0.0020,-0.005,0.002,7.7232,69,0.1220,0.0010,-4.7566,0.0166,0.1914,0.0014,0.5086,0.0023,
2243.58440735,51.3482,0.0020,-0.017,0.002,7.7637,81,0.1262,0.0009,-4.7494,0.0154,0.1984,0.0012,0.4996,0.0020,
2246.58730329,51.3594,0.0024,-0.012,0.003,7.7880,62,0.1284,0.0012,-4.6911,0.0170,0.1985,0.0016,0.4994,0.0026,
2248.58606747,51.3446,0.0069,0.005,0.009,7.8496,33,0.1346,0.0023,-5.1308,0.0994,0.2088,0.0034,0.5027,0.0048,
2250.61259800,51.3579,0.0030,0.004,0.004,7.8126,55,0.1316,0.0013,-4.7977,0.0232,0.1978,0.0019,0.4986,0.0029,
2252.58098883,51.3554,0.0020,0.003,0.002,7.7913,78,0.1330,0.0010,-4.6907,0.0146,0.1983,0.0013,0.5048,0.0021,
2256.58379243,51.3577,0.0020,0.008,0.002,7.7786,78,0.1249,0.0009,-4.7789,0.0167,0.1926,0.0012,0.5055,0.0020,
2259.59184291,51.3615,0.0020,-0.001,0.002,7.7748,73,0.1245,0.0010,-4.7708,0.0174,0.1926,0.0013,0.5065,0.0022,
2265.62666161,51.3503,0.0024,-0.002,0.003,7.7465,62,0.1239,0.0011,-4.8104,0.0231,0.1965,0.0016,0.4979,0.0025,
2268.63412182,51.3521,0.0036,-0.015,0.005,7.8106,50,0.1287,0.0014,-4.8145,0.0280,0.1980,0.0020,0.5015,0.0031,
2278.56738606,51.3531,0.0032,-0.002,0.004,7.7978,54,0.1265,0.0013,-4.7587,0.0234,0.1954,0.0017,0.5059,0.0027,
2282.52973675,51.3633,0.0020,0.001,0.002,7.7765,78,0.1263,0.0009,-4.8303,0.0193,0.2002,0.0011,0.5020,0.0018,
1449.83201319,51.3599,0.0069,-0.004,0.011,10.0274,79,0.1291,0.0022,-4.6161,0.0289,0.1834,0.0033,0.5030,0.0057,
1449.71864651,51.3394,0.0054,-0.013,0.009,9.9826,111,0.1313,0.0015,-4.6156,0.0210,0.1815,0.0023,0.5026,0.0039,
1450.76285679,51.3461,0.0055,-0.013,0.009,10.0078,108,0.1299,0.0016,-4.6040,0.0212,0.1817,0.0024,0.5006,0.0041,
1450.76988749,51.3538,0.0057,-0.012,0.009,10.0048,102,0.1323,0.0017,-4.6358,0.0235,0.1854,0.0025,0.5021,0.0042,
1451.79336283,51.3548,0.0057,-0.028,0.009,10.0136,103,0.1295,0.0017,-4.6330,0.0239,0.1890,0.0025,0.5023,0.0044,
1451.78645985,51.3606,0.0057,-0.002,0.009,9.9988,103,0.1298,0.0017,-4.6299,0.0236,0.1903,0.0025,0.5039,0.0043,
1452.80242598,51.3384,0.0067,-0.035,0.011,10.0351,83,0.1251,0.0020,-4.6715,0.0313,0.1854,0.0031,0.5002,0.0054,
1467.76807806,51.3298,0.0056,-0.017,0.009,10.0192,106,0.1345,0.0016,-4.6849,0.0249,0.1846,0.0025,0.5017,0.0041,
1468.76772262,51.3428,0.0060,-0.019,0.010,10.0365,96,0.1360,0.0018,-4.6456,0.0251,0.1817,0.0028,0.5055,0.0046,
1469.76959746,51.1795,0.0058,-0.018,0.009,10.0202,100,0.1291,0.0018,-4.6321,0.0234,0.1865,0.0027,0.5037,0.0045,
1483.81130478,51.2990,0.0061,-0.003,0.010,10.1302,94,0.1345,0.0017,-4.7680,0.0660,0.1849,0.0026,0.5054,0.0045,
1485.69646887,51.3025,0.0119,-0.025,0.017,10.0762,41,0.2045,0.0058,-4.7093,0.0825,0.1729,0.0081,0.4653,0.0117,
1493.73812753,51.2874,0.0067,-0.027,0.011,10.0567,83,0.1448,0.0022,-4.6505,0.0326,0.1873,0.0032,0.5004,0.0056,
1500.63798240,51.2951,0.0062,-0.021,0.010,10.0234,91,0.1430,0.0020,-4.6571,0.0269,0.1919,0.0029,0.5043,0.0051,
1502.70459267,51.2900,0.0069,-0.028,0.011,10.0955,80,0.1559,0.0024,-4.5820,0.0281,0.1890,0.0033,0.4965,0.0054,
1521.58004932,51.2470,0.0056,-0.024,0.009,10.0306,106,0.1433,0.0017,-4.6306,0.0233,0.1931,0.0025,0.5044,0.0041,
1542.57046626,51.3174,0.0060,-0.035,0.010,10.1118,96,0.1319,0.0018,-4.6890,0.0292,0.1905,0.0027,0.5047,0.0045,
1543.55517435,51.3081,0.0056,-0.039,0.009,10.1183,106,0.1340,0.0017,-4.6422,0.0244,0.1849,0.0024,0.5099,0.0041,
1544.63920077,51.3197,0.0058,-0.019,0.009,10.1491,100,0.1426,0.0019,-4.7059,0.0375,0.1933,0.0027,0.5075,0.0047,
1545.61458508,51.3345,0.0072,-0.029,0.011,10.1500,76,0.1321,0.0024,-4.7325,0.0479,0.1960,0.0037,0.5021,0.0062,
1546.60962993,51.3222,0.0073,-0.045,0.011,10.2209,74,0.1492,0.0025,-4.5902,0.0365,0.1898,0.0036,0.5011,0.0060,
1547.54838034,51.3209,0.0063,-0.036,0.010,10.1565,91,0.1409,0.0020,-4.6714,0.0286,0.1952,0.0029,0.4914,0.0048,
1548.60710448,51.3172,0.0059,-0.013,0.010,10.1383,99,0.1421,0.0018,-4.6428,0.0300,0.1980,0.0027,0.5019,0.0047,
1550.63138466,51.3094,0.0058,-0.003,0.009,10.1810,102,0.1408,0.0018,-4.6807,0.0367,0.1934,0.0026,0.5031,0.0046,
1553.63083558,51.3212,0.0086,-0.010,0.013,10.2209,61,0.1461,0.0031,-4.5733,0.0522,0.1894,0.0047,0.5110,0.0077,
1555.61367223,51.3100,0.0058,-0.029,0.009,10.1904,100,0.1331,0.0018,-4.7084,0.0363,0.1892,0.0027,0.5092,0.0047,
1556.63579254,51.2989,0.0071,-0.021,0.011,10.2023,77,0.1389,0.0024,-4.6131,0.0425,0.1980,0.0036,0.5017,0.0060,
1559.61969760,51.3009,0.0064,-0.020,0.010,10.1919,88,0.1434,0.0022,-4.6768,0.0421,0.1912,0.0031,0.5054,0.0053,
1567.57829965,51.3085,0.0056,-0.017,0.009,10.1049,106,0.1301,0.0018,-4.6912,0.0307,0.1914,0.0026,0.5057,0.0045,
1569.60503227,51.2835,0.0064,-0.023,0.010,10.1956,89,0.1329,0.0020,-4.7453,0.0601,0.1900,0.0029,0.5023,0.0051,
1572.58523826,51.3181,0.0069,-0.032,0.011,10.2139,80,0.1330,0.0023,-4.6869,0.0467,0.1893,0.0033,0.4985,0.0057,
1573.54735541,51.3016,0.0084,-0.031,0.013,10.1954,62,0.1544,0.0031,-4.5939,0.0391,0.1793,0.0045,0.5042,0.0075,
1574.54805848,51.3149,0.0068,-0.025,0.011,10.1603,82,0.1415,0.0022,-4.6917,0.0391,0.1847,0.0031,0.4994,0.0055,
1597.47834342,51.3063,0.0086,-0.013,0.013,10.1328,61,0.1431,0.0030,-4.6326,0.0483,0.1712,0.0046,0.5005,0.0074,
1617.47697353,51.3056,0.0062,-0.022,0.010,10.1409,93,0.1354,0.0019,-4.5700,0.0482,0.1773,0.0028,0.5070,0.0048,
1674.93453293,51.3783,0.0075,-0.025,0.011,10.0186,71,0.1312,0.0024,-4.7272,0.0608,0.1862,0.0038,0.5134,0.0060,
1676.93586168,51.3733,0.0087,-0.048,0.013,9.9677,59,0.1390,0.0032,-4.6440,0.0566,0.1904,0.0051,0.5115,0.0076,
1718.84166145,51.3502,0.0062,-0.018,0.010,10.0267,91,0.1362,0.0020,-4.6830,0.0346,0.2024,0.0030,0.5057,0.0051,
1722.85657508,51.3357,0.0061,-0.029,0.010,10.0151,94,0.1450,0.0021,-4.6067,0.0246,0.1899,0.0030,0.4967,0.0048,
1723.87675972,51.3533,0.0066,-0.035,0.010,10.0086,85,0.1394,0.0022,-4.6187,0.0290,0.2095,0.0034,0.5060,0.0054,
1724.89283013,51.3512,0.0072,-0.023,0.011,10.0126,76,0.1385,0.0024,-4.5978,0.0298,0.1991,0.0037,0.4994,0.0061,
1725.85732443,51.3523,0.0070,-0.026,0.011,10.0140,77,0.1332,0.0023,-4.5306,0.0281,0.1999,0.0035,0.5056,0.0058,
1784.84308988,51.3200,0.0066,-0.014,0.011,9.9842,83,0.1262,0.0021,-4.6930,0.0291,0.1838,0.0032,0.5004,0.0053,
1793.78206387,51.3171,0.0057,-0.017,0.009,10.0122,103,0.1311,0.0017,-4.6046,0.0219,0.1887,0.0025,0.5059,0.0043,
1800.70371165,51.3282,0.0069,0.002,0.011,10.0512,80,0.1361,0.0023,-4.6515,0.0289,0.1813,0.0034,0.5125,0.0058,
1802.71106430,51.3217,0.0063,-0.013,0.010,9.9732,89,0.1281,0.0018,-4.7028,0.0376,0.1800,0.0028,0.5017,0.0048,
1805.73619653,51.3148,0.0057,-0.005,0.009,10.0003,102,0.1349,0.0017,-4.6241,0.0249,0.1847,0.0025,0.5060,0.0044,
1912.53943145,51.3314,0.0070,-0.015,0.011,10.2001,79,0.1375,0.0023,-4.6775,0.0315,0.1976,0.0035,0.5020,0.0059
1479.75545134023,51,310.503,0.009,9088.42,12.85,-40.45,12.72,0.2397,0.0038,
1489.74439708004,51,318.693,0.022,9006.89,12.74,13.24,31.27,0.2398,0.0068,
1496.593841759954,51,311.109,0.012,9055.17,12.81,-44.33,16.77,0.2341,0.0045,
1503.72372861998,51,325.855,0.011,9110.66,12.88,-72.14,15.29,0.2358,0.0041,
1505.67841371009,51,312.657,0.008,9104.72,12.88,-22.37,11.33,0.2356,0.0035,
1526.5760778198,51,332.347,0.015,9173.53,12.97,-47.52,21.63,0.2270,0.0050,
1534.58861656999,51,315.643,0.014,9091.04,12.86,-94.11,19.42,0.2294,0.0049,
1538.639787740074,51,335.519,0.009,9098.83,12.87,-49.80,12.03,0.2261,0.0035,
1544.60949906986,51,343.382,0.008,9082.49,12.84,-66.87,11.31,0.2337,0.0034,
1563.598259389866,51,340.052,0.009,9098.37,12.87,-55.33,12.79,0.2343,0.0037,
1572.54610658996,51,321.501,0.014,9144.88,12.93,-69.62,19.26,0.2394,0.0049,
1622.46025983011,51,313.385,0.020,9159.30,12.95,-37.24,27.81,0.2236,0.0058,
1623.46099031018,51,319.046,0.060,9304.44,13.16,-149.08,84.31,0.2113,0.0134,
1709.894646670204,51,345.850,0.017,9101.04,12.87,-103.87,24.21,0.2419,0.0059,
1744.779055220075,51,326.377,0.013,9150.97,12.94,-61.98,17.69,0.2552,0.0047,
1762.736076259986,51,324.292,0.023,9144.08,12.93,-116.84,32.75,0.2499,0.0070,
1818.58744085999,51,295.316,0.024,9150.28,12.94,-44.14,33.62,0.2352,0.0068,
1819.59875601018,51,325.253,0.024,9186.31,12.99,-42.85,33.45,0.2201,0.0067
1553.54058,6.0,7.6,14.1,27.4,12.090,0.304,
1563.54900,-9.1,7.5,72.0,29.0,12.088,0.302,
1578.55488,-18.7,6.0,4.0,36.5,12.033,0.293,
1723.90308,-1.8,10.6,32.5,23.4,12.254,0.309,
1724.89900,0.0,10.8,-14.1,22.8,12.219,0.305,
1730.93316,18.4,39.1,-135.7,98.1,12.188,0.285,
1739.87310,-2.2,11.3,-76.0,39.2,12.248,0.306,
1741.91746,21.4,13.6,2.7,42.8,12.205,0.297,
1814.73821,14.1,8.6,-39.6,31.2,12.135,0.302,
1828.71190,-26.4,11.3,-12.0,35.0,12.025,0.309,
1867.57241,-25.9,22.7,-74.5,55.4,12.116,0.290,
2173.80175,18.7,7.3,-12.5,35.1,12.134,0.302,
2173.80890,41.6,11.7,5.0,25.2,12.115,0.307,
2173.81606,53.4,11.3,128.5,43.5,12.163,0.308,
2179.73480,-3.1,12.3,26.9,35.4,12.139,0.309,
2179.74196,29.2,11.1,40.8,32.7,12.105,0.314,
2179.74911,4.0,11.8,5.9,39.6,12.081,0.300,
2181.72309,-11.2,12.5,-19.6,38.7,12.164,0.312,
2181.73025,-4.5,11.3,3.8,43.9,12.130,0.311,
2181.73740,21.5,12.4,8.0,42.3,12.137,0.307,
2184.73563,-6.7,12.1,-99.8,40.0,12.108,0.298,
2184.74278,20.4,10.0,3.7,39.9,12.094,0.302,
2184.74992,-6.9,12.3,-90.0,42.2,12.172,0.300,
2196.68466,34.3,11.2,-9.6,50.2,12.096,0.315,
2196.69181,-6.3,12.8,-9.9,36.7,12.116,0.305,
2196.69895,-2.6,12.7,-41.2,32.7,12.101,0.307,