2125.664739,10.7,1.84,-12.99,2.559,7.277,48.411,-4.7656,0.0105,4.747,14.819,15.794,3.639
2126.618253,5.06,1.67,-11.391,2.08,7.266,48.511,-4.7681,0.0084,2.654,13.866,7.393,2.634
2127.719329,2.24,1.28,-10.508,1.711,7.267,48.597,-4.7574,0.0122,6.085,10.514,-8.641,2.77
2130.73596,-5.98,2.54,-22.531,4.878,7.26,48.304,-4.8279,0.0149,5.319,20.869,18.585,6.192
2133.711696,-7.68,1.35,-15.256,2.305,7.254,48.632,-4.7963,0.0088,8.868,10.824,-11.958,3.119
2134.756264,-8.96,1.86,-18.148,2.451,7.257,48.622,-4.7663,0.0117,3.603,15.075,-10.429,3.526
2149.682376,5.25,1.5,-11.46,2.096,7.24,48.723,-4.785,0.0071,-7.997,12.821,-4.596,2.747
2150.688883,9.76,1.2,-11.969,1.788,7.244,48.698,-4.7903,0.0061,-16.119,9.969,-0.516,1.78
2151.723635,10.56,1.58,-11.029,2.38,7.246,48.671,-4.7727,0.0097,0.421,12.7,1.356,3.282
2156.742015,-6.31,1.12,-19.71,1.724,7.266,48.596,-4.7887,0.0073,-7.344,9.163,-5.44,2.048
2158.686506,-5.64,1.54,-12.062,2.384,7.221,48.765,-4.7668,0.0326,-7.901,12.921,-12.779,3.158
2160.659656,-7.27,1.24,-17.6,1.771,7.226,48.806,-4.7938,0.0056,9.02,10.47,-13.702,2.157
2172.605447,9.48,1.65,-11.241,2.006,7.267,48.546,-4.794,0.0054,1.762,13.263,0.551,3.3
2188.596847,3.8,1.3,-14.871,1.96,7.272,48.48,-4.7884,0.0151,10.722,10.837,11.812,2.93
2189.64318,-2.69,1.02,-12.606,1.601,7.273,48.569,-4.7596,0.0173,5.66,8.758,0.28,1.761
2190.610672,-1.96,1.41,-15.521,1.949,7.262,48.616,-4.7659,0.0222,3.008,12.432,-5.422,2.553
2191.782237,1.06,1.07,-17.256,1.394,7.264,48.64,-4.771,0.0185,6.011,8.591,-11.408,1.747
2204.493933,-7.09,1.35,-20.915,2.192,7.229,48.741,-4.7981,0.0049,5.84,11.869,-2.912,2.467
2204.673882,-5.85,1.12,-20.256,1.545,7.223,48.788,-4.7929,0.0047,9.047,9.829,-11.423,1.735
2205.499679,-1.43,1.02,-14.768,1.408,7.224,48.78,-4.7944,0.0066,13.736,8.672,-8.102,2.041
2205.685433,-2.5,1.17,-10.185,1.919,7.226,48.75,-4.7814,0.0096,6.871,9.888,-8.062,2.571
2206.4971,-0.27,1.08,-19.432,1.585,7.223,48.743,-4.8021,0.0079,-9.944,9.4,-4.913,2.244
2206.679276,-4.27,2.53,-8.329,4.476,7.236,48.531,-4.8129,0.0078,-29.964,20.502,3.099,4.807
2212.534392,1.0,1.29,-16.177,2.127,7.271,48.518,-4.824,0.0309,-11.427,10.351,3.176,3.029
2215.622998,15.87,1.01,-20.647,1.54,7.273,48.514,-4.7824,0.0079,-3.803,8.19,6.178,2.435
2248.433766,-1.07,1.01,-27.121,1.326,7.217,48.844,-4.82,0.0142,-14.392,8.621,-18.587,1.964
2248.444309,-0.28,1.06,-23.395,1.285,7.219,48.846,-4.8332,0.0133,4.076,9.451,-19.282,1.514
2265.415755,2.88,1.93,-1.549,2.569,7.231,48.685,-4.826,0.0123,21.158,15.537,-1.462,3.367
2265.42869,2.53,1.63,-21.879,2.93,7.229,48.657,-4.8417,0.033,6.113,13.459,-2.513,3.663
2265.560543,2.91,2.07,-6.222,3.436,7.234,48.634,-4.8317,0.0337,-1.784,16.663,-1.651,4.335
2265.57402,3.21,2.01,-7.527,3.0,7.236,48.693,-4.8179,0.0259,-5.787,15.995,-3.218,4.034
2268.426272,-0.98,0.77,-16.31,1.206,7.227,48.803,-4.8096,0.0119,-10.589,6.668,-12.481,1.832
2268.438999,-0.13,0.83,-14.652,1.18,7.231,48.795,-4.8162,0.0118,-11.144,7.11,-13.971,1.68
2268.505815,0.17,1.14,-12.733,1.455,7.227,48.799,-4.8228,0.0172,2.831,9.839,-14.944,1.93
2268.519837,-0.18,1.06,-14.503,1.857,7.232,48.759,-4.8353,0.0102,0.231,8.992,-9.382,2.118
2275.338169,4.42,0.93,-9.129,1.361,7.282,48.475,-4.8152,0.0121,-16.989,7.845,42.678,2.134
2276.48642,-1.04,1.25,-11.031,1.735,7.269,48.524,-4.7992,0.0107,-23.013,10.447,5.285,2.225
2277.409061,-0.89,1.15,-11.649,1.486,7.265,48.585,-4.8085,0.0118,-26.776,9.186,-2.286,2.006
2278.43132,-3.63,1.33,-14.517,1.629,7.268,48.589,-4.7943,0.0117,-19.579,11.132,-3.436,1.95
2287.3862,0.35,1.44,-18.127,2.659,7.248,48.629,-4.8129,0.0103,-6.68,11.78,-5.117,3.686
2289.40115,-3.2,1.31,-16.69,1.773,7.255,48.632,-4.8181,0.0101,-15.986,10.631,-11.952,2.457
2290.341493,1.41,1.08,-20.809,1.347,7.259,48.672,-4.8113,0.0132,-13.846,8.778,19.952,1.925
2294.435475,11.65,1.34,-19.321,1.759,7.282,48.512,-4.7985,0.0179,-21.659,10.892,3.553,2.2
2297.388529,4.62,1.11,-12.736,1.367,7.277,48.519,-4.7866,0.0161,-21.198,8.954,6.262,2.071
2298.383859,7.51,1.46,-13.666,1.986,7.272,48.512,-4.847,0.0223,-29.481,11.714,5.659,2.732
2299.452091,1.09,1.98,-16.992,3.415,7.275,48.391,-4.8706,0.0307,-11.599,16.296,17.651,4.4
2303.371341,-0.39,1.37,-16.247,2.125,7.261,48.583,-4.8367,0.0441,-6.505,10.725,-7.953,3.33
2304.382026,-7.29,1.8,-25.52,2.417,7.266,48.606,-4.815,0.0165,-16.113,14.563,-6.493,3.38
2307.349721,-2.59,1.15,-18.116,1.685,7.256,48.595,-4.8167,0.0182,-8.408,9.098,24.798,2.865
2309.358376,-0.15,1.3,-16.503,1.663,7.219,48.808,-4.8179,0.0091,2.781,10.239,-12.948,2.071
2309.371202,-4.7,1.29,-14.803,1.615,7.221,48.788,-4.8248,0.0104,-3.381,10.303,-16.168,2.449
2310.348335,2.24,2.7,-17.647,4.171,7.218,48.549,-4.8028,0.01,-21.734,20.574,38.414,5.807
2310.388924,-0.26,1.01,-18.428,1.663,7.226,48.777,-4.8568,0.0167,-18.036,7.356,-11.074,2.285
2322.354105,-4.91,2.04,-6.607,2.953,7.252,48.389,-4.8559,0.0308,10.087,17.174,44.35,3.227
2323.352913,-1.43,1.26,-20.516,1.744,7.258,48.563,-4.7567,0.0136,2.532,10.796,27.362,2.544
2324.363167,-1.08,1.52,-14.854,2.11,7.247,48.657,-4.7616,0.0102,7.458,12.643,-20.307,3.142
2469.724254,-9.49,1.48,-27.555,2.283,7.219,48.807,-4.7641,0.0077,21.531,12.308,-17.313,2.829
2469.735454,-11.03,1.32,-16.553,2.147,7.22,48.824,-4.8477,0.0423,-3.082,11.466,-19.027,3.0
2469.745825,-9.52,1.4,-17.314,2.067,7.221,48.815,-4.8086,0.0134,26.204,11.819,-14.525,2.95
2470.700788,-5.58,2.52,-24.563,3.877,7.22,48.715,-4.808,0.0151,15.515,20.619,-17.841,4.693
2470.722284,-7.18,2.48,-12.336,4.005,7.224,48.735,-4.7924,0.0085,-22.477,20.357,-18.624,5.05
2470.741717,-10.08,2.04,-14.927,3.423,7.213,48.738,-4.7746,0.0102,-17.234,16.714,-9.654,3.832
2471.706179,-4.7,1.49,-24.021,2.049,7.215,48.854,-4.7648,0.0101,-1.31,12.23,-21.572,2.816
2471.71689,-4.41,1.34,-19.861,2.018,7.218,48.829,-4.7567,0.0072,5.007,11.085,-17.867,2.701
2548.691205,-2.68,1.2,-20.396,2.187,7.201,48.946,-4.7777,0.0104,8.304,10.706,-32.646,2.794
2548.715527,-2.12,1.05,-23.792,1.561,7.209,48.93,-4.7743,0.0061,-14.167,9.375,-28.177,2.083
2549.68441,-2.72,1.39,-19.188,1.844,7.21,48.891,-4.7593,0.0109,6.16,12.284,-23.636,2.341
2549.694997,-2.85,1.28,-17.059,1.745,7.209,48.896,-4.7545,0.0065,12.199,11.302,-20.913,2.058
2571.606297,-10.24,1.31,-21.194,1.797,7.205,48.898,-4.7508,0.0055,8.551,12.454,-25.188,2.151
2571.617012,-8.73,1.46,-20.827,1.819,7.202,48.9,-4.7545,0.0081,9.234,13.847,-25.299,2.076
2572.618783 -9.92 1.1 -16.587 1.654 7.203 48.926 -4.7687 0.0063 0.712 10.598 -26.164 2.053
2573.609105 -8.63 1.05 -16.946 1.609 7.205 48.935 -4.7727 0.0073 -2.969 10.216 -30.159 2.145
2573.620272 -10.03 1.42 -19.354 1.91 7.196 48.96 -4.7861 0.0167 -4.553 13.573 -35.489 2.397
2574.616426 -9.14 1.21 -24.856 1.892 7.206 48.922 -4.7958 0.009 2.954 11.396 -32.579 2.343
2574.626909 -5.63 1.22 -20.424 1.761 7.203 48.981 -4.7911 0.0057 6.312 11.505 -36.546 2.263
2593.541588 -12.46 1.45 -21.182 2.575 7.195 48.881 -4.7512 0.0078 23.799 13.114 -28.16 3.367
2594.558159 -13.36 2.09 -25.055 3.025 7.201 48.767 -4.7486 0.0054 12.099 18.98 -16.529 3.449
2608.642185 -2.63 2.25 -16.671 4.002 7.202 48.897 -4.7303 0.0093 10.776 20.233 -28.475 4.352
2609.541599 -6.15 1.3 -12.365 2.229 7.189 48.99 -4.7497 0.0215 8.681 11.756 -36.94 2.724
2609.60981 -2.56 1.92 -14.308 2.344 7.203 48.998 -4.7685 0.0109 5.883 17.278 -34.373 3.209
2610.443516 -4.76 1.31 -16.717 1.539 7.202 49.008 -4.8084 0.0151 32.462 12.065 -34.381 1.831
2610.564053 -9.59 1.17 -16.357 1.646 7.202 49.018 -4.8002 0.0084 29.505 10.587 -36.771 2.288
2664.36496 -8.65 1.36 -15.026 1.651 7.209 48.987 -4.8028 0.021 15.094 12.691 -31.371 2.305
2676.357574 -13.89 1.5 -21.413 2.078 7.191 49.086 -4.7978 0.0091 11.69 14.028 -45.617 2.586
2677.355196 -13.72 1.74 -19.361 3.014 7.195 49.0 -4.8078 0.0122 -13.236 16.024 -5.524 3.676