2458887.037868,-65.7,8.1,Levy,
2458895.027687,-71.6,6.5,Levy,
2458899.012701,-35.9,5.6,Levy,
2458922.023014,-8.4,6.4,Levy,
2458955.028682,39.1,4.4,Levy,
2458961.908021,41.6,6.6,Levy,
2458964.893612,48.0,5.0,Levy,
2458966.898471,31.0,9.0,Levy,
2458970.887634,38.8,6.5,Levy,
2458973.892349,47.6,5.1,Levy,
2458991.906717,10.7,8.9,Levy,
2459030.819021,-42.9,5.4,Levy,
2459040.997378,-22.5,4.5,Levy,
2459064.767218,-6.9,4.7,Levy,
2459068.806213,-0.4,4.4,Levy,
2459182.597717,-38.5,5.6,Levy,
2459185.604636,-26.5,5.0,Levy,
2459188.603420,-34.3,4.6,Levy,
2459194.590484,-25.0,6.9,Levy,
2459203.597023,-12.1,5.9,Levy,
2459222.590712,0.7,5.9,Levy,
2459225.067097,46.2,8.8,Levy,
2459228.601064,30.8,7.6,Levy,
2459235.060004,25.8,6.1,Levy,
2459262.996513,45.1,9.2,Levy,
2459274.930264,22.9,6.7,Levy,
2459287.907247,-33.7,6.3,Levy,
2459295.883380,-40.4,6.7,Levy,
2459301.842307,-47.0,6.3,Levy,
2459307.004259,-55.4,4.3,Levy,
2459315.878742,-28.7,4.7,Levy,
2459319.949170,-36.2,4.0,Levy,
2459322.978069,-34.2,4.4,Levy,
2459326.986152,-33.7,5.4,Levy,
2459333.953995,-27.9,4.7,Levy,
2459336.970295,-14.1,5.7,Levy,
2459339.999687,-20.1,4.5,Levy,
2459344.872338,9.5,5.1,Levy,
2459347.947959,0.7,4.3,Levy,
2459351.983896,-3.0,5.6,Levy,
2459356.940402,19.2,4.8,Levy,
2459361.893688,22.2,4.4,Levy,
2459364.922348,23.0,4.9,Levy,
2459368.925800,9.8,5.0,Levy,
2459372.940835,46.4,7.7,Levy,
2459381.765521,26.3,5.5,Levy,
2459385.822790,45.6,4.4,Levy,
2459388.885495,46.5,6.5,Levy,
2459392.788945,35.9,5.0,Levy,
2459395.795554,51.9,4.3,Levy,
2459398.811073,60.4,4.5,Levy,
2459401.841438,37.1,4.6,Levy,
2459404.841232,40.2,4.8,Levy,
2459407.851764,23.1,4.1,Levy,
2459409.840484,26.1,4.3,Levy,
2459410.773285,24.0,4.4,Levy,
2459412.737338,28.5,4.4,Levy,
2459415.750915,16.4,4.8,Levy,
2459419.751557,-11.5,4.6,Levy,
2459424.700659,-8.0,5.0,Levy,
2459427.744671,-19.6,4.7,Levy,
2459434.772695,-23.3,4.4,Levy,
2459438.778047,-59.5,4.6,Levy,
2459452.747840,-47.4,4.5,Levy,
2459464.768780,-32.5,5.1,Levy,
2459464.768780,-32.5,5.1,Levy,
2459489.826089,-9.1,4.8,Levy,
2459522.781338,44.9,6.1,Levy,
2459586.597180,-35.6,5.6,Levy,
2459607.020932,-38.8,6.4,Levy,
2459039.4716,-15,360.0,3.0,SOPHIE,
2459113.4148,-15,277.0,3.0,SOPHIE,
2459133.4087,-15,305.0,6.0,SOPHIE,
2459394.5368,-15,278.0,4.0,SOPHIE,
2459419.5450,-15,304.0,5.0,SOPHIE,
2459445.4901,-15,378.0,3.0,SOPHIE,
2459469.4911,-15,340.0,3.0,SOPHIE,
2459477.4045,-15,323.0,7.0,SOPHIE,
2459483.4480,-15,324.0,5.0,SOPHIE,
2459501.3575,-15,312.0,3.0,SOPHIE,
2459548.2221,-15,276.0,5.0,SOPHIE,
2459553.2376,-15,298.0,4.0,SOPHIE,
2459559.2231,-15,299.0,3.0,SOPHIE,
2459567.2305,-15,330.0,3.0,SOPHIE,
2459571.2387,-15,348.0,3.0,SOPHIE,
2459631.7057,-15,312.0,3.0,SOPHIE,
2459662.6759,-15,259.0,4.0,SOPHIE,
2459731.5828,-15,359.0,3.0,SOPHIE,
2459750.5120,-15,352.0,3.0,SOPHIE,
2459773.5751,-15,290.0,3.0,SOPHIE,
2459786.6144,-15,290.0,4.0,SOPHIE,
2459805.5426,-15,267.0,9.0,SOPHIE,
2459811.3339,-15,241.0,4.0,SOPHIE,
2459828.3791,-15,264.0,3.0,SOPHIE,
2459191.579631,8750.7,12.1,Tull,
2459192.588106,8747.0,10.8,Tull,
2459275.950854,8817.7,13.3,Tull,
2459276.970138,8798.1,10.6,Tull,
2459277.969833,8777.6,10.0,Tull,
2459293.930022,8740.0,10.4,Tull,
2459294.957330,8737.9,11.5,Tull,
2459301.941670,8729.9,13.7,Tull,
2459339.884675,8763.0,11.0,Tull,
2459340.824938,8757.6,10.4,Tull,
2459355.874441,8794.3,11.6,Tull,
2459383.844963,8823.0,11.2,Tull,
2459384.820734,8811.8,10.0,Tull,
2459411.737865,8795.2,9.6,Tull,
2459413.773637,8798.0,9.0,Tull,
2459878.627818,8753.2,11.6,Tull,