59676.374669,-9436.749,3.688,-14.4120,5.2150,-4.4580,0.0070,0.1470,0.0009,11.3580,0.0070,3.4831,0.0092
59677.372555,-9428.568,3.618,15.6650,5.1160,-4.4530,0.0070,0.1507,0.0009,11.3210,0.0070,3.4841,0.0090
59702.385423,-9467.699,3.051,13.2630,4.3140,-4.4520,0.0050,0.1504,0.0008,11.4100,0.0060,3.5042,0.0076
59703.553207,-9471.295,3.472,41.1910,4.9110,-4.4570,0.0070,0.1490,0.0007,11.2460,0.0070,3.4825,0.0086
59705.373109,-9463.901,4.131,24.7660,5.8420,-4.4190,0.0080,0.1450,0.0008,11.3510,0.0080,3.4960,0.0103
59706.372954,-9455.784,3.975,24.6000,5.6220,-4.4510,0.0090,0.1469,0.0009,11.3210,0.0080,3.4886,0.0099
59707.374697,-9379.818,5.243,-51.3350,7.4150,-4.4120,0.0120,0.1509,0.0012,11.3120,0.0100,3.4982,0.0130
59712.473097,-9438.933,3.766,20.4200,5.3260,-4.4090,0.0070,0.1476,0.0008,11.3740,0.0080,3.4978,0.0094
59713.495380,-9458.000,4.925,24.8630,6.9650,-4.4360,0.0110,0.1482,0.0009,11.3800,0.0100,3.4963,0.0123
59714.448086,-9438.044,2.782,24.2950,3.9350,-4.4020,0.0040,0.1522,0.0006,11.2990,0.0060,3.4860,0.0069
59715.441437,-9386.517,3.675,-74.9850,5.1970,-4.4070,0.0070,0.1527,0.0010,11.4020,0.0070,3.5019,0.0092
59716.478278,-9483.967,2.596,109.7720,3.6720,-4.4100,0.0040,0.1521,0.0006,11.3560,0.0050,3.5049,0.0065
59717.443413,-9452.014,2.211,1.4570,3.1270,-4.4150,0.0030,0.1505,0.0006,11.4290,0.0040,3.5058,0.0055
59718.436636,-9421.868,2.526,-10.2790,3.5730,-4.4240,0.0040,0.1488,0.0006,11.2790,0.0050,3.4967,0.0063
59720.417099,-9433.481,2.402,16.8560,3.3970,-4.4550,0.0040,0.1500,0.0006,11.3980,0.0050,3.4875,0.0060
59733.408825,-9427.904,2.483,-22.1600,3.5120,-4.4130,0.0040,0.1516,0.0007,11.4030,0.0050,3.5013,0.0062
59738.391991,-9475.149,4.823,83.7550,6.8210,-4.4210,0.0100,0.1525,0.0010,11.4760,0.0100,3.5248,0.0122
59739.392243,-9445.063,3.691,28.1000,5.2200,-4.4290,0.0070,0.1488,0.0009,11.3070,0.0070,3.4984,0.0092
59747.407301,-9417.649,3.388,-52.8590,4.7920,-4.4220,0.0060,0.1475,0.0006,11.3410,0.0070,3.5096,0.0084
59748.407073,-9444.416,4.088,37.0600,5.7810,-4.4150,0.0080,0.1501,0.0008,11.3880,0.0080,3.5195,0.0102
59750.390450,-9452.374,4.060,31.7640,5.7410,-4.4090,0.0070,0.1491,0.0008,11.3320,0.0080,3.4964,0.0101
59751.389483,-9385.540,2.308,-21.9980,3.2640,-4.4130,0.0030,0.1498,0.0006,11.3100,0.0050,3.4968,0.0057
59752.390090,-9390.327,2.437,-31.3050,3.4460,-4.4160,0.0040,0.1506,0.0007,11.4280,0.0050,3.5096,0.0061
59890.766253,-9416.953,2.583,30.6290,3.6530,-4.4090,0.0040,0.1533,0.0007,11.2490,0.0050,3.4943,0.0064
59892.751126,-9483.696,4.228,61.7300,5.9790,-4.4030,0.0080,0.1521,0.0008,11.3600,0.0080,3.5173,0.0106
59893.753297,-9455.146,2.869,1.7970,4.0570,-4.3990,0.0050,0.1516,0.0006,11.3960,0.0060,3.5092,0.0072
59894.749288,-9442.769,3.457,-15.6790,4.8890,-4.4090,0.0060,0.1523,0.0009,11.3400,0.0070,3.5054,0.0086
59895.698805,-9437.580,2.691,-1.9390,3.8060,-4.4080,0.0040,0.1500,0.0007,11.3720,0.0050,3.5117,0.0067
59913.732055,-9434.258,3.052,19.7700,4.3160,-4.4060,0.0050,0.1512,0.0007,11.4420,0.0060,3.5172,0.0077
59914.731241,-9470.368,3.131,5.4410,4.4280,-4.4260,0.0050,0.1516,0.0007,11.2950,0.0060,3.5021,0.0078
59932.728797,-9389.689,4.705,-1.7750,6.6540,-4.3910,0.0100,0.1567,0.0011,11.5020,0.0090,3.5500,0.0119
59934.766342,-9391.128,2.487,-85.3810,3.5180,-4.4230,0.0040,0.1517,0.0008,11.2430,0.0050,3.4910,0.0062
59935.765169,-9462.468,2.718,60.2250,3.8440,-4.4170,0.0040,0.1510,0.0007,11.4780,0.0050,3.5197,0.0068
59936.785028,-9475.100,2.712,22.3970,3.8350,-4.4240,0.0050,0.1512,0.0008,11.3460,0.0050,3.4945,0.0068
59938.611126,-9419.123,4.549,12.5200,6.4330,-4.4470,0.0110,0.1500,0.0010,11.2810,0.0090,3.5015,0.0113
59945.751658,-9437.065,3.491,7.7590,4.9370,-4.4330,0.0070,0.1487,0.0009,11.2910,0.0070,3.4872,0.0087
59950.713971,-9452.987,2.874,50.8650,4.0640,-4.3950,0.0050,0.1528,0.0006,11.3520,0.0060,3.4926,0.0072
59951.765355,-9429.506,2.704,24.7440,3.8240,-4.4190,0.0040,0.1495,0.0007,11.4080,0.0050,3.4886,0.0068
59952.730796,-9436.725,3.415,39.2400,4.8290,-4.4320,0.0070,0.1509,0.0009,11.3160,0.0070,3.4787,0.0085
59959.709922,-9457.784,3.636,27.0510,5.1420,-4.4150,0.0070,0.1491,0.0007,11.3540,0.0070,3.4929,0.0091
59960.681094,-9401.700,3.611,-27.3260,5.1070,-4.4100,0.0070,0.1534,0.0008,11.2890,0.0070,3.4988,0.0090
59962.689501,-9449.896,2.857,53.2630,4.0400,-4.4040,0.0050,0.1518,0.0007,11.4150,0.0060,3.5204,0.0072
59972.681327,-9433.086,3.905,13.1660,5.5220,-4.4400,0.0080,0.1482,0.0009,11.3590,0.0080,3.4929,0.0097
59973.716302,-9444.202,4.965,40.9390,7.0210,-4.4350,0.0110,0.1479,0.0010,11.3110,0.0100,3.4874,0.0123
59994.588120,-9411.456,3.588,-23.5480,5.0750,-4.3980,0.0060,0.1522,0.0008,11.4330,0.0070,3.5187,0.0090
59996.617987,-9404.057,4.490,-38.5610,6.3500,-4.4180,0.0090,0.1516,0.0010,11.3840,0.0090,3.4984,0.0112
59998.655939,-9408.406,3.219,-17.8210,4.5520,-4.3890,0.0050,0.1538,0.0007,11.3710,0.0060,3.5135,0.0080
60002.694914,-9495.983,3.598,91.7920,5.0890,-4.4040,0.0070,0.1527,0.0009,11.3900,0.0070,3.5068,0.0090
60005.530981,-9423.235,2.583,30.0370,3.6530,-4.4100,0.0040,0.1478,0.0006,11.3590,0.0050,3.5035,0.0064
60007.528917,-9409.435,2.521,5.1670,3.5650,-4.3920,0.0040,0.1546,0.0007,11.4310,0.0050,3.5235,0.0063
60012.695861,-9435.281,2.781,9.4380,3.9320,-4.4100,0.0050,0.1508,0.0006,11.4200,0.0060,3.5257,0.0070
60015.624255,-9400.113,4.817,14.9830,6.8130,-4.3750,0.0090,0.1544,0.0010,11.3730,0.0100,3.5321,0.0120
60017.662253,-9473.924,3.784,54.0050,5.3510,-4.4030,0.0070,0.1518,0.0008,11.3070,0.0080,3.4965,0.0094
60019.553248,-9402.302,4.680,-54.4570,6.6180,-4.4100,0.0100,0.1511,0.0009,11.3690,0.0090,3.5115,0.0117
60021.501377,-9423.307,4.823,-17.9710,6.8200,-4.4280,0.0110,0.1513,0.0011,11.3970,0.0100,3.5178,0.0121
60022.559874,-9422.929,2.780,2.8480,3.9310,-4.3980,0.0040,0.1502,0.0006,11.3290,0.0060,3.5158,0.0069
60029.356888,-9416.746,4.672,-17.5512,6.6083,-4.4250,0.0124,0.1556,0.0010,11.3660,0.0092,3.5133,0.0117
60029.371419,-9415.119,3.774,2.9570,5.3372,-4.4250,0.0092,0.1548,0.0008,11.3800,0.0078,3.5172,0.0094
60029.385776,-9415.415,4.074,21.0334,5.7620,-4.4246,0.0098,0.1590,0.0010,11.3942,0.0081,3.5186,0.0102
60029.400317,-9417.796,4.042,-5.7524,5.7162,-4.4361,0.0102,0.1553,0.0009,11.3783,0.0081,3.5183,0.0101
60030.521868,-9402.976,2.691,-47.6750,3.8060,-4.4030,0.0040,0.1556,0.0008,11.3820,0.0050,3.5179,0.0067
60031.474317,-9489.088,3.004,69.1460,4.2480,-4.3970,0.0050,0.1527,0.0008,11.4540,0.0060,3.5165,0.0076
60033.546217,-9432.985,3.890,8.5200,5.5010,-4.4070,0.0080,0.1516,0.0009,11.3260,0.0080,3.4872,0.0097
60034.474683,-9429.254,4.033,-7.1260,5.7040,-4.4160,0.0080,0.1497,0.0009,11.4030,0.0080,3.4985,0.0101
60040.472768,-9466.863,2.704,7.5780,3.8240,-4.4220,0.0040,0.1503,0.0007,11.2790,0.0050,3.4740,0.0067
60041.445576,-9420.352,3.335,-49.2820,4.7170,-4.4130,0.0060,0.1497,0.0008,11.3800,0.0070,3.4892,0.0083
60042.562771,-9432.243,3.685,11.0410,5.2110,-4.3930,0.0060,0.1516,0.0007,11.3380,0.0070,3.4963,0.0092
60046.447495,-9493.068,3.674,99.3700,5.1960,-4.4180,0.0070,0.1540,0.0009,11.4480,0.0070,3.5191,0.0092
60047.457308,-9471.692,4.375,45.8940,6.1870,-4.4290,0.0100,0.1503,0.0010,11.2420,0.0090,3.4766,0.0108
60049.437294,-9432.135,3.272,49.7770,4.6270,-4.4160,0.0060,0.1504,0.0009,11.3760,0.0070,3.4942,0.0082
60050.498999,-9385.553,3.164,-48.9310,4.4740,-4.3890,0.0050,0.1530,0.0007,11.4040,0.0060,3.5170,0.0079
60059.367681,-9410.135,2.910,13.5700,4.1160,-4.3790,0.0050,0.1553,0.0007,11.4040,0.0060,3.5135,0.0073
60066.458153,-9416.935,3.500,0.8200,4.9500,-4.4050,0.0060,0.1514,0.0007,11.4150,0.0070,3.5101,0.0088
60068.402028,-9421.128,3.354,19.6330,4.7430,-4.3980,0.0060,0.1517,0.0008,11.5090,0.0070,3.5329,0.0085
60070.390592,-9384.790,3.041,-26.6978,4.3007,-4.4165,0.0053,0.1502,0.0007,11.2566,0.0061,3.4875,0.0075
60074.468976,-9447.024,5.864,28.8276,8.2930,-4.4411,0.0155,0.1548,0.0012,11.2856,0.0117,3.5092,0.0146
60095.385857,-9416.224,2.391,-17.0522,3.3813,-4.4072,0.0037,0.1504,0.0006,11.4293,0.0048,3.5111,0.0060
60097.401482,-9426.292,3.275,11.9365,4.6313,-4.4025,0.0061,0.1508,0.0008,11.4596,0.0065,3.5329,0.0082
60103.385141,-9435.153,3.960,63.8161,5.6000,-4.4178,0.0082,0.1532,0.0009,11.2935,0.0079,3.5071,0.0098
60104.382659,-9386.407,2.552,-27.1799,3.6089,-4.3954,0.0040,0.1530,0.0007,11.4538,0.0051,3.5249,0.0064
60106.392558,-9444.997,3.502,0.0182,4.9530,-4.4138,0.0070,0.1528,0.0009,11.3846,0.0070,3.5317,0.0088
60108.386839,-9481.596,3.828,86.4652,5.4135,-4.4007,0.0076,0.1528,0.0008,11.4167,0.0077,3.5161,0.0096
60109.376320,-9375.538,3.264,-79.2401,4.6160,-4.4078,0.0059,0.1493,0.0007,11.3252,0.0065,3.4960,0.0081
60112.385504,-9446.977,2.671,66.8345,3.7776,-4.3937,0.0043,0.1507,0.0006,11.4272,0.0053,3.5283,0.0067
60114.410339,-9414.833,3.006,-6.6044,4.2507,-4.3856,0.0049,0.1536,0.0006,11.4277,0.0060,3.5280,0.0075
60115.406609,-9466.711,2.687,47.7566,3.7996,-4.3874,0.0040,0.1515,0.0005,11.4428,0.0054,3.5148,0.0068