2458912.730428,2023.5,10.1,-48,15,9.9507,49,0.1554,0.004,-4.4426,0.0641,0.2966,0.0073,0.5121,0.0097,
2458917.7301462,1774.9,11.7,-39,17,9.9237,41,0.1346,0.0043,-5.4889,0.6482,0.3188,0.0086,0.5219,0.011,
2458925.5538544,1992.5,26.5,75,34,10.0707,17,0.2872,0.023,-4.1016,0.0692,0.5544,0.0441,0.6636,0.0436,
2458925.5970903,1869.9,11.3,-66,16,9.9409,42,0.1503,0.0045,-4.9067,0.1358,0.2471,0.0076,0.536,0.0106,
2459189.7431016,2247.1,10,-46,15,9.8113,47,0.1494,0.0042,-5.2786,0.1929,0.2439,0.0069,0.5176,0.01,
2459192.7143168,2255.4,14.5,-79,20,9.7936,32,0.1557,0.0073,-4.706,0.1078,0.2373,0.0124,0.4613,0.0152,
2459207.7670343,2210.2,10.6,-4,15,9.8256,45,0.1463,0.0043,-5.0808,0.1269,0.1944,0.0069,0.5163,0.0102,
2459211.7211734,2228.6,10.9,21,16,9.8664,44,0.1596,0.0047,-5.0505,0.1226,0.2142,0.0073,0.5216,0.0104,
2459218.7262622,2038.1,10,-47,15,9.8061,49,0.1296,0.0036,-4.9215,0.1023,0.2176,0.0061,0.5052,0.0088,
2459260.6382415,1877.8,12,-14,17,9.8243,39,0.1857,0.0058,-5.2035,0.2064,0.2347,0.0086,0.513,0.0116,
2459272.776905,2081.6,13.4,4,19,9.8138,35,0.1369,0.0055,-4.5168,0.0767,0.2836,0.0105,0.5342,0.0138,
2459274.716173,2224.5,10.6,-1,15,9.7323,45,0.1372,0.0042,-5.4107,0.3654,0.266,0.0074,0.5071,0.0097,
2459276.7156498,2134.9,12.9,-46,18,10.0024,36,0.1444,0.0048,-999,-,999,0.2532,0.0087,0.5305,0.0119,
2459282.5358342,2267.5,10.6,11,15,9.8555,45,0.1412,0.0041,-5.1246,0.145,0.2665,0.0074,0.5166,0.0103,
2459539.7731663,2231.6,10.9,48,16,10.0306,44,0.1836,0.0047,-4.5648,0.0608,0.1945,0.007,0.5304,0.0105,
2459545.7659941,2043.8,12.8,-15,18,9.5975,36,0.238,0.0062,-6.2329,3.4563,0.2811,0.01,0.5237,0.0123,
2459590.7117932,1786,13.9,41,19,9.807,33,0.2119,0.0067,-4.6104,0.1074,0.2212,0.0112,0.5304,0.0152,
2459644.7122898,2181.7,14.5,-104,20,9.5813,32,0.2234,0.0066,-4.6445,0.2152,0.3935,0.0129,0.5021,0.0141,
2459649.629842,2140.1,10,-118,15,9.8357,49,0.1979,0.0041,-999,-,999,0.2381,0.0065,0.4922,0.0091,
2459652.6796063,2016,12.1,104,17,9.7958,39,0.2288,0.0057,-4.5995,0.0931,0.3102,0.0094,0.5146,0.0116,
2459657.727332,1724.3,13,-101,18,10.1905,36,0.1698,0.005,-999,-,999,0.3019,0.0097,0.5582,0.0127,
2459661.6841378,1910.5,16.9,-109,18,10.0861,38,0.24,0.0062,-999,-,999,0.2641,0.0095,0.538,0.0127,
2459662.6697007,1817.8,15.2,83,21,10.0149,30,0.2389,0.0064,-999,-,999,0.3149,0.0112,0.5291,0.0141,
2459685.5096644,2094.7,11.7,-106,17,9.8454,41,0.1575,0.0047,-5.2897,0.36,0.3526,0.0094,0.5028,0.0106,
2459687.5617665,2190.1,10.1,-120,15,10.0629,49,0.1979,0.0048,-4.9255,0.1053,0.3099,0.0079,0.4911,0.0098,
2459691.5839601,2311.2,14.5,106,20,9.8589,32,0.2592,0.0073,-4.8472,0.2618,0.4324,0.0136,0.4913,0.0144,
2459704.623859,2092,15.2,-148,21,9.914,30,0.1667,0.0054,-999,-,999,0.5008,0.0121,0.5023,0.0128,
2460031.6812879,2174.8,11.7,0,17,9.9468,41,0.2287,0.006,-999,-,999,0.2467,0.009,0.5173,0.0123,
2460035.6102046,2142.3,9.8,-60,15,9.8799,50,0.1402,0.0047,-4.7232,0.0919,0.239,0.006,0.5235,0.0088,
2460047.6196292,2185.9,11.3,-29,16,9.8589,42,0.1388,0.0075,-6.2879,4.636,0.2799,0.0081,0.5235,0.0109,
2460049.6297281,2235.2,11.7,-11,17,9.9268,41,0.1787,0.0048,-4.5127,0.133,0.2593,0.0081,0.5182,0.0105,
2460053.5979115,2273,10.3,-28,15,9.8936,47,0.1627,0.0042,-4.6646,0.0912,0.2688,0.0072,0.4967,0.0094,
2460064.5861888,2101.8,14,-7,19,10.0588,33,0.215,0.0065,-4.6949,0.1573,0.3868,0.0117,0.5458,0.0134,
2460067.4999667,1900.5,12.5,12,18,10.1785,38,0.1855,0.0056,-4.7865,0.1005,0.475,0.0112,0.54,0.0121,
2460100.5511551,1911,14.1,-213,18,10.2172,36,0.198,0.0073,-4.0598,0.0348,0.3902,0.0125,0.4311,0.0126,
2460404.6178393,1978.3,10.4,-60,15,9.9642,47,0.1620,0.0044,-5.0872,0.2347,0.3396,0.0081,0.5046,0.0100,
2460407.5764817,1909,11,68,16,9.8798,44,0.1485,0.0044,-5.1868,0.2541,0.3106,0.0082,0.5284,0.0108,
2460411.5489370,1878.9,12.9,90,18,9.9523,36,0.1684,0.0054,-5.0893,0.2633,0.4273,0.0109,0.4882,0.0116,
2460433.5833358,2270.6,20.6,-159,28,9.6584,21,0.3803,0.0149,-3.9235,0.0538,2.5052,0.0535,0.5286,0.0315