2458788.921102,64.2348156798915,5.71687173843384,apf,0.323467349823,0.002
2458788.935571,24.2274759875172,6.21272993087769,apf,0.339363741196,0.002
2458794.953421,-25.7794642234074,5.59770488739014,apf,0.323367554862,0.002
2458794.968329,-9.08916085954336,6.10411357879639,apf,0.40030284573,0.002
2458796.077689,-32.2997113918384,5.22131681442261,apf,0.309209445597,0.002
2458796.892289,-9.14212846620908,6.06267786026001,apf,0.332591597154,0.002
2458796.90685,-1.30405045184581,6.16471767425537,apf,0.310931280419,0.002
2458798.073471,56.9318821198285,5.23815727233887,apf,0.35324382931,0.002
2458800.072019,45.2339003821735,5.63873291015625,apf,0.299438816713,0.002
2458804.903337,-53.1660096545051,7.83899164199829,apf,0.224420261586,0.002
2458804.918315,-92.5434480726468,8.61208057403564,apf,0.330523893521,0.002
2458805.892091,22.5868326873701,6.47562265396118,apf,0.303984574144,0.002
2458805.906837,35.5731053922972,5.95543956756592,apf,0.242362136749,0.002
2458806.935141,116.003916439835,8.40329456329346,apf,0.385468423581,0.002
2458809.090735,55.5243706035269,5.59931421279907,apf,0.31195480534,0.002
2458810.928154,-36.9628728808819,5.34633588790894,apf,0.327025503029,0.002
2458810.942645,-29.5182285920135,5.86943626403809,apf,0.304558449384,0.002
2458812.033602,1.86149271176601,4.95363330841064,apf,0.318706850098,0.002
2458812.048163,35.2918499112163,5.00945091247559,apf,0.326965944599,0.002
2458812.974251,-64.4593718575122,6.68610286712646,apf,0.342517632729,0.002
2458812.988071,-31.4018652879164,6.64765787124634,apf,0.338137860601,0.002
2458828.116643,-8.80448020744515,1.81297492980957,hires_j,0.309,0.001
2458830.983593,-86.5014753293282,6.52812480926514,apf,0.306625974468,0.002
2458830.997679,-53.5848386802828,6.56162071228027,apf,0.306241268355,0.002
2458833.118156,89.3645770281167,2.05640888214111,hires_j,0.2987,0.001
2458834.092691,75.1113516760806,1.95278453826904,hires_j,0.3071,0.001
2458838.100609,78.5002862999104,7.13121843338013,apf,0.319302128849,0.002
2458852.050112,55.9980274989857,5.38967800140381,apf,0.329385941181,0.002
2458852.064476,45.2242278324154,5.34978628158569,apf,0.352908118494,0.002
2458853.120068,-14.8675084915829,2.05239582061768,hires_j,0.3004,0.001
2458862.74137279,-14.696289059999799,1.96954191,harpsn
2458869.7847049,31.37890625,1.36152768,harpsn
2458870.74847725,-7.388671869999598,12.57314301,harpsn
2458884.951642,46.9822932228063,1.72084391117096,hires_j,0.2732,0.001
2458891.825587,-59.7099748009226,6.42677211761475,apf,0.297599422063,0.002
2458891.84031,-73.9527251081834,6.59262895584106,apf,0.311623525437,0.002
2458891.854418,-22.0597736008751,6.7179799079895,apf,0.31703496193,0.002
2458892.790822,19.1666581471351,5.58243608474731,apf,0.309241846485,0.002
2458892.805625,15.9523802977611,5.16587495803833,apf,0.330797644514,0.002
2458892.81956,7.40154968543568,5.98852872848511,apf,0.306671818554,0.002
2458893.881796,25.8163248348304,4.72482013702393,apf,0.334512108603,0.002
2458893.896009,-1.40615397465127,5.00893402099609,apf,0.329441007331,0.002
2458893.910535,4.59315829595595,5.18476247787476,apf,0.317348628734,0.002
2458894.811867,-16.2750412747683,5.47662782669067,apf,0.336422053894,0.002
2458894.826011,-22.0931293328294,5.14888000488281,apf,0.319836805895,0.002
2458894.840663,1.00280014991428,5.62573719024658,apf,0.331879717485,0.002
2458895.53932805,73.3232421900002,2.18647504,harpsn
2458895.55954033,74.0615234400002,2.81966972,harpsn
2458895.68421447,74.44140625,2.26124024,harpsn
2458895.70715081,73.0166015599998,2.21292472,harpsn
2458895.81593,81.8492507219397,6.50377893447876,apf,0.336735221997,0.002
2458895.829819,39.5200012683669,6.39014720916748,apf,0.328873850111,0.002
2458895.844263,43.4882995008769,6.32037687301636,apf,0.348529114528,0.002
2458896.72542996,-14.018066399999952,1.88170660,harpsn
2458896.87446,-91.7254448316262,7.03641986846924,apf,0.344141028389,0.002
2458896.888441,-92.9125450391766,6.37227916717529,apf,0.33325862447,0.002
2458897.73813193,-27.5849609400002,1.89057910,harpsn
2458898.64662216,11.661621100000048,1.96306944,harpsn
2458898.66543633,10.511230470000555,1.67986488,harpsn
2458898.747616,21.8648684407839,6.19666385650635,apf,0.319461073563,0.002
2458898.762107,-18.9451204907499,6.00248622894287,apf,0.319457322345,0.002
2458898.776922,-15.4538845241471,5.53485250473022,apf,0.284896740699,0.002
2458899.798285,-74.6372444085687,7.3890585899353,apf,0.304492777924,0.002
2458899.811641,-47.4088318061747,5.7347412109375,apf,0.289587891899,0.002
2458899.826271,-40.1354789509661,5.24298334121704,apf,0.315813949773,0.002
2458900.948755,-28.4258831631419,5.94150972366333,apf,0.33590930012,0.002
2458900.961393,-41.7917356560968,5.58821487426758,apf,0.311701828875,0.002
2458900.976278,-42.3766494892475,6.2575478553772,apf,0.326980768181,0.002
2458903.709769,26.2333145877482,5.92608690261841,apf,0.320405001537,0.002
2458903.723901,27.1908318941108,5.267493724823,apf,0.372726984619,0.002
2458903.737663,1.45388494116805,6.15668392181396,apf,0.360676479762,0.002
2458903.925589,37.4008963271736,1.69993460178375,hires_j,0.2893,0.001
2458904.69662896,33.8232421900002,1.94347060,harpsn
2458904.70870763,33.9667968800004,2.09660578,harpsn
2458904.917168,25.4012833145896,1.59678339958191,hires_j,0.2819,0.001
2458905.76599586,-30.7890625,1.86512554,harpsn
2458906.833019,-24.9591744988411,5.05692911148071,apf,0.324362798039,0.002
2458906.847371,-54.899056509511,4.47521018981934,apf,0.331008861249,0.002
2458906.861723,-33.6495955850002,5.12552356719971,apf,0.317115945924,0.002
2458906.915658,-7.12571431887896,1.58734846115112,hires_j,0.2766,0.001
2458911.903898,23.7392938675249,1.68699741363525,hires_j,0.2741,0.001
2458912.775656,46.2069584169683,5.80481624603271,apf,0.323790582563,0.002
2458912.789649,68.3699679202499,6.4810037612915,apf,0.330447528237,0.002
2458912.80407,63.9461158294124,5.52976274490356,apf,0.347075702798,0.002
2458914.885879,-94.4032326532128,7.41588640213013,apf,0.356776952821,0.002
2458914.899941,-101.25433469705,6.51350069046021,apf,0.339053201698,0.002
2458914.914825,-116.062280735455,7.67867088317871,apf,0.3368610307,0.002
2458916.972973,-32.6307067204497,2.63217258453369,hires_j,0.2603,0.001
2458918.013787,33.7229692106419,1.45605874061584,hires_j,0.2707,0.001
2458919.001546,7.83036769141606,1.30526494979858,hires_j,0.275,0.001
2458920.805792,43.4834595130127,5.24952459335327,apf,0.340646198489,0.002
2458920.820363,53.4634637084973,5.5024619102478,apf,0.333520505774,0.002
2458920.834703,64.9275470730094,5.22664165496826,apf,0.350504726604,0.002
2458921.745216,44.9345277019175,5.92621946334839,apf,0.357449979395,0.002
2458921.760158,51.4314628247707,6.15604496002197,apf,0.353455313496,0.002
2458921.774544,50.06006957946,5.73768663406372,apf,0.316148662862,0.002
2458925.68991976,-7.999511719999646,1.68772209,harpsn
2458926.6780652,32.92041015999985,1.91044068,harpsn
2458929.66213951,53.21630860000005,1.78477633,harpsn
2458961.794591,17.2520581151362,5.15167903900146,apf,0.34523744473,0.002
2458961.809024,-0.428361101013479,5.20700073242188,apf,0.322815539369,0.002
2458961.82371,-5.79785611259229,5.32213354110718,apf,0.362366702309,0.002
2458966.749284,-113.927613153096,5.48247814178467,apf,0.340614740803,0.002
2458966.763392,-102.59854458787,5.07511138916016,apf,0.325063094311,0.002
2458966.777628,-106.676845287899,5.13157892227173,apf,0.307507838669,0.002
2458971.891982,29.2183770608482,5.34565830230713,apf,0.34664610018,0.002
2458971.906195,36.0320358707385,5.05389022827148,apf,0.349516566754,0.002
2458971.921124,37.9816975466437,5.34585428237915,apf,0.34367507315,0.002
2458999.868435,34.8093480357463,1.9674152135849,hires_j,0.2955,0.001
2459000.49633789,0.0,2.58670855,harpsn
2459002.49996337,-100.85595702999944,1.39850616,harpsn
2459002.884901,-80.9439422202789,1.93834638595581,hires_j,0.2644,0.001
2459003.855595,29.6037112166624,1.79231774806976,hires_j,0.2655,0.001
2459006.827564,59.8659680956493,1.73486173152924,hires_j,0.2951,0.001
2459007.792241,82.1648313992314,1.82415211200714,hires_j,0.2964,0.001
2459008.907781,-39.1769019858357,7.25054121017456,apf,0.346445251105,0.002
2459008.921449,12.1123263038813,8.03822803497314,apf,0.403914607574,0.002
2459009.751308,-27.8217950412857,4.91143035888672,apf,0.33824405314,0.002
2459009.765717,-20.29921104082,4.57736539840698,apf,0.362242361137,0.002
2459009.779941,-18.5832140618317,4.8513331413269,apf,0.367150146091,0.002
2459010.820588,-64.9927086904702,1.68145477771759,hires_j,0.2722,0.001
2459010.881095,-93.174623132819,5.83164215087891,apf,0.326056710216,0.002
2459010.895642,-83.2870044404148,5.63900899887085,apf,0.315926953174,0.002
2459010.909832,-88.5219650676892,5.77051782608032,apf,0.310825609909,0.002
2459011.783716,-38.7553196019415,1.75637340545654,hires_j,0.2685,0.001
2459011.836897,-55.0781624853407,5.03327083587646,apf,0.31136930497,0.002
2459011.851213,-20.8759183570583,4.60677576065063,apf,0.312328402717,0.002
2459011.86568,-41.5771555580167,4.3450403213501,apf,0.305873217723,0.002
2459012.50917347,30.590820320000603,2.27978039,harpsn
2459012.791252,52.3907416247542,1.7240024805069,hires_j,0.2696,0.001
2459013.51150644,19.744140630000402,5.02849627,harpsn
2459013.81476,17.4433276504956,1.60711789131165,hires_j,0.2748,0.001
2459014.52379383,15.664550780000354,5.29076672,harpsn
2459015.968706,75.471532297071,6.46285057067871,apf,0.360928272876,0.002
2459015.982664,91.2739922183066,7.45358228683472,apf,0.395606369142,0.002
2459015.997443,54.9214031167129,8.48130130767822,apf,0.314815585252,0.002
2459016.75373,44.6679887727732,7.74278593063354,apf,0.328276176124,0.002
2459016.765152,58.6149608307602,1.83024442195892,hires_j,0.2916,0.001
2459017.819738,-23.296356254092,5.9050030708313,apf,0.324990695344,0.002
2459017.834656,-34.0728086425245,5.31670808792114,apf,0.348072585597,0.002
2459017.849007,-5.174534878678,5.83716535568237,apf,0.346824760283,0.002
2459018.790079,-8.96905366731275,5.65939807891846,apf,0.333527281372,0.002
2459018.805055,-16.7945680020846,5.52024841308594,apf,0.331030642396,0.002
2459018.819117,-21.1218740898303,5.64357089996338,apf,0.342564434278,0.002
2459019.912254,-80.8891762847347,5.56197500228882,apf,0.306959223395,0.002
2459019.926756,-95.7384524125702,7.21930694580078,apf,0.317951906699,0.002
2459019.941801,-73.0901569308162,6.46686697006226,apf,0.340266671671,0.002
2459020.81739,-10.8097464940865,5.62097454071045,apf,0.308819080655,0.002
2459020.831869,16.9162143842432,5.49874544143677,apf,0.330922575752,0.002
2459020.846243,-25.2447099294248,5.26068019866943,apf,0.305937128563,0.002
2459024.784198,84.5852033670304,1.85254848003387,hires_j,0.289,0.001
2459025.771983,57.8271023805916,1.8440774679184,hires_j,0.3027,0.001
2459027.77119,-38.7816101536405,1.74040079116821,hires_j,0.2872,0.001
2459028.775052,-33.9263282641032,1.51857602596283,hires_j,0.2768,0.001
2459029.791393,18.0948316248331,1.63449513912201,hires_j,0.2716,0.001
2459030.790269,-0.96836997055302,1.53364336490631,hires_j,0.2791,0.001
2459031.806551,19.1945844287603,1.71889901161194,hires_j,0.2813,0.001
2459034.784654,5.35212602428264,1.56230866909027,hires_j,0.2996,0.001
2459036.757089,-49.284556515738,1.53393077850342,hires_j,0.2778,0.001
2459038.780624,7.4953076890784,1.52834320068359,hires_j,0.2783,0.001
2459039.79035,-13.3364986192134,1.420201420784,hires_j,0.2717,0.001
2459040.781535,-3.49657760540529,1.99336850643158,hires_j,0.277,0.001
2459041.802801,74.0703771562941,1.51936519145966,hires_j,0.2874,0.001
2459042.772218,80.9656360072075,1.84270834922791,hires_j,0.3025,0.001
2459044.771861,-16.4013101856364,1.57465934753418,hires_j,0.2988,0.001
2459051.780771,49.8695764198794,1.59045338630676,hires_j,0.3206,0.001
2459066.828033,33.9790089060461,2.1264054775238,hires_j,0.2755,0.001
2459067.771507,90.8041019229299,1.74814534187317,hires_j,0.2879,0.001
2459078.740255,-34.5934050128895,1.92054378986359,hires_j,0.2869,0.001
2459144.608812,-45.4797505940583,4.59364938735962,apf,0.307561463519,0.002
2459155.954156,-53.4528052186479,4.79387760162354,apf,0.333538598465,0.002
2459157.977483,-9.12558504650644,4.81121492385864,apf,0.333737805546,0.002
2459168.976316,26.2093867399977,4.63059949874878,apf,0.330906846341,0.002
2459169.979144,-48.9809429187238,4.95984840393066,apf,0.334842319252,0.002
2459182.163133,6.83707405999614,1.94560408592224,hires_j,0.327,0.001
2459184.004937,-34.4282515760326,4.62492227554321,apf,0.318843230262,0.002
2459184.907539,-8.31972719392441,5.42484617233276,apf,0.348696803991,0.002
2459186.038404,28.6504470166289,4.2782678604126,apf,0.332960431851,0.002
2459187.908773,-42.5003499565423,4.59490585327148,apf,0.330422653978,0.002
2459188.140427,-2.99589887162229,1.85592448711395,hires_j,0.3248,0.001
2459189.041686,43.7735525927336,4.61098527908325,apf,0.347399650669,0.002
2459189.141436,20.905727656981,1.96892642974854,hires_j,0.3195,0.001
2459190.009302,-42.64700890904,6.73023986816406,apf,0.334384981344,0.002
2459190.113786,-24.8782695590076,2.02677130699158,hires_j,0.3197,0.001
2459192.005508,30.7688098380707,5.31663703918457,apf,0.343944888382,0.002
2459192.875861,-69.3358232193186,4.59374809265137,apf,0.310219269971,0.002
2459195.014421,17.1888767745879,7.92859792709351,apf,0.288725814519,0.002
2459199.048308,5.64272799662318,7.11683940887451,apf,0.332645486269,0.002
2459203.974194,1.11086801397258,4.51573801040649,apf,0.297827838305,0.002
2459204.74368947,-34.0302734400002,2.24435592,harpsn
2459204.828223,-42.8467589730193,4.66928672790527,apf,0.311944448383,0.002
2459205.78540219,18.752441409999847,1.88449156,harpsn
2459206.76824035,-23.591796869999598,5.89023018,harpsn
2459208.107328,86.0902028401314,2.0447313785553,hires_j,0.3317,0.001
2459209.08408,59.0623964844273,2.2544207572937,hires_j,0.3329,0.001
2459210.076098,-35.3811689642657,2.11640501022339,hires_j,0.3337,0.001
2459214.06044,42.7350302827034,4.77216768264771,apf,0.30646576557,0.002
2459215.087052,-9.08593554236599,1.98396861553192,hires_j,0.3178,0.001
2459220.986549,-2.99107589149182,4.77839326858521,apf,0.322717188643,0.002
2459221.828602,-16.8964105799331,5.56010580062866,apf,0.322887139036,0.002
2459223.056963,-22.7467802205612,5.70922565460205,apf,0.314177845017,0.002
2459223.824509,-45.2390358481982,7.20475578308105,apf,0.444702744967,0.002
2459224.801622,40.6842994435736,5.68053817749023,apf,0.34440234458,0.002
2459226.040455,128.602458904776,5.36018705368042,apf,0.340144582525,0.002
2459227.965151,-76.7506282471894,4.71391153335571,apf,0.356532956758,0.002
2459228.916554,-4.7163823738822,4.70812320709229,apf,0.325260937232,0.002
2459229.924891,-9.37544665760428,4.84145927429199,apf,0.316707082643,0.002
2459230.826963,-36.041629458461,5.98444223403931,apf,0.313561538847,0.002
2459234.950742,43.5872809363533,5.2998251914978,apf,0.342810609721,0.002
2459238.016363,26.0261715882609,2.34574699401855,hires_j,0.3155,0.001
2459248.62451424,-31.181640619999598,1.41790450,harpsn
2459253.854198,-105.303725077895,4.62604379653931,apf,0.331367702307,0.002
2459256.829792,17.3215752061187,5.18421030044556,apf,0.317179433428,0.002
2459262.853445,-61.9943510037597,5.05194425582886,apf,0.356098162883,0.002
2459263.816383,10.0546707331573,4.71895313262939,apf,0.309737215827,0.002
2459265.53807069,-3.18359375,4.09745312,harpsn
2459268.545577,59.487792970000555,2.54901052,harpsn
2459268.863628,67.1887562420365,5.79943323135376,apf,0.328771786524,0.002
2459268.957158,60.8010496654797,1.85119831562042,hires_j,0.3109,0.001
2459269.795612,42.7834242641345,5.64970779418945,apf,0.331450000363,0.002
2459271.816869,-24.4858426283461,5.07047605514526,apf,0.363395797887,0.002
2459271.893465,-14.1481866895343,1.81084966659546,hires_j,0.308,0.001
2459273.823388,9.36998449362,5.63321018218994,apf,0.350057885683,0.002
2459274.778388,-35.2472148754751,4.68959093093872,apf,0.302680229862,0.002
2459287.840479,-8.37846829684284,4.93737030029297,apf,0.32961286114,0.002
2459295.997622,41.5658108541242,4.50952768325806,apf,0.330161416607,0.002
2459296.050885,34.3570664170456,1.47262346744537,hires_j,0.3116,0.001
2459297.032767,6.05560983683729,1.50833904743195,hires_j,0.3149,0.001
2459299.947714,-14.3676127994726,1.525963306427,hires_j,0.3085,0.001
2459301.870257,29.4273973723188,4.06673336029053,apf,0.311401826602,0.002
2459302.901624,-5.38693148120584,4.70643520355225,apf,0.312643789661,0.002
2459305.02896,11.5851812532902,5.31751871109009,apf,0.322158331162,0.002
2459307.031575,18.5090079230544,4.86214303970337,apf,0.326083992097,0.002
2459308.56867363,-20.4677734400002,3.52759171,harpsn
2459309.44804527,-33.473144529999445,1.96943271,harpsn
2459310.66911902,-11.665039059999799,2.77806139,harpsn
2459314.051024,-4.75744431722217,1.62468218803406,hires_j,0.3017,0.001
2459315.905742,54.9814212426309,3.96569228172302,apf,0.32521486,0.002
2459316.792072,-4.49753198150404,4.31054925918579,apf,0.323562522027,0.002
2459319.820199,-20.2243452864817,4.10332584381104,apf,0.31977644982,0.002
2459320.906357,59.7941219894571,3.7083158493042,apf,0.31622387593,0.002
2459323.831069,51.1984243226817,4.2575101852417,apf,0.333483204095,0.002
2459324.861822,-9.72358303820288,5.17738199234009,apf,0.322930544248,0.002
2459327.814353,-5.87335746262977,5.21224164962769,apf,0.295338076087,0.002
2459328.952762,-19.0502790858302,6.30768489837646,apf,0.304975650296,0.002
2459332.855892,62.8486370988721,4.22318887710571,apf,0.32825556046,0.002
2459333.899617,-24.8230228114094,4.72938394546509,apf,0.332122064562,0.002
2459338.941577,-1.81318666660952,4.08572006225586,apf,0.318230516018,0.002
2459340.86866,55.7447664836821,4.62113904953003,apf,0.330492044949,0.002
2459341.952196,6.72512912246113,5.70201301574707,apf,0.281352499222,0.002
2459344.848409,-2.7541405444025,4.36628580093384,apf,0.310557792654,0.002
2459345.970333,6.7539325157382,4.45509576797485,apf,0.323282173442,0.002
2459348.866766,33.4864746115995,4.25220441818237,apf,0.349123990545,0.002
2459353.79076,9.07991847448235,1.59746468067169,hires_j,0.2941,0.001
2459354.861113,-31.6078587173433,1.55318248271942,hires_j,0.2913,0.001
2459361.835333,6.4961562496012,1.72868847846985,hires_j,0.305,0.001
2459363.924283,-14.4213466023821,4.85698413848877,apf,0.310849873925,0.002
2459365.748571,13.6463773261136,4.38579845428467,apf,0.332003785546,0.002
2459366.756694,77.6916658445915,4.89567184448242,apf,0.321643350713,0.002
2459368.738811,-33.3013847163666,4.24726486206055,apf,0.323849960023,0.002
2459369.74793,-2.28864013859243,4.82584953308105,apf,0.339082150878,0.002
2459370.892391,66.8523252590766,4.64404344558716,apf,0.32819664396,0.002
2459372.746981,-34.766035183959,5.29358196258545,apf,0.316134632691,0.002
2459373.773623,9.39552632066582,1.76863062381744,hires_j,0.3027,0.001
2459376.811044,-41.4780463378881,1.62139749526978,hires_j,0.3113,0.001
2459377.81049,-40.1903442583579,1.65624260902405,hires_j,0.3035,0.001
2459378.778677,14.9749042861367,1.5961936712265,hires_j,0.3012,0.001
2459379.853768,29.6953765350342,1.60327768325806,hires_j,0.3053,0.001
2459380.903653,20.8436739562609,7.80762243270874,apf,0.282769188086,0.002
2459380.903653,20.8436739562609,7.80762243270874,apf,0.282769188086,0.002
2459381.857628,-21.4699800440627,5.81331777572632,apf,0.288617901901,0.002
2459381.975123,-17.4625295541063,2.04410147666931,hires_j,0.2968,0.001
2459382.755136,-27.2790674872148,4.36968469619751,apf,0.312907250591,0.002
2459382.966481,-12.3540768802942,2.34991049766541,hires_j,0.2965,0.001
2459383.793877,62.0102353094545,1.87084996700287,hires_j,0.3121,0.001
2459383.865842,79.9255354106245,4.81672811508179,apf,0.331500247901,0.002
2459384.814899,53.5956421879256,1.79069221019745,hires_j,0.3143,0.001
2459385.813098,-75.6526730878323,1.64156222343445,hires_j,0.3086,0.001
2459388.825823,16.9603788998244,1.74740767478943,hires_j,0.3107,0.001
2459389.823817,23.7604873605922,1.63103377819061,hires_j,0.3126,0.001
2459391.857059,-32.9265473770217,5.18561315536499,apf,0.321283943797,0.002
2459392.86407,119.101893702074,5.72103309631348,apf,0.321910296969,0.002
2459394.832874,-77.267658975195,5.85715103149414,apf,0.306615048843,0.002
2459395.836726,20.1386498076943,1.5582720041275,hires_j,0.2975,0.001
2459395.848207,38.8262291190211,4.58475923538208,apf,0.305504772706,0.002
2459398.892856,49.1162559234296,5.16083669662476,apf,0.337281118381,0.002
2459399.806135,-3.97784266856637,1.58696377277374,hires_j,0.3158,0.001
2459399.843148,16.273357437452,4.81117486953735,apf,0.349014103552,0.002
2459401.813071,39.4829984858852,4.90006017684937,apf,0.318055052184,0.002
2459402.867192,-71.2804596550742,5.14604997634888,apf,0.336081809303,0.002
2459405.745991,-8.43627590085475,5.36654996871948,apf,0.311876915627,0.002
2459406.81023,31.5790637048096,1.60493493080139,hires_j,0.3159,0.001
2459406.812371,22.7357288967003,4.92185211181641,apf,0.32476331555,0.002
2459407.746661,55.9749038231821,4.81335926055908,apf,0.337779222186,0.002
2459407.772621,33.3600777928338,1.9545019865036,hires_j,0.0,0.001
2459408.744364,34.7810476852445,4.64289426803589,apf,0.340473814233,0.002
2459411.853388,-84.1986431131931,4.72007322311401,apf,0.296070276106,0.002
2459412.812773,49.9864566199859,4.47490358352661,apf,0.317070894791,0.002
2459413.745933,27.9410347108797,4.63379526138306,apf,0.260090015958,0.002
2459414.821208,-5.69162412470584,5.2940468788147,apf,0.355876940089,0.002
2459415.860847,29.1690998217257,5.16233921051025,apf,0.343906710868,0.002
2459416.815837,6.64140659311366,5.57004356384277,apf,0.344013456451,0.002
2459418.728689,30.8763998022737,4.71150588989258,apf,0.324752210344,0.002
2459420.759342,-8.88616545930109,1.58944523334503,hires_j,0.2994,0.001
2459420.850637,16.3841658725289,5.25738143920898,apf,0.306990829045,0.002
2459424.721863,46.5887083148698,5.04909563064575,apf,0.357980590163,0.002
2459427.8406,-59.3516791615959,5.35011386871338,apf,0.310486584912,0.002
2459435.743905,12.6098738091983,1.70567560195923,hires_j,0.3107,0.001
2459443.735061,24.6129074009,1.81113529205322,hires_j,0.3134,0.001
2459445.763278,-64.0732149216672,1.70067393779755,hires_j,0.284,0.001
2459446.748626,13.4710401688021,1.84832394123077,hires_j,0.2934,0.001
2459449.746573,44.7225307201631,1.7750871181488,hires_j,0.3302,0.001
2459450.771752,-17.4021294562659,2.00553917884827,hires_j,0.3266,0.001
2459451.728215,-4.09452953457404,1.90955340862274,hires_j,0.3229,0.001
2459452.724749,-13.8187127618631,1.65404498577118,hires_j,0.3024,0.001
2459455.744517,15.5739947606674,1.75003969669342,hires_j,0.2993,0.001
2459456.760047,50.1695210725609,1.79739844799042,hires_j,0.3071,0.001
2459487.014599,31.0174047862279,7.4989185333252,apf,0.276383879477,0.002
2459489.017224,-15.3445342675215,4.79354286193848,apf,0.328635570774,0.002
2459490.020661,12.6033102573292,5.38241100311279,apf,0.344858770095,0.002
2459492.015129,68.4889064934466,7.42829704284668,apf,0.475257794562,0.002
2459503.979299,6.67890099059568,5.36959409713745,apf,0.348930514913,0.002
2459515.947924,-0.623495932986273,6.88303756713867,apf,0.272214274022,0.002
2459517.950148,38.8455831439601,7.1489429473877,apf,0.336187678439,0.002
2459523.968053,60.6117954189563,4.88449239730835,apf,0.31051395969,0.002
2459526.012656,3.16652295786064,6.78445434570312,apf,0.323880310082,0.002
2459529.92447,16.6713727191987,4.58899879455566,apf,0.328543382583,0.002
2459531.949583,12.8819033260891,4.49705457687378,apf,0.310977773083,0.002
2459532.887605,42.0846220086776,5.08827114105225,apf
2459540.055777,-25.0607618166896,4.16296911239624,apf
2459541.158609,33.4414470211741,1.84060037136078,hires_j,0.3256,0.001
2459542.052127,5.88034574709329,4.15651798248291,apf
2459543.154797,-19.5471810096573,1.85824632644653,hires_j,0.3195,0.001
2459544.053118,22.4876950470071,4.57147359848022,apf
2459546.996817,-20.4920918031444,4.42801332473755,apf
2459547.15245,-5.48195835023784,1.9036979675293,hires_j,0.3306,0.001
2459547.884164,-45.2676947329206,4.79865169525146,apf
2459548.77845394,-10.034667969999646,2.71588278,harpsn
2459549.059708,28.7618813476938,4.72155523300171,apf
2459549.90431,32.8486045183048,5.31683349609375,apf
2459551.029978,16.1026204584553,4.36754751205444,apf
2459551.844439,-42.216779519878,4.82954120635986,apf
2459553.016845,47.0252322629013,4.03570604324341,apf
2459559.867494,-53.6815498421128,7.50505638122559,apf
2459566.086616,-15.1832024696776,1.87002384662628,hires_j,0.3209,0.001
2459566.924119,53.3501647816702,4.34642887115479,apf
2459567.84505,45.0512363932646,5.16247367858887,apf
2459569.0337,14.779866553795,5.39620351791382,apf
2459571.78141411,19.630859380000402,2.77245688,harpsn
2459572.77444202,-18.769042969999646,1.54763758,harpsn
2459573.77288826,-17.4580078099998,2.05775142,harpsn
2459574.77720863,-7.475585940000201,2.09014344,harpsn
2459586.010501,38.2774090546461,4.72285604476929,apf
2459589.751614,0.338315438115192,7.27741003036499,apf
2459590.739317,-27.7711993850349,5.86109924316406,apf
2459591.730249,-5.00417174252148,5.9532299041748,apf
2459591.913356,23.5202163782844,4.0810432434082,apf
2459592.900976,36.4321406378928,5.52676057815552,apf
2459593.046906,29.4964286978948,1.798548579216,hires_j,0.3177,0.001
2459593.73946476,36.500488280000354,3.27276158,harpsn
2459593.940888,49.6262736762583,5.40279388427734,apf
2459596.975134,-29.4231631880796,5.05564308166504,apf
2459597.909612,-8.40317128750164,4.11919403076172,apf
2459598.891893,-45.8149916741482,4.55366945266724,apf
2459599.990621,-41.3046517514692,4.11824226379395,apf
2459600.714665,-17.7990893332683,5.54147243499756,apf
2459602.742891,46.6076379459815,5.72515773773193,apf
2459604.875664,-38.9949741323298,4.93164014816284,apf
2459605.738283,-89.8456673289415,6.7736291885376,apf
2459606.868361,-55.5038921326707,5.112624168396,apf
2459607.876364,-23.6202137269986,4.95428848266602,apf
2459608.702638,37.9796803631834,5.86346626281738,apf
2459608.71464362,2.67578125,3.24659228,harpsn
2459609.686484,13.1463129497675,6.1883339881897,apf
2459609.76222506,28.366699220000555,2.19227719,harpsn
2459610.68319054,50.2753906300004,1.89806759,harpsn
2459610.684762,15.2891170656128,7.41125535964966,apf
2459614.911235,-56.5079137732757,5.37202739715576,apf
2459615.854913,-66.3191015437909,6.10045766830444,apf
2459617.869247,52.5159604253006,4.33879613876343,apf
2459618.708837,64.2928187341424,5.02681064605713,apf
2459619.843473,51.3013165814825,4.90033912658691,apf
2459620.780654,13.6747054891341,5.25477600097656,apf
2459621.766226,23.1173714978148,5.04457235336304,apf
2459622.044966,4.39967684420547,1.73158228397369,hires_j,0.3283,0.001
2459622.82601,-83.1831130962839,4.70478868484497,apf
2459623.828281,-46.9042658244609,4.23475122451782,apf
2459624.754232,-96.9909294438809,5.56323194503784,apf
2459626.075981,14.0023426121191,1.85326135158539,hires_j,0.3017,0.001
2459626.759268,13.0778759951513,5.74857044219971,apf
2459626.922301,47.2496458860141,1.83760678768158,hires_j,0.3098,0.001
2459628.831603,-18.4550661574769,5.31467723846436,apf
2459629.820675,-2.06487324879388,4.9463038444519,apf
2459630.805972,-16.8424379905071,4.84193754196167,apf
2459631.906246,-21.16245548554,1.84834933280945,hires_j,0.3094,0.001
2459632.950094,-25.0869532386686,1.63808870315552,hires_j,0.3003,0.001
2459638.845855,30.7812033156956,4.82840156555176,apf
2459640.776099,-51.4953809724109,4.84099388122559,apf
2459645.840447,-11.993098773152,4.77562856674194,apf
2459646.914202,-31.8804615817661,5.2837700843811,apf
2459647.815262,30.6311253491559,5.11658334732056,apf
2459648.773647,-27.7056457874101,5.69723987579346,apf
2459649.866404,-24.8231491976953,1.56803727149963,hires_j,0.2986,0.001
2459649.871751,-28.5868133261451,1.6533876657486,hires_j,0.2973,0.001
2459649.877226,-23.360255664986,1.50964796543121,hires_j,0.2968,0.001
2459649.88321,-27.8046548824914,1.69023394584656,hires_j,0.2966,0.001
2459649.889031,-26.9096007826916,1.70901143550873,hires_j,0.2954,0.001
2459649.89498,-24.3841890456121,1.64757609367371,hires_j,0.2973,0.001
2459649.900987,-28.6004044900405,1.59874761104584,hires_j,0.297,0.001
2459649.906659,-21.9578395030529,1.38730585575104,hires_j,0.2953,0.001
2459649.911832,-25.8586509942097,1.45614469051361,hires_j,0.2953,0.001
2459649.916796,-23.307761378904,1.53387761116028,hires_j,0.2969,0.001
2459649.921878,-25.3276900129036,1.50634431838989,hires_j,0.2969,0.001
2459649.926854,-25.0019159058387,1.48531997203827,hires_j,0.297,0.001
2459649.931715,-26.9838388561613,1.53752624988556,hires_j,0.2966,0.001
2459649.9366,-22.4329918729022,1.58284556865692,hires_j,0.2963,0.001
2459649.941484,-21.7895361331635,1.56574070453644,hires_j,0.2951,0.001
2459649.946357,-23.7638856736461,1.56600308418274,hires_j,0.2962,0.001
2459649.951241,-24.4866484839826,1.66147589683533,hires_j,0.2951,0.001
2459649.956183,-15.5915469664323,1.50420224666595,hires_j,0.2962,0.001
2459649.961634,-14.3765286836502,1.60035300254822,hires_j,0.2969,0.001
2459649.967606,-16.601584684045,1.51200067996979,hires_j,0.2943,0.001
2459649.972791,-16.22899532111,1.53371751308441,hires_j,0.2962,0.001
2459649.977675,-16.6629968823329,1.48390054702759,hires_j,0.295,0.001
2459649.982467,-13.0695796186746,1.64494407176971,hires_j,0.2954,0.001
2459649.987293,-16.7520765660774,1.53889989852905,hires_j,0.2947,0.001
2459649.992235,-13.9813836744381,1.61638498306274,hires_j,0.2952,0.001
2459649.997154,-14.591423428095,1.47572147846222,hires_j,0.2949,0.001
2459650.002513,-14.0725005206064,1.4832592010498,hires_j,0.2951,0.001
2459650.008277,-18.3297313937325,1.53351998329163,hires_j,0.001
2459650.01448,-24.1555513898822,1.59829664230347,hires_j,0.2962,0.001
2459650.020336,-25.4685340583242,1.63219404220581,hires_j,0.2967,0.001
2459650.026794,-22.1555861594763,1.5945645570755,hires_j,0.2944,0.001
2459650.033172,-23.819795591805,1.6224205493927,hires_j,0.2962,0.001
2459650.039294,-21.0659917091588,1.47580671310425,hires_j,0.2951,0.001
2459650.045394,-30.6961031423965,1.66126704216003,hires_j,0.2948,0.001
2459650.051494,-29.6984905486859,1.46010184288025,hires_j,0.2959,0.001
2459650.057061,-32.8038449368233,1.59642481803894,hires_j,0.2957,0.001
2459650.062396,-35.103288788923,1.5290355682373,hires_j,0.295,0.001
2459650.068009,-35.5007789844908,1.49335408210754,hires_j,0.295,0.001
2459650.074259,-31.0666362151488,1.65382075309753,hires_j,0.2944,0.001
2459650.080578,-30.1299495403913,1.68390202522278,hires_j,0.2957,0.001
2459650.086701,-37.4266867970479,1.50266075134277,hires_j,0.2953,0.001
2459650.092962,-34.1660786016332,1.52845394611359,hires_j,0.296,0.001
2459650.099374,-33.8977934596616,1.51963126659393,hires_j,0.2953,0.001
2459650.105358,-33.0775317411978,1.57793617248535,hires_j,0.2958,0.001
2459650.111145,-27.6080398704731,1.69518864154816,hires_j,0.2944,0.001
2459650.11685,-23.5373041237453,1.58801090717316,hires_j,0.2944,0.001
2459650.122649,-26.9164928888324,1.47097229957581,hires_j,0.2934,0.001
2459650.12817,-24.5901966910911,1.66887319087982,hires_j,0.294,0.001
2459650.133679,-26.2845066909258,1.65046644210815,hires_j,0.2934,0.001
2459650.139292,-27.1361856279612,1.59928011894226,hires_j,0.2941,0.001
2459650.144883,-28.872370070902,1.55440032482147,hires_j,0.2933,0.001
2459650.150843,-24.3376412641274,1.60791289806366,hires_j,0.2933,0.001
2459650.157036,-25.6658765355001,1.42426216602325,hires_j,0.2944,0.001
2459650.81929,-50.5589441245941,4.74447679519653,apf
2459651.768946,-37.46297570037,4.79242467880249,apf
2459652.818472,64.8376291754013,5.65456485748291,apf
2459655.061384,-23.0020692599772,1.64709794521332,hires_j,0.3221,0.001
2459655.802106,-15.503335187023,5.32313203811646,apf
2459656.804373,-17.2960590323824,5.11334657669067,apf
2459657.078949,-1.35199498701987,1.34482860565186,hires_j,0.3097,0.001
2459659.810822,-4.6466512248495,5.45087051391602,apf
2459661.812734,139.765169353562,4.6635684967041,apf
2459662.087946,99.2623244815437,1.73434734344482,hires_j,0.3104,0.001
2459662.788793,42.9811604548483,4.8742356300354,apf
2459663.788717,-40.1260913150433,4.84764432907104,apf
2459664.62157819,15.998046880000402,2.46728015,harpsn
2459669.813154,60.2730334019826,5.64665079116821,apf
2459671.778977,-12.9796786506511,4.66127920150757,apf
2459673.809368,16.5467386499644,5.90160989761353,apf
2459674.782017,-80.6878150080538,5.50587463378906,apf
2459676.58316778,-13.666503899999952,1.82208633,harpsn
2459677.57567466,-46.6640625,2.47678518,harpsn
2459677.782066,-24.1323957606034,4.19991016387939,apf
2459678.782548,104.894218905021,4.05111885070801,apf
2459680.795663,-22.7866274507708,5.66007995605469,apf
2459687.785534,92.5114937133897,4.22983741760254,apf
2459693.767457,-3.20181431246615,4.96569204330444,apf
2459694.747829,-3.66000561286299,4.4955620765686,apf
2459696.74364,104.85546277812,4.38132429122925,apf
2459698.773719,8.92259127023588,4.33708190917969,apf
2459699.736463,58.2073471919522,5.24476289749146,apf
2459700.743303,-41.7900091293478,5.78537225723267,apf
2459701.749354,-60.4145275015677,4.59904432296753,apf
2459702.6156528,-27.75390625,2.23061538,harpsn
2459702.73256,-4.28327733481338,5.50401973724365,apf
2459703.6076924,-18.2109375,2.15960479,harpsn
2459703.736077,-23.2368755230516,4.30523920059204,apf
2459711.758478,-44.9860836968087,4.75368022918701,apf
2459712.749424,-7.66045981520961,4.57411050796509,apf
2459713.816351,45.6263748538802,4.3954610824585,apf
2459714.814427,63.1724245680332,5.21076059341431,apf
2459715.782331,-51.1558657435688,5.4351863861084,apf
2459716.788474,36.1990191512279,5.26040410995483,apf
2459717.798691,-23.5533463832745,4.53903198242188,apf
2459719.748445,38.5722026424319,4.78697824478149,apf
2459720.57712095,-16.615234369999598,1.93434548,harpsn
2459721.743671,-2.3609911331971,4.54121065139771,apf
2459722.58076296,57.0175781300004,1.94404709,harpsn
2459722.757962,72.4847185995897,4.68126440048218,apf
2459724.743664,8.20848008630466,5.37450885772705,apf
2459726.747328,-21.3113112554191,4.63244533538818,apf
2459731.758278,88.1250582694541,4.6155481338501,apf
2459739.756169,108.648856807044,5.21631574630737,apf
2459740.740326,28.4226268038924,5.00726699829102,apf
2459745.752442,-6.77084197956295,4.43405103683472,apf
2459748.828792,87.0699048943994,1.83168923854828,hires_j,0.3145,0.001
2459749.856133,-16.0981277030025,1.80099284648895,hires_j,0.3227,0.001
2459753.876814,-3.04805354377392,6.32181644439697,apf
2459754.731861,-65.7704678111663,5.20267343521118,apf
2459755.731382,-14.2715385893683,4.51639032363892,apf
2459760.916198,-9.90542637149012,5.27195072174072,apf
2459761.907528,25.3164976866364,5.06639337539673,apf
2459763.896277,15.7427608352092,6.63170957565308,apf
2459765.49958427,76.13525390999985,1.75326884,harpsn
2459766.49543626,27.693359380000402,1.46053112,harpsn
2459768.749496,-23.5120961009542,5.03334951400757,apf
2459770.874511,13.3821629383207,5.34084177017212,apf
2459771.779404,-22.2540232086931,1.54367434978485,hires_j,0.3049,0.001
2459771.833256,-27.5353447592993,5.48170518875122,apf
2459772.751296,-59.5764604696193,4.79114961624146,apf
2459775.828733,40.2979475306279,5.05855131149292,apf
2459776.824517,-59.7657937392286,5.61398649215698,apf
2459785.43278989,-37.390136719999646,6.43250513,harpsn
2459786.45288218,-17.613769529999445,3.98049641,harpsn