1624.9155,-10941.78,0.53,39.28,1.05,5420.31,1.05,48.6536,0.0095,0.385423,0.000045,1.03784,0.00077,-4.88636,0.00037,0.126590,0.000028,ESPR18,
1625.8988,-10940.59,0.53,40.23,1.06,5421.60,1.06,48.6542,0.0095,0.391076,0.000045,1.05219,0.00078,-4.87957,0.00036,0.127015,0.000029,ESPR18,
1639.9110,-10947.06,0.54,36.42,1.07,5367.48,1.07,49.1624,0.0098,0.371145,0.000047,0.90568,0.00081,-4.95443,0.00045,0.119632,0.000030,ESPR18,
1695.8184,-10937.00,0.51,37.75,1.02,5421.49,1.02,48.5764,0.0091,0.385472,0.000041,0.98585,0.00076,-4.91188,0.00038,0.126291,0.000027,ESPR19,
1700.6865,-10937.11,0.41,37.83,0.82,5422.11,0.82,48.5608,0.0073,0.390577,0.000030,1.01640,0.00056,-4.89670,0.00027,0.126073,0.000020,ESPR19,
1716.6857,-10948.29,0.35,36.77,0.69,5355.40,0.69,49.1781,0.0064,0.360964,0.000025,0.81831,0.00039,-5.00610,0.00025,0.121070,0.000016,ESPR19,
1720.6411,-10947.35,0.44,30.64,0.88,5360.30,0.88,49.1085,0.0081,0.358732,0.000033,0.79238,0.00062,-5.02270,0.00041,0.120673,0.000022,ESPR19,
1731.7332,-10945.15,0.32,34.49,0.63,5394.83,0.63,48.9025,0.0057,0.380737,0.000024,0.94832,0.00032,-4.93128,0.00017,0.125054,0.000015,ESPR19,
1753.6880,-10946.36,0.38,34.71,0.76,5357.19,0.76,49.3298,0.0070,0.357409,0.000030,0.81142,0.00045,-5.01045,0.00028,0.122561,0.000019,ESPR19,
1759.5795,-10946.35,0.36,32.06,0.73,5371.06,0.73,49.1836,0.0067,0.363955,0.000028,0.82325,0.00043,-5.00301,0.00027,0.122094,0.000018,ESPR19,
1761.5278,-10945.22,0.52,32.19,1.04,5374.76,1.04,49.2190,0.0096,0.369657,0.000042,0.80601,0.00085,-5.01389,0.00054,0.121363,0.000028,ESPR19,
1764.7147,-10943.89,0.64,38.66,1.27,5390.68,1.27,49.0911,0.0116,0.376129,0.000055,0.82926,0.00109,-4.99927,0.00067,0.122222,0.000036,ESPR19,
1773.7389,-10942.66,0.45,31.92,0.90,5420.93,0.90,48.7332,0.0080,0.388480,0.000036,0.96552,0.00060,-4.92228,0.00031,0.125928,0.000023,ESPR19,
1775.5104,-10936.30,0.55,31.72,1.10,5432.45,1.10,48.6620,0.0099,0.417495,0.000047,1.12249,0.00088,-4.84777,0.00038,0.129466,0.000031,ESPR19,
1777.6520,-10937.50,0.43,37.83,0.85,5441.77,0.85,48.5984,0.0076,0.393579,0.000034,1.00005,0.00055,-4.90476,0.00027,0.126913,0.000022,ESPR19,
1779.5144,-10938.56,0.37,42.28,0.73,5434.31,0.73,48.5931,0.0065,0.394364,0.000028,0.99512,0.00043,-4.90722,0.00022,0.126986,0.000018,ESPR19,
1781.5462,-10944.48,0.37,46.67,0.74,5417.39,0.74,48.7452,0.0067,0.380686,0.000029,0.97410,0.00043,-4.91786,0.00022,0.127938,0.000018,ESPR19,
1783.5516,-10948.86,0.40,45.16,0.80,5395.09,0.80,48.9484,0.0072,0.370263,0.000032,0.92299,0.00048,-4.94488,0.00026,0.124847,0.000020,ESPR19,
1785.5385,-10950.85,0.45,39.26,0.90,5375.24,0.90,49.1396,0.0082,0.363986,0.000036,0.88002,0.00064,-4.96898,0.00037,0.124126,0.000024,ESPR19,
1788.5874,-10947.27,0.32,34.40,0.65,5357.39,0.65,49.2567,0.0060,0.368010,0.000025,0.88642,0.00034,-4.96530,0.00020,0.122228,0.000016,ESPR19,
1790.5234,-10947.99,0.41,33.84,0.81,5356.53,0.81,49.2901,0.0075,0.357164,0.000033,0.81452,0.00051,-5.00849,0.00032,0.120587,0.000021,ESPR19,
1792.5378,-10948.75,0.50,24.92,1.00,5366.99,1.00,49.3602,0.0092,0.360088,0.000043,0.85841,0.00074,-4.98162,0.00044,0.123089,0.000028,ESPR19,
1800.6578,-10945.13,0.36,33.88,0.71,5386.59,0.71,49.0094,0.0065,0.387253,0.000028,0.93504,0.00041,-4.93836,0.00022,0.118903,0.000017,ESPR19,
1802.6901,-10947.55,0.41,39.67,0.82,5381.04,0.82,49.0912,0.0075,0.372320,0.000032,0.90878,0.00054,-4.95270,0.00030,0.121021,0.000021,ESPR19,
1804.5346,-10947.66,0.41,39.67,0.82,5384.89,0.82,49.1513,0.0075,0.380442,0.000033,0.92558,0.00053,-4.94347,0.00029,0.118453,0.000021,ESPR19,
1806.6944,-10946.53,0.62,39.69,1.24,5371.67,1.24,49.2142,0.0114,0.376005,0.000052,0.82942,0.00116,-4.99918,0.00072,0.119776,0.000035,ESPR19,
1808.6438,-10943.99,0.53,34.20,1.05,5387.26,1.05,49.1196,0.0096,0.375296,0.000042,0.90325,0.00088,-4.95579,0.00050,0.118521,0.000028,ESPR19,
1826.5563,-10949.14,0.44,35.44,0.89,5349.96,0.89,49.3771,0.0082,0.357788,0.000036,0.80390,0.00060,-5.01524,0.00038,0.119712,0.000024,ESPR19,
1828.5824,-10952.13,0.42,31.18,0.84,5354.82,0.84,49.4118,0.0077,0.359587,0.000033,0.80012,0.00056,-5.01768,0.00036,0.119511,0.000022,ESPR19,
1831.5372,-10943.30,0.38,33.27,0.76,5368.22,0.76,49.2581,0.0069,0.365068,0.000030,0.86618,0.00046,-4.97703,0.00027,0.120023,0.000019,ESPR19,
1833.5446,-10944.06,0.40,30.03,0.81,5378.18,0.81,49.1901,0.0074,0.366078,0.000032,0.86786,0.00050,-4.97604,0.00030,0.120272,0.000021,ESPR19,
1835.5369,-10940.80,0.34,34.44,0.69,5384.98,0.69,49.0986,0.0063,0.367572,0.000026,0.89148,0.00038,-4.96242,0.00022,0.121087,0.000017,ESPR19,
1837.5436,-10945.14,0.37,37.09,0.73,5391.08,0.73,49.0579,0.0066,0.369649,0.000028,0.88513,0.00043,-4.96604,0.00024,0.120767,0.000018,ESPR19,
2196.5451,-10947.61,0.35,41.56,0.70,5357.39,0.70,49.2298,0.0065,0.358309,0.000027,0.83258,0.00040,-4.99723,0.00024,0.119176,0.000018,ESPR19,
2198.5843,-10949.16,0.37,37.47,0.74,5342.94,0.74,49.3860,0.0069,0.355255,0.000029,0.79223,0.00044,-5.02280,0.00029,0.118246,0.000019,ESPR19,
2202.6067,-10950.94,0.38,34.78,0.76,5328.65,0.76,49.5718,0.0071,0.352270,0.000029,0.75243,0.00049,-5.04958,0.00034,0.114442,0.000020,ESPR19,
2208.5754,-10947.84,0.52,29.65,1.05,5325.52,1.05,49.5396,0.0097,0.349274,0.000043,0.72902,0.00088,-5.06615,0.00063,0.112671,0.000029,ESPR19,
2210.5504,-10945.94,0.44,36.31,0.88,5325.87,0.88,49.5534,0.0082,0.352338,0.000036,0.77935,0.00061,-5.03129,0.00041,0.113303,0.000024,ESPR19,
2212.5915,-10948.02,0.53,32.84,1.06,5326.05,1.06,49.5374,0.0099,0.351217,0.000044,0.74023,0.00087,-5.05813,0.00061,0.112939,0.000030,ESPR19,
2214.5649,-10946.66,0.92,41.12,1.85,5361.35,1.85,48.8468,0.0168,0.348083,0.000081,0.50984,0.00276,-5.26266,0.00314,0.115749,0.000059,ESPR19,
2217.5431,-10950.25,0.45,33.40,0.90,5329.28,0.90,49.6074,0.0084,0.352633,0.000036,0.70613,0.00067,-5.08297,0.00050,0.113612,0.000024,ESPR19,
2227.5646,-10937.63,0.71,45.37,1.43,5417.06,1.43,48.5572,0.0128,0.361443,0.000060,0.77760,0.00165,-5.03245,0.00110,0.120304,0.000043,ESPR19,
2229.5401,-10945.18,0.51,41.02,1.01,5374.36,1.01,49.2166,0.0093,0.370459,0.000041,0.86451,0.00080,-4.97801,0.00047,0.119580,0.000028,ESPR19,
2236.5182,-10948.47,0.52,37.67,1.05,5340.13,1.05,49.4102,0.0097,0.360876,0.000043,0.75023,0.00083,-5.05111,0.00058,0.114238,0.000029,ESPR19,
2239.5297,-10946.45,0.78,41.89,1.56,5331.51,1.56,49.6497,0.0145,0.354254,0.000068,0.76698,0.00176,-5.03960,0.00119,0.113457,0.000048,ESPR19,
1501.6148,-0.71,0.67,0.017,6.115,44.00,0.8794,0.1912,1.0430,0.7758
1502.6504,3.13,0.57,0.015,6.114,43.99,0.8745,0.1938,1.0444,0.7718
1504.6919,0.85,0.60,0.018,6.126,43.98,0.8752,0.1903,1.0456,0.7709
1508.6066,0.00,0.46,0.022,6.123,43.94,0.8956,0.1984,1.0448,0.7529
1508.6288,-0.44,0.55,0.020,6.125,43.92,0.8973,0.2055,1.0470,0.7547
1516.7304,-0.30,0.88,0.018,6.119,44.01,0.8877,0.1846,1.0464,0.7577