2459558.7021948,37.96608,0.00334,0.17175,0.00022,
2459558.7047237,37.96910,0.00352,0.17114,0.00023,
2459558.7072542,37.97525,0.00316,0.17130,0.00021,
2459558.7097828,37.97108,0.00301,0.17048,0.00021,
2459558.7123121,37.96384,0.00262,0.17152,0.00019,
2459558.7148410,37.96083,0.00304,0.17034,0.00021,
2459558.7173617,37.97112,0.00283,0.17075,0.00020,
2459558.7198899,37.97391,0.00273,0.17078,0.00019,
2459558.7224178,37.97967,0.00280,0.17149,0.00020,
2459558.7249359,37.97180,0.00283,0.17106,0.00020,
2459558.7274613,37.98788,0.00286,0.17168,0.00020,
2459558.7299908,37.99163,0.00300,0.17087,0.00021,
2459558.7325242,37.98888,0.00324,0.17139,0.00022,
2459558.7350516,38.00003,0.00336,0.17129,0.00022,
2459558.7375717,37.98228,0.00319,0.16984,0.00021,
2459558.7400964,37.98709,0.00297,0.17030,0.00021,
2459558.7426159,37.99123,0.00339,0.17052,0.00022,
2459558.7451400,37.99678,0.00337,0.17109,0.00022,
2459558.7476639,37.97561,0.00368,0.16967,0.00023,
2459558.7501844,37.96764,0.00359,0.17011,0.00023,
2459558.7527129,37.97595,0.00324,0.17047,0.00022,
2459558.7552439,37.98280,0.00317,0.17184,0.00022,
2459558.7577648,37.97791,0.00299,0.17160,0.00021,
2459558.7602871,37.97036,0.00345,0.17171,0.00023,
2459558.7628070,37.96939,0.00324,0.17071,0.00022,
2459558.7653380,37.96580,0.00314,0.17145,0.00021,
2459558.7678639,37.95428,0.00295,0.17158,0.00021,
2459558.7703958,37.95082,0.00277,0.17129,0.00020,
2459558.7729244,37.94581,0.00303,0.17070,0.00021,
2459558.7754543,37.95193,0.00300,0.17083,0.00021,
2459558.7779786,37.93933,0.00311,0.17148,0.00021,
2459558.7805062,37.94283,0.00257,0.17120,0.00019,
2459558.7830299,37.93808,0.00305,0.17228,0.00021,
2459558.7855602,37.93885,0.00283,0.17190,0.00020,
2459558.7880796,37.92539,0.00276,0.17118,0.00020,
2459558.7906045,37.92331,0.00288,0.17170,0.00021,
2459558.7931330,37.92405,0.00284,0.17175,0.00020,
2459558.7956635,37.92172,0.00286,0.17150,0.00020,
2459558.7981924,37.92039,0.00298,0.17140,0.00021,
2459558.8007128,37.92260,0.00290,0.17119,0.00021,
2459558.8032430,37.91639,0.00296,0.17162,0.00021,
2459558.8057738,37.91738,0.00296,0.17148,0.00021,
2459558.8083037,37.92711,0.00285,0.17072,0.00020,
2459558.8108276,37.93645,0.00262,0.17202,0.00019,
2459558.8133571,37.93732,0.00252,0.17209,0.00019,
2459558.8158835,37.93332,0.00248,0.17095,0.00019,
2459558.8184121,37.94977,0.00253,0.17177,0.00019,
2459558.8209383,37.94681,0.00278,0.17242,0.00020,
2459558.8234680,37.94543,0.00323,0.17181,0.00022,
2459558.8259946,37.94940,0.00270,0.17162,0.00020,
2459558.8285238,37.94455,0.00298,0.17115,0.00021,
2459558.8310499,37.94668,0.00295,0.17107,0.00021,
2459558.8335793,37.94689,0.00354,0.17142,0.00023,
2459558.8360990,37.94739,0.00346,0.17149,0.00023,
2459558.8386285,37.94713,0.00339,0.17097,0.00023,
2459558.8411549,37.94462,0.00282,0.17206,0.00020,
2459558.8436842,37.93796,0.00270,0.17170,0.00020,
2459558.8473803,37.93813,0.00303,0.17137,0.00021,
2459558.8499104,37.94440,0.00301,0.17184,0.00021,
2459558.8524396,37.93968,0.00292,0.17158,0.00021,
2459558.8549660,37.93728,0.00307,0.17101,0.00021,
2459558.8574960,37.94566,0.00256,0.17169,0.00019,
2459578.84437,38.1316,0.0120,
2459579.83444,38.1878,0.0124,
2459893.84511,38.1366,0.0125,
2459896.82678,37.9378,0.0146,
2459899.84301,37.9646,0.0102,
2459929.79828,37.9731,0.0107,
2459940.79713,38.0217,0.0105,
2459942.86065,37.8956,0.0097,
2459953.77409,37.8940,0.0102