6362.736988,-16069.0,0007.0,-0.005,-5.046
6484.535732,-16139.0,0008.0,0.034,-5.290
6485.620551,-16112.0,0011.0,-0.011,-5.303
6506.435512,-16143.0,0007.0,0.018,-5.154
6507.544966,-16078.0,0018.0,0.050,-5.181
6508.534111,-16071.0,0010.0,-0.045,-5.259
6509.530003,-16139.0,0009.0,-0.022,-5.257
6543.363868,-16052.0,0007.0,-0.010,-5.068
6583.321741,-16036.0,0010.0,-0.041,-5.189
6586.336543,-16039.0,0009.0,-0.024,-5.109
6696.775058,-16078.0,0020.0,-0.033,-5.058
6699.728820,-16049.0,0009.0,-0.012,-5.117
6701.762988,-16145.0,0009.0,0.007,-5.099
6786.659718,-16135.0,0012.0,-0.010,-5.160
6787.693684,-16130.0,0010.0,0.010,-5.111
6857.483512,-16109.0,0007.0,0.030,-5.089
6858.451440,-16151.0,0008.0,0.027,-5.169
4372.8748490,12.976,3.905,TRES-4
5286.0772448,59.089,3.582,TRES-4
5762.8519781,-12.285,3.216,TRES-4
6112.7633648,-2.020,3.966,TRES-4
6115.7938438,-40.077,3.806,TRES-4
6140.7712070,-19.454,4.067,TRES-4