53034.254184,201.61,10.91,7.15,17.79
53341.420903,–277.82,8.86,–40.75,10.281
54060.455116,58.74,7.21,10.89,18.62
54198.278600,174.18,7.12,30.91,19.80
54216.230660,101.99,6.78,–0.41,19.81
54254.129931,–109.79,8.00,7.19,22.56
54516.208681,–109.91,7.30,–19.29,18.88
54575.245828,142.40,8.78,5.31,10.46
54619.123189,212.62,9.21,70.09,26.96
54775.490203,80.91,8.45,–4.51,26.53
54792.437269,78.37,7.70,30.43,21.23
54811.393223,14.82,9.74,6.40,29.30
54837.316163,–115.27,11.67,–0.31,40.95
54837.329063,–107.42,12.38,75.23,39.54
54845.509659,–140.33,9.77,–7.47,27.24
54874.429225,–269.11,7.79,–4.04,19.48
55184.362749,192.26,8.63,30.85,32.19
55184.374468,197.96,8.79,0.83,26.31
55209.303594,207.83,7.12,17.39,23.89
55209.313466,209.53,7.64,4.82,26.16
55218.292894,220.24,9.00,–28.27,27.17
55222.270272,187.358,6.90,0.13,19.40
55268.350168,80.33,7.46,49.10,15.92
55502.500185,–371.49,7.78,–17.98,22.42
55518.451788,–361.94,7.62,–4.79,22.18
55527.439971,–384.03,6.66,16.32,19.70
55566.339595,–213.77,8.89,7.95,28.54
55603.224138,–97.50,6.86,–5.88,17.14
55634.139728,–70.81,6.40,67.60,14.07
55688.206001,–69.46,6.75,38.01,17.86
55883.448738,–49.99,8.23,18.67,23.76
55930.323171,–68.38,6.94,28.96,20.55
55956.462627,–114.70,6.25,30.60,17.49
55971.420764,–104.14,6.25,8.96,14.53
55987.377512,–129.70,6.56,66.70,18.15
55997.344537,–149.67,7.57,–28.59,21.90
56009.318727,–189.08,6.06,64.38,16.28
56016.287488,–217.76,6.38,17.15,15.94
56018.286516,–225.42,7.01,–10.45,16.14
56060.165961,–378.08,8.53,36.02,25.98
56063.178310,–379.03,6.59,40.91,18.01
56071.135023,–380.66,8.36,42.97,25.69
56089.113461,–381.59,7.29,10.16,18.20
56232.501065,–47.09,6.41,–6.83,13.74
56243.470914,–19.80,6.80,–2.60,15.24
56255.443970,–24.33,6.71,22.27,16.33
56259.432107,–23.30,5.75,–12.58,13.85
56262.420046,–10.08,6.55,–10.74,16.13
56280.380990,11.011,7.99,46.65,25.03
56313.288785,98.37,5.94,10.91,15.92
56327.437049,137.30,6.89,8.93,16.34
56345.183628,213.16,7.57,53.46,19.54
56354.162980,230.34,6.54,67.84,17.30
56359.138568,207.75,10.23,–49.80,38.27
56360.131946,228.97,11.18,–70.25,42.11
56363.341221,231.11,6.84,–17.48,20.15
56372.132506,226.68,6.96,42.44,17.91
56378.319306,231.26,7.67,16.70,27.31
56379.088264,228.93,6.52,3.81,19.32
56379.289300,209.79,11.91,–20.05,40.86
56381.280081,237.11,6.44,6.18,16.45
56395.262373,220.22,6.89,16.10,16.08
56408.226892,174.33,8.13,37.06,23.73
56410.220920,184.51,6.85,49.91,15.98
56416.205469,160.85,7.12,30.07,21.18
56425.181013,142.44,6.73,22.24,16.01
56431.159358,99.29,6.71,36.12,16.48
56444.120550,18.04,6.77,27.00,17.04
56445.128015,23.41,7.16,1.61,18.03
56277.214162,37767.53,0001.20,0.07582
56277.286630,37768.89,0001.60,0.07580
56294.098292,37775.15,0000.94,0.08609
56294.275817,37792.36,0001.08,0.07573
56321.071935,37877.48,0001.53,0.08774
56321.229399,37886.66,0001.28,0.08015
56373.919742,37969.77,0001.22,0.08078
56374.050295,37985.11,0001.68,0.08346
56410.873491,37935.58,0001.43,0.10052
56411.019144,37918.75,0001.46,0.10148
56430.900812,37818.72,0001.79,0.08952
56430.977531,37841.29,0001.46,0.08561
56647.145306,37416.58,0002.57,0.08056
56647.275526,37437.39,0001.75,0.07915
56685.050558,37435.22,0001.69,0.07766
56685.200954,37452.09,0001.97,0.06340
56685.268427,37432.00,0002.80,0.06131
