4849.41844,19.2172,0.0119
4849.42764,19.2028,0.0112
4849.43654,19.1811,0.0111
4849.44552,19.1807,0.0111
4849.45469,19.1678,0.0108
4849.46419,19.1685,0.0106
4849.47405,19.1444,0.0106
4849.48469,19.1353,0.0108
4849.49611,19.0984,0.0118
4849.50751,19.0857,0.0121
4849.51895,19.0812,0.0123
4849.53036,19.0532,0.0123
4849.54177,19.0163,0.0121
4849.55319,19.0076,0.0129
4849.56461,19.0083,0.0119
4849.57603,18.9966,0.0132
4889.37950,19.1295,0.0040
4890.44193,19.0795,0.0047
4912.37616,19.1793,0.0085
4914.36671,18.9750,0.0044
4926.34294,18.9295,0.0043
4935.32914,19.2684,0.0118
4936.31657,19.1644,0.0068
5269.37102,19.3050,0.0038
5271.33688,19.0719,0.0039
5272.38229,19.0430,0.0039
5273.33965,18.8919,0.0039
5282.31904,19.1749,0.0045
5283.35164,19.1109,0.0049
5188.0305438,-0.162207,0.003547,WASP-12
5196.8468614,-0.191867,0.002735,WASP-12
5197.9300834,-0.206846,0.004282,WASP-12
5198.9615103,-0.181584,0.002974,WASP-12
5229.8603387,0.031583,0.003368,WASP-12
5250.8671420,0.233202,0.002719,WASP-12
5255.8078868,-0.206649,0.002252,WASP-12
5256.8957647,-0.204966,0.002627,WASP-12
5260.8152146,0.180994,0.002660,WASP-12
5284.7867275,0.216651,0.002871,WASP-12
5285.8140215,0.236385,0.004084,WASP-12
5289.7885953,-0.096328,0.002374,WASP-12
5312.7438303,-0.052304,0.002867,WASP-12
5438.1282287,-0.168790,0.002831,WASP-12
5521.9594323,-0.130776,0.002570,WASP-12
5543.0899218,0.011793,0.002930,WASP-12
5545.9838837,-0.156195,0.002849,WASP-12
5559.9152033,0.132147,0.001558,WASP-12
5636.8433023,-0.137903,0.002614,WASP-12
5671.7699036,-0.102032,0.002432,WASP-12
5672.7718955,-0.189815,0.002533,WASP-12
5673.7880314,-0.199358,0.002796,WASP-12
5852.0126148,0.074737,0.003098,WASP-12
5878.9980568,-0.209701,0.003836,WASP-12
5901.9607633,-0.190862,0.002966,WASP-12
5928.7669001,0.122703,0.000816,WASP-12
6197.0817877,0.213631,0.003471,WASP-12
6210.0908535,0.178304,0.003112,WASP-12
6637.9452447,0.211188,0.003128,WASP-12
6244.7350605,18.92209,0.00569
6322.6296187,19.29543,0.00442
6324.5715353,19.09295,0.01485
6404.3852271,19.29434,0.00853
6405.3731597,19.16125,0.01233
6406.3853502,19.04773,0.00718
6545.7506126,18.91420,0.00464
6548.7200002,19.22083,0.00496
6549.7585014,19.28353,0.00428
6620.7292354,19.23871,0.00377
6657.4410530,19.09381,0.01239
6702.4590003,19.31018,0.00369
7003.6617090,19.29893,0.00555
7011.6755633,18.98033,0.00664
7029.6265419,19.09696,0.00454