2457760.081152,-1.38,1.72,1.085,0.001,1
2457760.121746,4.83,1.57,1.058,0.001,1
2457760.164031,7.16,1.55,1.144,0.001,1
2457764.124912,-13.31,1.55,1.047,0.001,1
2457765.058488,-2.94,1.50,1.221,0.001,1
2457766.062488,3.33,1.51,1.076,0.001,1
2457788.098712,1.62,1.72,1.014,0.001,1
2457789.081827,3.72,1.71,1.051,0.001,1
2457790.082269,-4.18,1.57,1.086,0.001,1
2457791.002344,-16.74,1.61,1.164,0.001,1
2457793.072951,-5.30,1.48,0.994,0.001,1
2457794.970762,12.43,1.69,1.064,0.001,1
2457802.923643,-27.41,1.46,1.015,0.001,1
2457803.939336,-20.51,1.64,0.960,0.001,1
2457805.921120,2.45,1.52,0.926,0.001,1
2457806.971881,1.97,1.57,0.942,0.001,1
2457829.034239,11.36,1.68,0.907,0.001,1
2457830.057820,3.20,1.63,0.941,0.001,1
2457830.984569,-13.84,1.72,0.948,0.001,1
2457886.944852,11.60,1.60,0.867,0.001,1
2457887.985631,-3.11,1.63,1.199,0.001,1
2457925.867907,18.27,1.68,0.983,0.001,1
2457926.865637,20.96,1.64,0.765,0.001,1
2457932.776213,9.50,1.59,0.865,0.001,1
2457939.780396,-7.80,1.75,0.956,0.001,1
2457940.826821,-13.28,2.02,1.151,0.001,1
2458125.035410,10.62,1.64,0.678,0.001,1
2458125.071201,3.98,1.54,1.036,0.001,1
2458125.138025,12.44,1.50,1.054,0.001,1
2458150.023351,21.71,1.84,1.018,0.001,1
2458150.985391,9.08,1.71,1.139,0.001,1
2458294.767638,-6.39,1.56,1.156,0.001,1
2458295.786394,-4.06,1.74,1.078,0.001,1
2458298.782099,17.08,1.78,1.164,0.001,1
2458299.776645,1.06,1.69,0.937,0.001,1
2458300.797090,-9.10,1.63,0.867,0.001,1
2458303.786325,26.10,1.55,0.918,0.001,1
2458610.854708,-15.09,1.80,0.887,0.001,1
2458615.776658,-13.34,1.81,0.902,0.001,1
2458616.886231,-5.48,1.47,0.885,0.001,1
2458622.837204,-9.68,1.63,0.880,0.001,1
2458623.814450,-1.72,1.48,1.047,0.001,1
2458627.827249,-15.93,1.56,0.928,0.001,1
2458628.798622,-5.55,1.49,0.908,0.001,1
2458632.825981,-8.68,1.53,0.793,0.001,1
2458633.839963,-5.08,1.51,0.894,0.001,1
2458828.138110,-14.46,1.47,0.820,0.001,1
2458833.097371,-26.53,1.56,0.812,0.001,1
2458881.061228,1.25,1.48,0.753,0.001,1
2458884.961746,-24.09,1.46,0.777,0.001,1
2458903.913288,5.18,2.18,0.660,0.001,1
2458904.901542,4.98,1.49,0.732,0.001,1
2458906.896566,-13.60,1.61,0.752,0.001,1
2458913.129551,-17.92,1.67,0.718,0.001,1
2458917.972771,-11.40,1.72,0.737,0.001,1
2458919.015416,-13.57,1.59,0.696,0.001,1
2458995.823793,21.31,2.02,0.734,0.001,1
2459013.778060,10.21,1.43,0.787,0.001,1
2459031.784704,10.35,1.91,0.747,0.001,1
2459041.763656,22.77,1.71,0.798,0.001,1
2455651.762169,-7.43,9.87,2
2455674.666370,-9.29,7.05,2
2455683.663183,8.62,6.93,2
2455706.521724,27.38,7.72,2
2455763.493443,8.98,7.96,2
2455963.760279,37.27,9.75,2
2455983.823533,-19.14,7.17,2
2456069.631011,-21.18,10.55,2
2456071.564524,12.67,8.44,2
2456101.565496,16.84,9.68,2
2456113.500846,14.19,9.75,2
2456311.848333,6.63,7.10,2
2456314.802537,-0.50,8.38,2
2456315.834092,-16.41,7.94,2
2456316.839336,-9.96,7.17,2
2456318.836905,29.76,7.25,2
2456335.791048,8.23,9.23,2
2456339.837361,-14.51,8.65,2
2456341.838321,14.64,9.97,2
2456344.769695,-11.37,12.31,2
2456360.688366,-14.25,9.98,2
2456362.803390,-2.08,12.59,2
2456364.752094,0.00,10.45,2
2456369.801168,26.29,10.27,2
2456441.566921,11.59,13.05,2
2456444.572138,29.80,11.62,2
2456445.607445,13.69,10.53,2
2456454.471638,-10.36,9.34,2
2456481.535090,-7.06,9.81,2
2456486.481036,-29.01,9.04,2
2456687.793197,-18.44,10.06,2