2456933.502525,4.9074,0.0080
2456933.509760,4.9016,0.0065
2456933.516999,4.9078,0.0045
2456933.524234,4.9027,0.0038
2456933.531469,4.9055,0.0037
2456933.538699,4.9101,0.0035
2456933.545929,4.9023,0.0041
2456933.553165,4.9072,0.0035
2456933.560400,4.9082,0.0040
2456933.567644,4.9028,0.0035
2456933.574884,4.9131,0.0033
2456933.582122,4.9134,0.0039
2456933.589366,4.9077,0.0037
2456933.596598,4.9033,0.0042
2456933.603834,4.9046,0.0040
2456933.611071,4.8997,0.0042
2456933.618316,4.8912,0.0042
2456933.625565,4.8871,0.0033
2456933.632809,4.8809,0.0035
2456933.640053,4.8795,0.0035
2456933.647298,4.8778,0.0032
2456933.654533,4.8779,0.0038
2456933.661763,4.8794,0.0037
2456933.669002,4.8859,0.0037
2456933.676238,4.8870,0.0038
2456933.683469,4.8910,0.0041
2456933.690700,4.8847,0.0037
2456933.697935,4.8816,0.0038
2456933.705166,4.8845,0.0035
2456933.712397,4.8735,0.0040
2456933.719632,4.8812,0.0043
2456933.726867,4.8798,0.0042
2454462.395,4.8689,0.0185,NOT
2454463.456,4.8725,0.0203,NOT
2454465.404,4.9208,0.0258,NOT
2454466.440,4.8262,0.0244,NOT
2454466.443,4.9486,0.0246,NOT
2454491.424,4.9339,0.0220,NOT
2454508.3700,4.8910,0.0103,0.011,SOPHIE
2454509.3534,5.0104,0.0084,0.000,SOPHIE
2454510.3813,4.8989,0.0120,0.025,SOPHIE
2454511.3092,4.8515,0.0076,-0.002,SOPHIE
2454511.3800,4.8330,0.0106,-0.002,SOPHIE
2454511.4206,4.8235,0.0143,-0.035,SOPHIE
2454512.3848,4.9482,0.0096,0.022,SOPHIE
2456202.7409913,4.97663,0.00376
2456244.7105938,4.94987,0.00489
2456545.7405867,4.98101,0.00276
2456548.6403392,4.94348,0.00452
2456549.6361876,4.96549,0.00276
2456570.7163363,4.90752,0.00337
2456580.7277111,4.82636,0.00509
2456581.7412327,4.88656,0.00363
2456606.6470643,4.83735,0.00452
2456621.4074654,4.85150,0.00254
2456698.4336366,4.99136,0.00373
2456702.4178403,4.96677,0.00307
2456933.5017446,4.90742,0.00802
2456933.5090483,4.90157,0.00653
2456933.5165025,4.90708,0.00450
2456933.5234011,4.90271,0.00383
2456933.5306933,4.90551,0.00371
2456933.5379160,4.91008,0.00351
2456933.5451965,4.90234,0.00407
2456933.5524192,4.90723,0.00348
2456933.6752861,4.88695,0.00380
2456933.6828445,4.89095,0.00414
2456933.6899399,4.88471,0.00368
2456933.6970005,4.88157,0.00382
2456933.7043505,4.88446,0.00352
2456933.7116543,4.87353,0.00403
2456933.7189117,4.88115,0.00429
2456933.7259955,4.87980,0.00418
2456935.6698014,4.91898,0.00253
2456971.6665306,4.80748,0.00347
2456998.5700077,4.87635,0.00476
2457259.6139931,4.92242,0.00397
