2454437.540,-11028,26
2454463.377,-11941,30
2454465.342,-11003,18
2454466.335,-11804,21
2454490.329,-11013,43
2454490.358,-10990,20
2454491.340,-11955,24
2454340.569,-11657,08
2454342.505,-11575,11
2454508.262,-11027,14
2454509.268,-11336,17
2454510.276,-11990,20
2454511.262,-11135,16
2454512.262,-11244,16
2455414.1006652,146.137,2.268,WASP-10
2455770.9429972,274.057,2.378,WASP-10
2455841.8996453,408.858,2.640,WASP-10
2455851.9238205,-373.816,2.155,WASP-10
2455903.7296166,411.889,2.161,WASP-10
2455928.7099910,225.722,2.039,WASP-10
2456152.0896992,-533.581,2.177,WASP-10
2456153.1361703,-18.388,2.519,WASP-10
2456533.0478933,-551.790,2.038,WASP-10
