55535.622498	-4.38964	0.01414	7.76355	37.811	0.00572	1800.679
55563.633734	-4.75981	0.01675	7.83813	38.764	-0.01915	1800.736
55565.620787	-4.10113	0.02222	7.85708	29.332	0.06569	1800.743
55583.571236	-4.53580	0.01833	7.76400	37.735	-0.01908	1800.754
55586.577359	-4.45769	0.01936	7.88629	36.602	0.03945	1800.755
55588.564415	-3.81514	0.02958	7.88939	36.377	0.10109	1800.756
55591.537016	-3.85825	0.01594	7.85784	37.219	0.01104	1800.759
55593.534932	-4.43614	0.02059	7.88560	36.521	0.01531	1800.758
55595.533798	-3.86707	0.02407	7.86921	36.778	0.01591	1800.859
55596.534633	-4.37790	0.01454	7.89625	37.250	0.02008	1800.739
55599.531272	-4.19644	0.02246	7.82083	35.628	0.04899	1800.775
55600.531357	-4.32590	0.02605	7.81524	34.950	0.02073	1800.736
55613.530286	-4.35247	0.03126	7.75947	35.915	0.02255	1800.830
55614.520174	-3.80772	0.03751	7.98353	12.241	0.08784	1800.768
55619.515487	-4.11077	0.03829	7.86610	12.606	0.07253	1800.726
55624.511532	-3.81662	0.04668	7.99027	31.484	0.16010	1800.767
55769.931969	-3.69384	0.03211	7.83406	40.671	-0.01480	1800.816
55770.811670	-3.50787	0.01869	7.84814	40.222	0.05379	1800.797
55772.921899	-3.88919	0.02320	7.76734	20.208	0.03801	1800.748
55777.849432	-3.68608	0.01545	7.81802	39.166	-0.01838	1800.821
55782.883847	-3.89564	0.01539	7.75827	40.337	0.05484	1800.740
55802.854702	-3.81609	0.01659	7.79265	40.844	0.00480	1800.739
55806.876427	-3.49432	0.01352	7.77050	40.390	-0.00408	1800.777
55809.812708	-3.62453	0.01453	7.85935	40.282	-0.03700	1800.739
55810.864649	-3.61455	0.01691	7.82177	40.031	0.00585	1800.798
55811.834443	-4.11173	0.01961	7.82148	39.929	-0.00983	1800.777
55825.779642	-3.93644	0.01342	7.83048	39.001	-0.03320	1800.718
55826.823506	-3.49648	0.02008	7.81726	39.820	-0.10400	1800.818
55834.845196	-4.07174	0.01455	7.82559	40.420	0.02738	1800.758
55852.655157	-3.71694	0.01847	7.89498	39.010	-0.02472	1800.759
55869.776795	-3.46744	0.01511	7.84842	39.370	-0.03676	1800.736
55887.725010	-4.01495	0.01502	7.76766	39.004	0.02644	1800.754
55889.585568	-3.46497	0.01504	7.78976	38.829	-0.01253	1800.755
55910.593618	-3.84547	0.01446	7.80091	39.026	-0.05197	1800.778
55952.575538	-3.44630	0.01294	7.90378	38.024	0.02529	1800.688
55974.534361	-4.02707	0.02632	7.83726	38.734	-0.02393	1800.748
56101.929818	-3.49841	0.02543	7.87117	40.333	-0.02903	1800.799
56108.902853	-3.68569	0.03173	7.87649	39.586	0.02577	1800.940
56130.929240	-3.54201	0.02272	7.82397	39.617	-0.10018	1800.817
56158.920126	-3.87751	0.02491	7.83489	39.943	-0.04714	1800.781
56165.794126	-3.99424	0.02180	7.84562	35.852	-0.00917	1800.759
56166.840915	-3.81564	0.01755	7.86863	39.564	-0.03721	1800.777
56182.742965	-4.11729	0.01762	7.83280	38.786	0.04594	1800.798
56184.735109	-3.50543	0.01419	7.81771	39.385	-0.00971	1800.758
56186.764241	-3.81243	0.01735	7.89344	39.090	0.05377	1800.778
56190.675191	-3.46799	0.02295	7.92760	37.779	0.04893	1800.820
56196.864653	-3.71479	0.01309	7.83567	38.860	-0.02100	2700.667
56235.613045	-4.09012	0.02545	7.83788	37.690	0.01474	1800.777
56245.697375	-4.06430	0.01518	7.90888	37.534	0.00491	1800.756
56264.722841	-3.84938	0.01631	7.88340	39.189	0.03949	1800.749
56309.616625	-3.61756	0.01619	7.91453	40.096	-0.03900	1800.739
56335.551640	-3.93777	0.02599	8.01659	39.469	0.01497	1800.758
56460.921265	-4.08678	0.01861	7.87168	43.357	-0.00289	1800.756
56490.864375	-4.05183	0.02101	7.86144	40.429	-0.05535	1800.755
56505.803479	-3.53226	0.01677	7.88179	41.428	0.04581	1800.799
56516.868634	-4.11013	0.02259	7.86987	41.506	-0.04888	1800.857
56538.754792	-3.46848	0.02937	7.87498	40.897	0.01746	1800.779
56543.888666	-3.98696	0.01538	7.87143	39.824	0.02301	1800.763
56544.693786	-3.50813	0.03240	7.85548	41.040	0.06695	1800.802
56545.715662	-3.63146	0.01620	7.94485	37.812	-0.00368	1800.819
56562.781196	-3.94366	0.01417	7.82567	40.715	-0.00693	1800.786
56563.802018	-3.97705	0.01494	7.91152	40.932	0.00453	1800.836
56565.713332	-3.68586	0.01541	7.84101	40.339	0.00271	1800.777
56567.702293	-3.59801	0.02820	7.86619	41.893	0.03071	1800.775
56591.740189	-3.50574	0.01941	7.79994	39.462	0.00814	1800.719
56603.739663	-3.82508	0.01907	7.84847	40.983	0.01256	1800.779
56644.683453	-3.51463	0.01493	7.76010	38.600	-0.01970	1800.778
56682.557464	-4.10162	0.01957	7.85501	40.062	-0.00216	1800.770
56817.930262	-4.05370	0.02181	7.86074	41.914	0.01356	1602.786
56877.826276	-4.07700	0.01910	7.80224	38.824	0.01261	1800.058
56878.777852	-3.63053	0.03452	7.88373	34.977	0.04216	1800.685
56920.870295	-4.12036	0.01832	7.83603	39.391	-0.03675	1800.677
56961.797598	-3.54257	0.01781	7.78155	38.574	0.05712	1800.601
56989.740666	-3.92092	0.02509	7.82426	42.096	-0.11250	1800.683
57001.640882	-3.53647	0.02300	7.73609	42.361	0.00145	1800.780
57003.640065	-4.11709	0.01937	7.71262	41.800	-0.01624	1800.075
57004.682396	-3.59763	0.02263	7.74968	41.276	-0.00541	1800.932
57012.592977	-3.75798	0.02566	7.80047	42.030	-0.03335	1800.233
57027.631091	-3.72146	0.03574	7.68990	38.087	0.04302	1800.770
57063.528866	-4.02456	0.05181	7.77355	41.187	-0.02410	1800.102
57065.534295	-3.74442	0.03302	7.76903	41.060	-0.00757	1800.943
57192.938473	-3.84251	0.03767	7.74347	45.120	0.01185	1800.861
57205.925822	-3.96730	0.04649	7.82306	42.941	0.03207	1800.925
57261.823294	-4.14072	0.04184	7.70847	43.479	0.00495	1800.924
57341.740033	-3.88956	0.05660	7.82722	43.813	-0.08024	1800.895
57362.678177	-3.49435	0.01850	7.75263	43.012	-0.00904	2700.715
57367.607494	-4.16776	0.02672	7.72596	43.081	0.00961	2700.804
57381.547386	-3.92186	0.02486	7.66936	41.940	-0.00042	2700.686
57389.610441	-3.61683	0.02988	7.76154	43.413	-0.02558	1800.083
57413.581920	-4.09479	0.03288	7.77853	41.771	0.04996	2700.626
57587.836041	-3.52915	0.02814	7.79372	41.294	-0.06745	1800.382
57616.796911	-3.78390	0.02024	7.67173	42.253	-0.03829	1800.431
57681.574518	-4.02549	0.03158	7.69350	43.049	0.03337	1800.382
57689.706629	-3.71986	0.02108	7.72289	42.465	0.02337	1800.354
57691.675531	-4.13251	0.01765	7.72530	42.658	-0.01465	1800.394
57711.743027	-4.18272	0.03598	7.68311	42.736	-0.03452	1800.352
57713.676572	-3.56151	0.02072	7.80813	42.301	-0.01114	1800.353
57713.698411	-3.54916	0.02373	7.77659	42.830	-0.04693	1800.372
55802.804248	-3.87536	0.01428	6.35185	48.819	0.01421	-4.5637	900.000
55802.902737	-3.77124	0.00615	6.44231	49.068	0.01648	-4.8063	900.000
55803.735877	-3.46797	0.00592	6.43227	49.138	0.02630	-4.8954	900.000
55803.876858	-3.49415	0.01413	6.44454	48.445	0.03957	-4.7858	900.000
55825.652716	-4.00995	0.00918	6.43519	50.675	-0.00062	-5.1207	900.006
55825.842017	-3.90801	0.00695	6.40550	50.365	0.03042	-5.0125	900.006
55826.656742	-3.47586	0.00682	6.42903	50.419	0.03065	-5.3241	900.006
55826.837326	-3.44345	0.00407	6.45292	49.300	0.02401	-4.8196	900.006
55827.646391	-3.74232	0.01085	6.42916	48.557	0.03541	-4.6685	600.000
55827.656368	-3.74253	0.00678	6.46451	48.782	0.01240	-4.7695	900.006
55827.669238	-3.75174	0.00631	6.49718	48.731	0.01620	-4.7386	900.006
55827.680986	-3.73814	0.00634	6.46326	48.738	0.05819	-4.7307	900.001
55827.692515	-3.74724	0.00573	6.44915	49.065	0.00441	-4.8147	900.006
55827.703846	-3.77343	0.00561	6.42803	49.040	0.01460	-4.7168	900.006
55827.715374	-3.78034	0.00546	6.47191	48.934	0.01938	-4.7019	900.006
55827.726810	-3.78879	0.00536	6.45148	49.091	0.00973	-4.6711	900.001
55827.738546	-3.79623	0.00512	6.43309	49.178	0.00681	-4.8331	900.006
55827.749681	-3.81542	0.00512	6.43640	49.235	0.01215	-4.7140	900.006
55827.761637	-3.80869	0.00518	6.44554	49.108	0.02622	-4.7679	900.006
55827.773177	-3.80569	0.00438	6.43072	49.362	0.02610	-4.7423	900.006
55827.784612	-3.81191	0.00451	6.43123	49.319	0.01551	-4.7515	900.006
55827.796036	-3.82316	0.00414	6.44297	49.391	0.03097	-4.7054	900.006
55827.807576	-3.83545	0.00448	6.44773	49.167	0.01898	-4.6857	900.006
55827.819324	-3.84303	0.00454	6.43978	49.196	0.03451	-4.6695	900.006
55827.830760	-3.84995	0.00553	6.47049	48.899	0.00391	-4.7249	900.006
55827.842091	-3.84996	0.00523	6.47341	48.922	0.00081	-4.8671	900.006
55828.639175	-4.09963	0.00613	6.47747	48.749	0.01814	-4.6544	900.006
55828.880860	-4.04309	0.00432	6.47502	49.127	0.01328	-4.6876	900.006
55831.640517	-4.07244	0.00490	6.49495	48.903	0.00429	-4.7547	900.006
55831.862305	-4.09707	0.00367	6.44317	49.351	0.03159	-4.7822	900.006
56108.917970	-3.67055	0.01289	6.48511	48.048	0.01989	-4.6218	900.000
56109.931976	-4.08058	0.00352	6.42686	49.455	0.01035	-4.7093	1800.000
56158.807248	-3.82192	0.00781	6.45609	48.928	0.02814	-4.7132	600.000
56159.819284	-4.04984	0.01179	6.43642	49.040	0.01204	-4.9007	600.006
56190.816064	-3.45497	0.00746	6.40310	49.253	0.02240	-4.6376	899.999
56191.702180	-3.70159	0.00717	6.40858	49.055	0.05467	-4.6493	799.999
56191.713245	-3.70009	0.00584	6.40354	49.321	0.02801	-4.6358	900.000
56191.724577	-3.69652	0.00596	6.39529	49.155	0.05629	-4.7039	900.000
56191.736348	-3.72787	0.00617	6.41546	49.184	0.01366	-4.6422	899.999
56191.747992	-3.72226	0.00600	6.41604	49.269	0.01401	-4.7613	900.000
56191.759624	-3.72504	0.00565	6.37832	49.470	0.04169	-4.6384	900.000
56191.771060	-3.72870	0.00555	6.39147	49.478	0.02959	-4.6535	900.000
56191.782391	-3.74305	0.00534	6.39205	49.326	0.01126	-4.6509	900.000
56191.794012	-3.74230	0.00596	6.39070	49.423	0.03308	-4.6736	900.000
56191.805748	-3.74590	0.00535	6.39200	49.398	0.01416	-4.6779	900.006
56191.817172	-3.76612	0.00464	6.40073	49.412	0.00858	-4.7303	899.999
56191.828724	-3.77051	0.00455	6.39737	49.586	0.01365	-4.7195	899.999
56191.840043	-3.79008	0.00529	6.40980	49.416	0.01943	-4.7550	900.000
56191.851583	-3.78008	0.00543	6.41797	49.150	0.03092	-4.6966	900.006
56191.863100	-3.78198	0.00526	6.40679	49.445	0.02901	-4.6535	900.006
56191.874628	-3.79791	0.00667	6.40276	49.074	0.02995	-4.5901	900.006
56191.886168	-3.80101	0.00761	6.47274	48.383	0.02179	-4.6078	900.006
56191.897592	-3.80062	0.00746	6.45821	48.542	0.03297	-4.6796	900.006
56191.909027	-3.82351	0.00717	6.48428	47.642	-0.00093	-4.7518	900.000
56192.821879	-4.07292	0.00787	6.41754	48.966	0.05738	-4.6665	600.006
56193.794605	-3.56742	0.01278	6.43435	48.521	-0.07894	-4.6163	599.999
56215.823377	-4.10629	0.00762	6.50823	48.183	0.00481	-4.9713	900.000
56221.537217	-3.74752	0.01691	6.51008	49.285	0.02560	 0.0000	899.999
56239.592460	-3.87591	0.00851	6.45703	48.675	-0.00723	-4.7358	600.004
56256.602476	-3.60375	0.01122	6.44653	47.974	0.02296	-4.6419	600.000
56257.580498	-3.53847	0.00792	6.44921	48.513	0.02276	-4.6747	600.008
56264.522496	-3.70152	0.00630	6.42133	48.725	0.02209	-4.6191	700.000
56264.535284	-3.70567	0.00475	6.44658	49.066	0.03476	-4.7104	900.000
56264.547494	-3.71370	0.00443	6.45767	49.036	0.00891	-4.7335	900.001
56264.559264	-3.72208	0.00418	6.43897	49.154	0.01169	-4.6893	900.001
56264.571220	-3.72100	0.00415	6.45931	49.191	0.02381	-4.7474	900.000
56264.583638	-3.72408	0.00410	6.43960	49.306	0.02411	-4.7309	900.001
56264.595350	-3.73021	0.00391	6.43981	49.248	0.00984	-4.7473	900.001
56264.607201	-3.73698	0.00406	6.45517	49.099	0.04027	-4.7795	900.001
56264.619145	-3.74812	0.00392	6.43708	49.233	0.01867	-4.7858	900.000
56264.630926	-3.76424	0.00387	6.43620	49.161	0.01727	-4.7236	900.001
56264.643541	-3.77312	0.00419	6.45208	49.142	0.02687	-4.7018	900.000
56264.655415	-3.78187	0.00454	6.44031	48.969	-0.00318	-4.7687	900.000
56264.667243	-3.77665	0.00507	6.47638	48.785	0.02202	-4.7757	900.001
56264.679106	-3.78417	0.00526	6.45092	48.850	0.02116	-4.7414	900.000
56264.700945	-3.80013	0.00563	6.44897	48.770	-0.00597	-4.7580	900.000
56307.533598	-3.69537	0.00686	6.45089	48.804	0.01119	-4.6180	600.001
56323.548244	-3.45869	0.00931	6.50816	48.367	0.03162	-4.5131	600.001
56460.933662	-4.06790	0.01142	6.50197	48.107	0.02895	-4.5887	600.000
56567.891937	-3.50754	0.00974	6.50537	48.057	0.03808	-4.6327	900.000
56608.727539	-3.69785	0.01233	6.50649	49.948	-0.01752	-4.6886	900.001
56927.722485	-4.07286	0.00838	6.44451	50.116	0.04495	-4.8143	900.001
56928.789883	-3.51368	0.00559	6.43032	49.834	0.02100	-4.7264	900.001