2457226.561,-27014.60,6.43
2457226.699,-26987.90,4.84
2457226.721,-26982.21,6.71
2457227.561,-26937.25,2.63
2457227.713,-26954.63,2.55
2457228.566,-27113.16,4.71
2457228.700,-27142.69,4.98
2457229.562,-27219.22,5.11
2457229.703,-27190.29,3.24
2457230.572,-27039.26,2.59
2457230.711,-27010.20,2.34
2457254.520,-27210.88,3.77
2457256.548,-26932.08,2.20
2457256.641,-26933.99,3.06
2457257.644,-27101.64,3.34
2457267.487,-27151.78,2.43
2457267.602,-27127.38,2.23
2457268.521,-26968.72,7.43
2457268.624,-26945.85,2.77
2457269.542,-26995.84,2.31
2457270.526,-27188.86,1.85
2457271.530,-27172.97,1.88
2457272.568,-26967.95,2.45
2457273.544,-26970.22,2.09
2457301.412,-27017.29,1.95
2457301.521,-26992.78,2.21
2457302.411,-26931.79,2.08
2457302.524,-26936.49,2.99
2457324.337,-27134.85,3.00
2457325.323,-27192.62,3.33
2457325.417,-27190.58,2.67
2457330.315,-27046.38,2.67
2457330.443,-27031.60,2.93
2457331.316,-26930.42,2.97
2457331.421,-26929.30,2.55
2457333.328,-27202.65,2.60
2457336.316,-27018.83,2.47
2457336.398,-27036.13,2.99
2457557.701,-27149.24,2.56
2457558.695,-27093.68,2.09
2457559.702,-26902.75,2.53
2457560.684,-26931.92,3.67
2457562.695,-27116.92,3.47
2457563.687,-26918.20,4.10
2457565.691,-27101.52,3.66
2457566.698,-27143.80,2.79
2457573.722,-27054.63,3.49
2457574.613,-27167.37,2.72
2457574.701,-27157.09,2.51
2457576.584,-26880.69,3.16
2457576.685,-26886.91,2.42
2457579.695,-27041.15,7.68
2457580.680,-26877.83,7.44
2457616.560,-27138.59,6.88
2457617.581,-26939.47,1.98
2457618.579,-26882.95,2.53
2457651.460,-26875.57,2.16
2457652.459,-26982.58,2.18
2457653.463,-27155.02,2.81
2457654.464,-27057.53,2.88
2457655.492,-26870.08,5.08
2457658.510,-27083.94,4.73
2457659.516,-26895.47,2.20
2457661.490,-27123.19,2.53
2457669.458,-27063.11,2.80
2457670.456,-27140.53,3.07
2457671.451,-26981.35,1.97
2457672.454,-26870.44,1.88
2457721.368,-27000.32,2.36
2457244.871067,0.48,1.67,0.126,
2457244.878949,5.92,1.77,0.132,
2457244.887016,-1.84,1.66,0.133,
2457244.895257,-3.04,1.82,0.135,
2457244.903486,-1.37,1.64,0.132,
2457244.911878,-3.26,1.84,0.127,
2457244.920153,-5.65,1.59,0.135,
2457244.928510,-8.04,1.76,0.133,
2457244.936600,-8.56,1.66,0.135,
2457244.944818,-2.06,1.71,0.135,
2457244.953082,-0.15,1.66,0.130,
2457244.961427,-0.13,1.62,0.132,
2457244.969923,-4.30,1.73,0.131,
2457244.978731,-9.13,1.77,0.131,
2457244.987215,-20.02,1.73,0.130,
2457244.995815,-20.64,1.68,0.136,
2457245.004993,-29.55,1.73,0.121,
2457245.013720,-32.44,1.66,0.127,
2457245.022227,-39.56,1.67,0.135,
2457245.030607,-39.94,1.59,0.136,
2457245.038917,-43.69,1.62,0.104,
2457245.047448,-48.47,1.65,0.129,
2457245.056198,-53.78,1.52,0.129,
2457245.065700,-50.95,1.79,0.114,
2457245.074508,-46.85,1.60,0.123,
2457245.083096,-44.16,1.65,0.130,
2457245.091812,-48.39,1.52,0.133,
2457245.100712,-57.42,1.53,0.129,
2457245.110018,-52.81,1.68,0.134,
2457256.103458,96.66,2.11,0.135,
2457286.030224,87.81,2.19,0.089,
2457294.949126,-53.43,2.17,0.115,
2457296.992830,-24.59,2.00,0.137,
2457298.980931,-15.40,3.62,0.131,
2457326.879645,108.91,1.96,0.036,
2457353.819776,-133.61,2.05,0.142,
2457354.803856,-95.88,1.95,0.128,
2457355.794764,88.20,1.99,0.127,
2457384.711392,82.45,1.93,0.127,
2457521.108185,-64.84,1.86,0.126,
2457562.108559,-115.52,1.81,0.160,
2457570.076758,-89.15,2.05,0.151,
2457580.060228,74.59,1.83,0.140,
2457581.046494,167.52,1.81,0.131,
2457582.043488,12.38,1.98,0.135,
2457583.061003,-104.76,1.83,0.136,
2457583.922512,13.32,1.83,0.133,
2457584.109907,59.97,1.80,0.127,
2457584.914664,158.68,1.90,0.137,
2457585.068538,173.44,1.79,0.135,
2457585.911306,62.57,1.98,0.140,
2457586.089591,19.48,2.04,0.127,
2457586.909613,-110.17,1.72,0.131,
2457587.088454,-119.61,1.67,0.138,
2457587.950710,-16.79,2.01,0.136,
2457588.097234,21.03,1.80,0.141,
2457595.894592,-81.36,2.24,0.138,
2457596.120574,-37.76,2.18,0.121,
2457596.917828,123.24,2.11,0.131,
2457598.938091,-51.78,2.07,0.119,
2457599.106292,-79.28,1.95,0.135,
2457599.928092,-91.45,1.83,0.140,
2457600.118064,-63.52,1.87,0.135,
2457600.927270,101.12,2.06,0.138,
2457602.055444,149.79,2.09,0.132,
2457612.852525,-14.58,1.83,0.136,
2457614.023768,164.96,1.77,0.135,
2457615.871589,-87.25,1.96,0.132,
2457616.894897,-37.49,1.90,0.133,
2457622.042983,143.94,2.30,0.129,
2457651.804239,161.48,1.74,0.128,
2457652.803402,-3.55,1.77,0.145,
2457653.938888,-80.03,1.86,0.142,
2457668.749161,126.48,2.14,0.143,
2455328.914727,-27198.63,0009.62,8.52204,-0.05028,
2455384.930302,-26942.96,0014.71,8.59072,-0.05643,
2455389.703401,-27007.56,0010.48,8.50848,-0.07421,
2455390.713301,-27185.66,0010.57,8.51327,-0.04134,
2455391.836238,-27141.57,0008.34,8.52702,-0.04409,
2455392.680732,-26979.70,0009.23,8.57347,-0.01869,
2455396.798749,-26954.05,0009.86,8.50386,-0.04108,
2455403.688867,-27200.69,0008.62,8.52440,-0.07976,
2455408.686931,-27106.85,0015.38,8.51205,-0.06435,
2455409.650390,-26958.94,0009.18,8.52479,-0.03247,
2455417.785192,-26972.59,0024.36,8.44474,-0.06418,
2455450.548052,-27053.80,0011.63,8.51348,-0.07703,
2455454.727030,-27055.41,0009.10,8.49691,-0.02853,
2455782.765288,-27121.03,0011.00,8.53340,-0.06101,
2455795.780189,-27002.83,0010.65,8.53316,-0.04015,
2455809.595843,-26937.30,0010.52,8.51183,-0.06483,
2455885.570165,-27170.38,0016.07,8.56726,-0.04912,
2455886.554973,-27152.84,0013.58,8.47475,-0.02581,
2455887.609265,-26936.72,0013.19,8.56003,-0.00651,
2455888.557943,-26941.35,0010.59,8.52073,-0.02904,
2456205.690749,-27165.68,0012.58,8.54665,0.01824,
2456213.632998,-27109.77,0018.66,8.50854,-0.12360,
2456246.539542,-27030.50,0010.77,8.52734,-0.00957,
2456269.531829,-27104.98,0013.70,8.60976,-0.06453,
2456270.530518,-26952.72,0010.43,8.56773,-0.01388,
2456437.858225,-27000.67,0009.72,8.52917,-0.02456,
2456452.924978,-27006.23,0008.90,8.56443,-0.06375,
2456459.924071,-27210.81,0007.84,8.56435,-0.03869,
2456477.721354,-27051.62,0011.49,8.59406,-0.03366,
2456486.844362,-26927.02,0010.94,8.52159,-0.02556,
2456505.757749,-27200.42,0009.39,8.55957,-0.06514,
2456512.745209,-26997.12,0011.42,8.49187,-0.06260,
2456514.752564,-27129.83,0010.53,8.50852,-0.04074,
2456515.749341,-26952.70,0011.51,8.53025,-0.02725,
2456530.629824,-27219.72,0018.50,8.54674,-0.02802,
2456534.789870,-27224.05,0019.55,8.57303,-0.04356,
2456559.713758,-27243.59,0019.07,8.51742,-0.05402,
2456590.650676,-26972.69,0014.37,8.51798,-0.06681,
2456616.574051,-27053.65,0017.45,8.54661,-0.04370,
2456782.899610,-26995.61,0012.33,8.53542,0.00179,
2456808.876282,-27193.80,0011.40,8.54211,-0.04406,
2456831.876641,-26961.41,0007.32,8.57188,-0.06365,
2456859.804354,-27161.25,0009.82,8.48966,-0.02312,
2456885.631966,-26974.27,0012.22,8.57285,-0.00047,
2456915.753320,-26940.52,0011.16,8.51941,-0.00544,
2456950.553823,-27191.06,0007.75,8.48781,-0.04470,
2457175.831586,-27179.62,0013.97,8.47192,-0.05504,
2457185.803516,-26942.67,0016.91,8.53709,-0.07024,
2457200.842220,-27190.41,0012.42,8.48536,-0.04705,
2457229.724940,-27217.35,0026.64,8.49685,-0.06773,
2457253.631858,-27150.60,0010.96,8.50363,-0.06696,
2457258.670969,-27241.58,0015.03,8.50061,-0.06009,