
58422.82970,-1218.60,0.98,2
58422.83398,-1223.08,0.90,2
58364.65995,-1114.88,1.67,1
58422.83819,-1222.37,0.90,2
58364.66760,-1116.34,1.39,2
58364.67561,-1123.08,1.00,1
58422.84241,-1222.71,0.94,1
58422.84661,-1224.40,1.01,2
58364.68299,-1124.66,0.79,
58364.69069,-1131.50,0.85,
58364.86077,-1194.98,0.55,
58364.86842,-1198.83,0.56,
58364.87606,-1200.42,0.58,
58364.88374,-1200.96,0.72,
58364.89110,-1201.34,1.00,
58364.89953,-1206.00,0.97,
58364.90687,-1209.20,0.91
58684.91813,-1095.81,0.69
58684.92351,-1096.32,0.71
58695.85571,-1119.54,1.01
58696.92344,-1152.16,1.50
58706.93572,-1208.77,0.77
58719.85812,-1283.64,0.63,
58721.85408,-1285.71,0.72
58725.88068,-1157.62,1.02
58731.80455,-1061.76,0.69
58364.91482,-1212.37,0.86
58741.64369,-1284.85,0.64
58364.92248,-1215.44,0.83
58741.65148,-1286.11,0.60
58422.55814,-1114.88,1.04,
58422.56232,-1115.76,1.01,
58422.56641,-1118.47,0.99,
58422.57082,-1119.13,1.01,
58422.57510,-1122.64,0.95,
58422.57924,-1124.56,0.90,
58422.58352,-1126.14,0.91,
58422.58780,-1126.88,0.90,
58422.59203,-1126.98,0.90,
58422.59621,-1130.71,0.94,
58422.60051,-1131.66,1.02,
58422.60477,-1134.06,0.95
58741.65905,-1286.98,0.58
58741.66666,-1286.84,0.56
58752.63975,-1282.47,5.69
58752.64642,-1279.18,1.81
58752.65049,-1276.87,1.79
58752.65472,-1275.84,1.77
58752.65877,-1279.07,1.94
58752.66323,-1275.61,1.84
58752.66730,-1273.82,1.75
58752.67154,-1275.40,1.87
58752.67574,-1270.26,2.06
58752.67983,-1273.41,1.83
58422.60907,-1135.32,0.93,
58422.61325,-1136.36,0.86,
58422.77451,-1201.85,0.88,
58422.77879,-1201.62,0.85,
58422.78295,-1201.66,0.86
58752.68687,-1272.35,1.19
58752.69488,-1268.70,0.99
58752.70012,-1253.64,21.49
58753.67498,-1086.73,0.95
58754.79119,-1177.80,0.70
58422.78722,-1208.19,0.92
58422.79147,-1206.84,0.85
58422.79571,-1209.68,0.84
58422.79999,-1211.27,0.83
58422.80421,-1210.52,0.85
58422.80857,-1216.66,0.89
58422.81266,-1213.72,0.89
58422.81693,-1218.75,0.94
58422.82116,-1216.22,0.96