5200.810188,3.16915,0.00761,8.64872,-0.01679,
5290.809052,3.38376,0.00702,8.68760,-0.03225,
5293.803544,3.41063,0.00877,8.65441,-0.03691,
5294.822558,3.20848,0.00771,8.68629,-0.01929,
5295.775157,3.17327,0.00696,8.69432,-0.00477,
5296.755047,3.39268,0.00703,8.68706,-0.02398,
5297.818571,3.22636,0.00836,8.67941,-0.00755,
5298.773284,3.16969,0.00733,8.70176,-0.03027,
5300.811433,3.26528,0.00846,8.77035,-0.00673,
5301.803630,3.16116,0.00887,8.72855,0.02678,
5305.726998,3.39357,0.00713,8.70147,-0.02394,
5306.718852,3.34119,0.00724,8.64220,-0.00432,
5311.804011,3.34861,0.00883,8.71969,-0.03561,
5317.592759,3.33109,0.01012,8.67824,-0.01439,
5323.657975,3.29854,0.00733,8.72202,-0.01931,
5326.658511,3.25695,0.00714,8.70349,0.00650,
5327.683296,3.40994,0.01336,8.68787,-0.02777,
5362.467793,3.14363,0.01238,8.70305,0.00653,
5375.514821,3.28066,0.00808,8.67775,-0.00429,
5388.562171,3.47147,0.00929,8.75122,-0.04895,
5410.520164,3.35126,0.00834,8.74375,-0.01821,
5414.491218,3.18138,0.00832,8.70698,-0.00244,
5577.833651,3.53952,0.01033,8.81258,-0.04113,
5591.760168,3.30884,0.00989,8.80484,-0.01806,
5595.802071,3.50882,0.01022,8.81885,0.00150,
5597.776083,3.22930,0.00773,8.80704,-0.02692,
5607.721786,3.41489,0.00873,8.75296,-0.01255,
5621.850786,3.20236,0.00929,8.87451,-0.00206,
5623.709905,3.45711,0.01054,8.81959,0.00608,
5624.829879,3.20966,0.00976,8.80052,-0.00711,
5625.826430,3.34101,0.00878,8.78968,-0.03361,
5629.892800,3.45361,0.00973,8.86781,-0.01814,
5635.815355,3.50088,0.01104,8.82368,-0.07613,
5646.754274,3.22713,0.00777,8.79920,-0.01367,
5647.630652,3.46375,0.00793,8.83207,-0.00998,
5649.657082,3.19961,0.00800,8.82716,-0.01678,
5675.784327,3.38673,0.01022,8.78597,0.01963,
5676.605991,3.17071,0.00771,8.72380,-0.00364,
5677.773655,3.29207,0.00895,8.72341,-0.04367,
5680.715317,3.30325,0.01022,8.73045,0.00763,
5691.683825,3.25986,0.01085,8.78840,-0.03964,
5705.592134,3.43592,0.01549,8.76269,-0.00381,
5716.577101,3.14687,0.00798,8.68982,-0.00490,
5764.502263,3.32023,0.01004,8.60551,-0.00142,
5769.525384,3.33383,0.00953,8.73791,0.03592,
5952.825523,3.54587,0.00779,8.74638,0.00973,
5953.844642,3.46188,0.01269,8.69680,0.00014,
5954.786428,3.34226,0.00838,8.68532,-0.00038,
5955.794145,3.57514,0.01921,8.71114,-0.01929,
5958.776062,3.54863,0.00813,8.79174,-0.00790,
5961.787850,3.50127,0.00799,8.77488,-0.00942,
5962.724308,3.56518,0.00845,8.74688,-0.02158,
5963.826866,3.33818,0.00795,8.77194,-0.02822,
5974.729812,3.56877,0.00869,8.66496,-0.03499,
5976.866742,3.45179,0.00929,8.76283,-0.01263,
5990.888836,3.30386,0.00775,8.72585,0.00909,
5991.827941,3.31816,0.00824,8.71079,-0.03771,
5992.810751,3.56087,0.00741,8.74076,0.00721,
6002.863880,3.35757,0.01043,8.75194,-0.00926,
6003.827288,3.26345,0.01026,8.74074,0.00006,
6004.617666,3.47529,0.01352,8.74425,-0.00198,
6031.771885,3.34243,0.01269,8.65108,0.00612,
6032.514592,3.49173,0.01228,8.67336,-0.01604,
6033.583037,3.28047,0.00955,8.66582,-0.01872,
6067.660548,3.16248,0.00874,8.65557,0.01180,
6068.614165,3.36070,0.01015,8.65640,-0.01275,
6113.472992,3.14763,0.01296,8.66391,-0.04187,
6115.524431,3.34283,0.00784,8.62192,-0.02416,
6116.552476,3.16081,0.00982,8.61649,0.01291,
6117.563578,3.37099,0.00935,8.67662,-0.02545,
6140.504929,3.17964,0.01699,8.66987,-0.09129,
6150.483360,3.19956,0.01465,8.59768,-0.02625,
6151.480248,3.42741,0.01413,8.62581,-0.00604,
6272.851056,3.30816,0.01512,8.68548,-0.01227,
6285.856902,3.46249,0.01426,8.67411,0.00109,
6311.817319,3.26497,0.00849,8.70165,-0.05757,
6314.770425,3.26354,0.00906,8.69916,-0.00225,
6335.760287,3.38387,0.01025,8.69464,-0.03972,
6344.893416,3.37439,0.01489,8.67605,-0.01501,
6362.834685,3.50514,0.01487,8.69525,-0.06191,
6364.806955,3.54831,0.01140,8.71556,-0.00035,
6365.700329,3.53718,0.01081,8.74924,-0.02150,
6372.694569,3.30787,0.01324,8.71766,-0.00158,
6401.508276,3.52006,0.00950,8.71947,-0.02537,
6419.727309,3.46173,0.00981,8.62232,0.01914,
6427.640513,3.25900,0.01451,8.64472,-0.02081,
6441.643745,3.48042,0.01110,8.64098,-0.01737,
6450.560548,3.46452,0.00870,8.65585,-0.02942,
6484.570287,3.42376,0.01376,8.57077,-0.01220,
6496.467235,3.44219,0.00958,8.62008,-0.01283,
6506.482624,3.27505,0.01018,8.59371,-0.00833,
6514.470015,3.38330,0.00963,8.64153,-0.02157,
6646.830447,3.29643,0.00838,8.70805,-0.02489,
6685.792726,3.46022,0.00978,8.73929,-0.03507,
6699.747165,3.22170,0.00926,8.76697,-0.03725,
6713.750758,3.42864,0.00862,8.70401,-0.03290,
6723.823895,3.25117,0.00909,8.65259,-0.01733,
6738.590042,3.36799,0.00905,8.64089,-0.04485,
6748.823614,3.36232,0.00913,8.71895,-0.04756,
6830.613737,3.26410,0.01257,8.63168,-0.05510,
5655.551700,3.22759,0.00363,7.59140,-0.00330,-4.4430,0.0172
5655.853857,3.23851,0.00633,7.58522,0.00779,-4.4359,0.0332
5656.536367,3.39812,0.00321,7.61857,0.02087,-4.4596,0.0154
5656.697723,3.43224,0.00265,7.57389,0.00204,-4.4619,0.0116
5656.862517,3.45792,0.00341,7.59920,0.02669,-4.4865,0.0194
5681.502346,3.47325,0.00470,7.54826,-0.01900,-4.4496,0.0228
5681.747792,3.46028,0.00331,7.52105,-0.02056,-4.5356,0.0190
5682.508177,3.27667,0.00278,7.54712,-0.01070,-4.4821,0.0126
5682.746435,3.22961,0.00357,7.55328,-0.00814,-4.4868,0.0178
5683.607603,3.29092,0.00271,7.53416,-0.00548,-4.4662,0.0116
5684.631995,3.48142,0.00302,7.56635,-0.01153,-4.4767,0.0136
5685.587048,3.27317,0.00249,7.57172,0.00787,-4.4737,0.0104
5711.539738,3.39743,0.00428,7.55737,0.00110,-4.4846,0.0208
5712.569788,3.38172,0.00379,7.55858,-0.00532,-4.5048,0.0191
5716.557913,3.16014,0.00336,7.47622,0.01511,-4.6466,0.0252
5728.497874,3.20106,0.00352,7.48383,-0.00680,-4.5084,0.0169
5729.498999,3.27894,0.00418,7.50356,-0.00211,-4.4838,0.0202
5749.508251,3.28400,0.00444,7.47420,-0.01793,-4.5368,0.0250
5753.559500,3.19748,0.01026,7.50218,-0.05764,-4.4422,0.0560
5754.523986,3.43646,0.00761,7.50424,-0.02168,-4.4780,0.0417
5776.464239,3.41784,0.00841,7.49327,0.00614,-4.4815,0.0489
6020.679485,3.49349,0.00572,7.45429,-0.01218,-4.5778,0.0433
6021.672381,3.25952,0.01203,7.46629,-0.05230,-4.4977,0.0799
6029.682164,3.47547,0.00966,7.45214,-0.03355,-4.5089,0.0648
6058.586834,3.17781,0.01144,7.38666,-0.03210,-4.4681,0.0662
6059.587695,3.43300,0.01062,7.46955,0.01536,-4.5694,0.1073
6092.564596,3.24052,0.00991,7.47168,-0.02810,-5.0597,0.2935
6093.534543,3.45736,0.00745,7.45766,-0.00441,-4.5485,0.0567
6094.550435,3.26252,0.01267,7.42991,-0.03793,-4.5425,0.1083
6151.471858,3.43600,0.01277,7.41152,0.00263,-4.5729,0.1182
5654.541742,3.44100,0.00408,7.58857,-0.01057,-4.4695,0.0211
5654.627495,3.42446,0.00309,7.56772,-0.00340,-4.4528,0.0134
5654.694950,3.40718,0.00521,7.56499,-0.03342,-4.4779,0.0331
5654.701224,3.40040,0.00512,7.55081,0.00192,-4.5322,0.0367
5654.707323,3.39846,0.00446,7.57235,-0.02608,-4.4858,0.0272
5654.713365,3.39405,0.00544,7.54723,0.00574,-4.5201,0.0379
5654.719580,3.39300,0.00525,7.58325,-0.02580,-4.5016,0.0384
5654.725854,3.39530,0.00487,7.57183,-0.00835,-4.4374,0.0310
5654.731722,3.39696,0.00480,7.57224,0.01508,-4.4085,0.0283
5654.738169,3.38889,0.00486,7.58768,-0.00323,-4.5086,0.0356
5654.744152,3.38091,0.00449,7.57718,-0.03317,-4.5097,0.0331
5654.750368,3.38292,0.00460,7.62232,0.01020,-4.5330,0.0359
5654.756525,3.38866,0.00483,7.58194,-0.01348,-4.4997,0.0358
5654.762741,3.39363,0.00506,7.57987,-0.01364,-4.4967,0.0373
5654.768667,3.40373,0.00531,7.55134,0.00864,-4.4188,0.0320
5654.774824,3.41298,0.00579,7.56770,-0.01484,-4.4786,0.0416
5654.781317,3.40804,0.00595,7.55392,-0.01020,-4.4952,0.0432
5654.787243,3.38972,0.00548,7.58143,-0.01048,-4.5308,0.0446
5654.793586,3.38582,0.00517,7.57592,-0.03576,-4.4906,0.0375
5654.799339,3.38918,0.00622,7.58407,-0.01323,-4.4909,0.0470
5654.805785,3.36643,0.00549,7.60594,-0.00493,-4.5604,0.0485
5654.811885,3.36490,0.00604,7.61466,0.00560,-4.4852,0.0462
5654.818043,3.35075,0.00696,7.61693,-0.02194,-4.4819,0.0523
5654.824385,3.34658,0.00659,7.62860,-0.00536,-4.5539,0.0568
5654.835242,3.33034,0.00638,7.60329,-0.00396,-4.5984,0.0655
5654.841399,3.32018,0.00596,7.56792,0.01640,-4.6577,0.0683
5654.847557,3.31924,0.00596,7.60258,-0.03724,-4.5498,0.0518
5654.853541,3.33239,0.00702,7.58480,0.02337,-4.6217,0.0726
5654.859930,3.34743,0.00778,7.56688,-0.02332,-4.4810,0.0624
5654.866029,3.34820,0.00757,7.61977,0.01059,-4.6210,0.0795
5654.872071,3.34226,0.00772,7.60082,-0.03158,-4.5566,0.0707
5654.878402,3.33363,0.00903,7.59843,0.00049,-4.7133,0.1221
5654.884502,3.33904,0.00873,7.57028,0.00809,-4.5821,0.0908
5654.890659,3.34222,0.00860,7.59899,-0.03549,-4.3253,0.0494
5654.896829,3.34804,0.00859,7.57287,0.01621,-4.5036,0.0757