55833.506244,-60.15011,0.02609,7.87708,28.619,-0.024940,1800.760
55834.511338,-60.31782,0.01861,8.06275,28.959,0.000510,1800.778
55835.513064,-60.23827,0.02606,7.95214,29.089,-0.107070,1800.742
55851.553175,-60.35013,0.02264,7.95814,26.734,-0.001950,1800.720
55852.509304,-60.17890,0.02674,7.99858,27.682,0.017490,1800.738
55856.541346,-60.33501,0.02613,7.94386,25.704,0.088070,1800.760
55859.509870,-60.34664,0.02357,7.88504,28.508,-0.007450,1800.780
55862.507592,-60.34739,0.02726,8.04740,28.210,0.025660,1800.736
56050.916807,-60.48137,0.02097,8.07575,29.178,-0.024740,1800.735
56067.826597,-60.58673,0.02138,8.03943,30.584,0.003550,1800.755
56068.860596,-60.68491,0.02516,8.05512,30.442,0.032450,1800.776
56069.893252,-60.54821,0.03319,8.04313,30.912,-0.074980,1800.735
56075.788615,-60.51078,0.02761,8.02011,30.192,-0.011210,1800.778
56076.818326,-60.73022,0.03529,8.07559,30.163,-0.049150,1800.798
56101.786777,-60.65253,0.02870,7.97893,30.248,-0.055700,1800.841
56103.782366,-60.71255,0.01969,8.04937,30.321,0.053270,1800.796
56108.832891,-60.72716,0.03353,8.05096,30.385,-0.067280,1800.796
56133.765892,-60.75905,0.02643,8.07510,30.056,-0.046890,1800.777
56135.751516,-60.64218,0.03190,8.09815,28.651,-0.142220,1800.753
56147.744152,-60.73914,0.04144,7.95476,26.863,-0.047380,2700.746
56151.718366,-60.56578,0.02640,7.99750,29.524,0.086710,2700.607
56154.664701,-60.64301,0.05536,8.11592,29.581,-0.057460,1800.799
56158.595576,-60.75601,0.02555,7.92280,30.002,-0.028690,1800.841
56181.617460,-60.64235,0.01367,7.97978,29.506,0.016270,2700.606
56182.616959,-60.80774,0.01615,7.95422,29.259,0.012570,2700.707
56204.525708,-60.82325,0.02655,8.06633,27.984,-0.014020,2700.603
56230.518367,-60.64910,0.02851,7.95769,22.694,-0.005470,2700.696
56431.902050,-60.84674,0.02090,7.98365,30.384,-0.009980,2700.679
56455.806063,-60.72687,0.02870,7.95465,29.802,-0.022730,1800.797
56487.786778,-60.74249,0.02033,7.98515,30.749,0.003280,2700.713
56509.710623,-60.66513,0.01397,7.95360,30.834,-0.022760,2700.732
56511.692477,-60.85952,0.02225,7.94794,30.979,0.016570,1800.741
56518.621811,-60.71971,0.01770,7.97615,30.608,0.009070,1620.506
56531.555446,-60.63273,0.03202,7.97035,29.748,0.008040,2700.637
56547.652096,-60.58724,0.01827,8.03302,30.090,0.023450,2700.599
56548.506904,-60.61018,0.01534,7.99134,28.749,-0.031960,2700.680
56556.531108,-60.54362,0.05433,8.01616,29.137,-0.010450,2700.631
56560.494763,-60.71382,0.03762,7.96320,29.254,0.012840,1800.774
56565.533770,-60.70908,0.01949,7.86719,29.094,-0.027110,2700.712
56573.536534,-60.65052,0.01500,7.97570,29.996,-0.003240,2700.713
56585.548076,-60.46305,0.01694,7.98314,29.017,0.052100,2700.649
56595.517658,-60.51555,0.01739,7.94433,29.102,0.009940,2700.571
56602.513782,-60.25658,0.02280,8.11640,27.697,0.026790,2700.797
56610.522915,-60.19533,0.02343,7.99369,28.294,0.073350,2700.613
56764.896812,-58.50304,0.01351,8.03570,30.083,0.009100,2700.766
56776.887472,-58.68466,0.02343,7.97764,30.796,0.027330,2700.763
56804.815200,-58.96099,0.02049,7.95361,30.061,-0.004760,2700.910
56811.785740,-58.86942,0.01887,8.04819,30.119,0.039300,2700.909
56835.751223,-59.01187,0.03321,8.10950,28.842,-0.030520,2700.800
56856.750436,-59.28657,0.01680,8.01407,29.501,-0.037120,2700.187
56886.668064,-59.46175,0.01926,7.92853,30.839,-0.033990,2700.767
56920.621957,-59.54393,0.02171,8.03739,27.815,-0.016030,2700.428
56954.527818,-59.78127,0.02459,7.99078,24.160,0.003790,2699.955
57186.791639,-60.24486,0.03042,7.95261,34.569,0.014990,2700.846
57194.736148,-60.23109,0.04093,7.89406,34.000,0.067090,2700.943
57211.722549,-60.44937,0.06100,7.91874,33.627,-0.069340,2700.764
57256.542816,-60.39378,0.04425,7.97087,32.551,-0.077020,2700.014
57271.550777,-60.56686,0.04207,7.93436,32.440,-0.116350,2452.822
57294.561176,-60.47338,0.03198,7.90803,32.325,0.032180,2700.157
57324.515825,-60.41128,0.05112,7.96576,32.327,0.018660,2700.768
57584.816334,-60.83346,0.09427,8.04004,33.592,0.000220,600.528
57595.700710,-60.85481,0.05770,7.87866,32.934,-0.161660,1800.381
57650.537435,-60.75600,0.02171,7.81752,32.403,-0.050370,2700.072
57652.595356,-60.87248,0.01754,7.90775,32.227,-0.033450,2700.069
57661.566328,-60.75291,0.01948,7.98951,32.002,-0.093510,2700.037
57680.545006,-60.81445,0.04449,7.85147,31.815,0.020240,1800.422
57682.504365,-60.89638,0.02700,7.86095,32.269,-0.034400,1800.000
56403.902377,-60.75558,0.01422,6.77096,36.778,0.00282,-4.5026,600.000
56407.886489,-60.90138,0.01261,6.79512,36.264,0.02080,-4.9904,600.001
56411.902064,-73.15969,0.09454,1.71111,2.286,789.3231,-4.3391,600.000
56438.878243,-60.76828,0.01674,6.81762,37.631,-0.00578,0.0000,900.000
56454.847018,-60.87117,0.01534,6.72971,36.706,-0.03163,-4.5769,600.001
56457.848776,-60.77664,0.02008,6.77591,36.474,0.00183,-4.8998,600.001
56459.922794,-60.93969,0.01386,6.78047,36.319,-0.02629,-4.6482,600.001
56510.582235,-60.74526,0.01857,6.81107,36.977,0.06192,-5.1550,600.001
56510.591263,-60.70229,0.01341,6.82417,36.599,0.00540,-4.7085,600.001
56510.601795,-60.72294,0.00980,6.75473,36.746,-0.00742,-4.8678,900.002
56510.613242,-60.73820,0.00957,6.85763,36.762,-0.01984,-4.8574,900.001
56510.624769,-60.72645,0.00900,6.77831,36.900,-0.03973,-4.8572,900.000
56510.636309,-60.73310,0.00930,6.79062,36.931,-0.04372,-4.8415,900.001
56510.647628,-60.74584,0.00988,6.77485,36.935,0.00680,-5.0261,900.001
56510.659260,-60.74602,0.00985,6.78777,37.029,0.00791,-5.0380,900.001
56510.670810,-60.75529,0.01062,6.81317,37.005,0.01163,-4.8874,900.001
56510.682546,-60.75335,0.01157,6.77487,37.079,-0.04139,-4.7392,900.000
56510.693877,-60.74670,0.01072,6.78601,36.671,-0.02780,-4.9557,900.002
56510.705324,-60.74468,0.01284,6.76216,36.814,0.02584,-4.7414,900.001
56510.717072,-60.75111,0.01365,6.77729,36.867,0.01253,-4.7217,900.001
56510.728495,-60.75617,0.01286,6.80405,36.945,-0.03819,-4.8408,900.001
56510.740046,-60.78206,0.01203,6.75481,37.010,-0.00396,-4.8697,900.000
56510.751689,-60.77077,0.01090,6.79623,36.943,-0.00076,-4.8492,900.001
56510.763124,-60.75516,0.01073,6.76794,37.020,-0.01169,-4.9515,900.001
56510.774455,-60.75574,0.01039,6.79067,36.959,0.00137,-4.8302,900.001
56510.786527,-60.78525,0.01380,6.74017,36.801,-0.01100,-4.8926,900.000
56511.701655,-60.81984,0.01049,6.77291,36.841,-0.03984,-5.0031,900.001
56564.490867,-60.51083,0.01246,6.78860,36.623,-0.02331,-4.6955,600.001
56565.479782,-60.69072,0.01538,6.75616,35.156,-0.01447,-4.6229,600.000
56736.904747,-58.61384,0.01996,6.74955,37.023,-0.06442,-4.8966,900.001
56761.912737,-58.54571,0.01394,6.80035,37.818,-0.03933,0.0000,900.001
56801.852737,-58.92484,0.03752,6.73650,39.960,0.02316,0.0000,900.001
56927.561062,-59.65603,0.01215,6.81727,37.578,-0.01936,-5.1153,900.002