2455535.647447,25.2667,8.5,-0.0341
2455536.647197,25.7970,8.5,-0.0363
2455537.656077,25.2840,10.1,0.0054
2455538.646866,25.7690,9.3,-0.0554
2455541.573212,25.2571,8.8,0.0006
2455541.735749,25.3342,11.0,-0.0410
2455542.556058,25.7772,9.7,-0.0461
2455542.748534,25.6809,11.3,-0.0453
2455543.671498,25.3436,14.5,-0.0548
2455557.628117,25.5093,10.1,-0.0214
2455561.641322,25.6004,10.9,-0.0256
2455562.627319,25.4723,9.6,-0.0088
2455563.667964,25.6645,13.0,0.0068
2455564.633499,25.3992,10.5,-0.0214
2455565.645557,25.6610,11.8,0.0061
2456532.6842500,25.29631,0.00383
2456569.6643312,25.36518,0.00386
2456607.6314376,25.64237,0.00339
2456620.4436009,25.40712,0.00294
2456699.3507228,25.51710,0.00321
2456876.7137421,25.33778,0.00911
2456977.4624957,25.82002,0.00404
2456987.5725220,25.70080,0.00405
2456998.5113404,25.52647,0.00905