2456717.73665239,31104.662293,11.669780,8914.831297,12.607475,-76.502583,16.503561,46.955980,1e-06,0.304370,0.006077,0.146836,0.003548,0.032272,0.008694,0.000000,0.000000,24.965683,CORALIE07,
2456749.88330616,30997.577306,12.549054,8924.615888,12.621313,-56.595952,17.747043,49.054307,1e-06,0.300747,0.006634,0.117326,0.003558,-0.226151,0.008226,0.000000,0.000000,16.294834,CORALIE07,
2456772.83833124,31000.849481,11.263651,8907.261900,12.596771,-18.750017,15.929208,47.257400,1e-06,0.316740,0.006008,0.130239,0.003285,-1.474105,0.305216,0.000000,0.000000,7.299227,CORALIE07,
2456779.80482489,31004.541090,14.865954,8801.277108,12.446885,-109.244715,21.023634,26.883461,1e-06,0.390817,0.006478,0.365996,0.005233,0.685438,0.005839,0.000000,0.000000,4.317844,CORALIE07,
2456781.68823019,31090.659302,13.044311,8858.369821,12.527627,-94.465080,18.447442,43.735524,1e-06,0.289380,0.006406,0.150351,0.003915,0.519821,0.017502,0.000000,0.000000,3.679425,CORALIE07,
2456782.75296464,31105.095322,12.152466,8813.312227,12.463906,-82.042991,17.186182,47.816327,1e-06,0.290022,0.006303,0.119558,0.003512,1.915173,0.219949,0.000000,0.000000,3.098895,CORALIE07,
2456803.73759273,31066.276753,26.615648,8878.628291,12.556277,-51.549745,37.640210,48.014362,1e-06,0.278886,0.010396,0.089414,0.006086,0.545986,0.020449,0.000000,0.000000,-6.036623,CORALIE07,
2456808.75158589,31032.977086,18.090928,8857.761615,12.526767,-110.536809,25.584436,48.853949,1e-06,0.280425,0.008021,0.097536,0.004500,0.029658,0.021006,0.000000,0.000000,-8.170557,CORALIE07,
2456810.73750268,31055.267033,17.315972,8875.904139,12.552424,-36.089173,24.488482,46.891111,1e-06,0.271379,0.007589,0.111805,0.004440,36.535010,48.033498,0.000000,0.000000,-8.973123,CORALIE07,
2456811.69973084,31025.921024,15.074521,8817.180463,12.469376,-7.925133,21.318592,46.961467,1e-06,0.289676,0.007119,0.114923,0.003990,-1.435098,0.102541,0.000000,0.000000,-9.314889,CORALIE07,
2456813.73159885,30990.535654,32.241682,8902.436087,12.589946,-103.735815,45.596624,23.460856,1e-06,0.333487,0.009124,0.400968,0.008999,0.860024,0.009970,0.000000,0.000000,-10.178112,CORALIE07,
2456814.74102061,30968.204517,16.026222,8913.840286,12.606074,-138.006072,22.664501,47.813425,1e-06,0.298435,0.007375,0.116293,0.004103,0.602286,0.034945,0.000000,0.000000,-10.590777,CORALIE07,
2456830.68796066,31018.795295,16.039523,8936.845509,12.638608,-127.125765,22.683312,45.640132,1e-06,0.287056,0.007272,0.122914,0.004275,-0.035064,0.013861,0.000000,0.000000,-16.394226,CORALIE07,
2456833.58020731,31036.692550,15.199806,8871.444815,12.546118,-62.973712,21.495772,45.248296,1e-06,0.306868,0.007222,0.119353,0.003953,0.219106,0.047124,0.000000,0.000000,-17.192552,CORALIE07,
2456840.60592619,31022.667958,22.614084,8842.128849,12.504659,-0.242972,31.981144,45.628634,1e-06,0.301744,0.007971,0.139899,0.005355,-0.369149,0.052754,0.000000,0.000000,-19.387662,CORALIE07,
2456853.53751253,31124.807495,57.338543,8873.483605,12.549001,-1.907043,81.088945,33.423973,1e-06,0.341559,0.017670,0.209434,0.013161,0.949045,0.035324,0.000000,0.000000,-22.486911,CORALIE07,
2456855.61273790,30985.847820,14.624366,8897.092275,12.582389,-45.435312,20.681976,45.478226,1e-06,0.293390,0.007008,0.129581,0.004075,-0.136338,0.045647,0.000000,0.000000,-23.024822,CORALIE07,
2456856.59422537,30976.695051,11.998287,8883.214617,12.562763,-42.267611,16.968140,44.927237,1e-06,0.364703,0.006806,0.137530,0.003555,0.442274,0.021415,0.000000,0.000000,-23.192995,CORALIE07,
2456880.53254910,31024.830635,17.319255,8877.330842,12.554442,-91.941115,24.493125,42.120512,1e-06,0.308083,0.006721,0.156040,0.004329,0.653257,0.024050,0.000000,0.000000,-25.723009,CORALIE07,
2456888.54232948,31037.307192,15.087348,8973.913101,12.691030,-79.290079,21.336732,44.979910,1e-06,0.302666,0.007142,0.136173,0.004182,0.489205,0.037085,0.000000,0.000000,-25.711265,CORALIE07,
2456889.52621581,31042.741665,12.397872,8838.509693,12.499540,-26.772963,17.533238,47.244012,1e-06,0.303956,0.006355,0.118548,0.003457,-4.549924,0.050696,0.000000,0.000000,-25.658366,CORALIE07,
2456910.48465720,31046.195153,25.528135,8973.228886,12.690062,-77.654216,36.102235,18.877409,1e-06,0.374409,0.007744,0.501198,0.007638,0.693591,0.005750,0.000000,0.000000,-23.150778,CORALIE07,
2457031.85994539,31006.819690,18.958760,8865.912625,12.538294,-44.596169,26.811735,48.853597,1e-06,0.309159,0.007948,0.141485,0.004592,0.125280,0.032213,0.000000,0.000000,22.425685,CORALIE14,
2457072.87336473,30979.149468,14.686884,8808.654185,12.457318,-103.922140,20.770391,48.514326,1e-06,0.286028,0.006394,0.146623,0.003878,0.622369,0.024870,0.000000,0.000000,25.935683,CORALIE14,
2457085.80107186,30883.188725,16.026096,8875.980936,12.552533,-87.597542,22.664323,49.037624,1e-06,0.282107,0.006794,0.133347,0.003992,0.201304,0.026546,0.000000,0.000000,24.384059,CORALIE14,
2457086.74260622,30907.831271,16.378504,8906.492454,12.595682,-77.562925,23.162703,48.841945,1e-06,0.282890,0.006990,0.146870,0.004293,0.618106,0.029176,0.000000,0.000000,24.305272,CORALIE14,
2457111.67974096,30951.063531,22.393087,8827.836645,12.484446,-32.937802,31.668607,49.197140,1e-06,0.265704,0.006823,0.114783,0.004302,0.348299,0.043275,0.000000,0.000000,17.810822,CORALIE14,
2457112.85851323,30933.311593,39.715421,8825.062814,12.480524,-83.880588,56.166087,49.612335,1e-06,0.285094,0.009278,0.146703,0.006860,-0.566015,0.112108,0.000000,0.000000,17.112759,CORALIE14,
2457114.83854385,30930.998493,27.848360,8840.244222,12.501993,-112.869183,39.383529,48.726059,1e-06,0.280270,0.007633,0.114816,0.004925,0.269878,0.052677,0.000000,0.000000,16.458632,CORALIE14,
2457139.68574167,30995.509279,24.715146,8804.294454,12.451153,1.651044,34.952494,49.668495,1e-06,0.272132,0.007320,0.093785,0.004369,0.131957,0.059707,0.000000,0.000000,6.843426,CORALIE14,
2457194.67667381,30964.494511,32.236228,8840.384539,12.502192,-83.820206,45.588911,53.542661,1e-06,0.263673,0.008704,0.082223,0.005490,0.220175,0.053862,0.000000,0.000000,-15.964055,CORALIE14,
2457405.83694040,30905.916764,15.112068,8890.453185,12.572999,-64.182293,21.371692,50.029550,1e-06,0.286496,0.004860,0.113913,0.002832,0.305641,0.035388,0.000000,0.000000,24.314542,CORALIE14,
2457412.84526021,30889.044840,20.631003,8959.138662,12.670135,-54.034611,29.176644,49.581931,1e-06,0.268715,0.005731,0.125752,0.003706,0.207708,0.041010,0.000000,0.000000,25.365506,CORALIE14,
2457426.84822632,30933.505193,11.785808,8825.187572,12.480700,-49.193297,16.667650,49.806525,1e-06,0.287676,0.005410,0.117901,0.002920,0.363899,0.020346,0.000000,0.000000,26.352791,CORALIE14,
2457428.82227642,30950.959221,9.487240,8824.949494,12.480363,-54.347095,13.416984,49.828232,1e-06,0.299273,0.004883,0.122340,0.002570,0.361339,0.015941,0.000000,0.000000,26.401268,CORALIE14,
2457455.88963994,30913.002225,14.611767,8862.087723,12.532885,-96.541541,20.664160,49.945047,1e-06,0.293246,0.006181,0.129106,0.003492,0.425729,0.029591,0.000000,0.000000,23.314488,CORALIE14,
2457484.75663684,30930.073373,12.437146,8842.388079,12.505025,-45.002017,17.588780,49.548479,1e-06,0.277976,0.005319,0.108732,0.002825,0.452975,0.023991,0.000000,0.000000,14.927819,CORALIE14,
2457548.66992385,30973.697506,13.395032,8851.184016,12.517464,-16.875145,18.943436,49.626834,1e-06,0.275452,0.005673,0.100487,0.002959,0.605672,0.026689,0.000000,0.000000,-11.834389,CORALIE14,
2457807.78940591,31107.650792,14.809021,8831.869120,12.490149,-43.906361,20.943118,49.631283,1e-06,0.300256,0.006405,0.114896,0.003468,0.382504,0.025225,0.000000,0.000000,25.657889,CORALIE14,
2457814.86410615,31118.905379,10.227171,8841.095762,12.503198,-51.256189,14.463404,49.238431,1e-06,0.290246,0.004983,0.119105,0.002664,0.428185,0.017592,0.000000,0.000000,24.540282,CORALIE14,
2457850.62687922,31139.052399,21.004658,8892.050441,12.575258,-24.965388,29.705072,49.262914,1e-06,0.265024,0.007105,0.104744,0.004090,0.454451,0.047462,0.000000,0.000000,14.884916,CORALIE14,
2457890.60954413,31084.570868,17.911818,8861.857164,12.532559,-60.954848,25.331136,49.617509,1e-06,0.283022,0.006918,0.107906,0.003834,0.376135,0.031950,0.000000,0.000000,-1.957702,CORALIE14,
2457949.57446668,31119.154993,18.139533,8914.460862,12.606951,-18.884579,25.653174,49.838555,1e-06,0.273923,0.006758,0.123059,0.004004,0.471697,0.035019,0.000000,0.000000,-22.599143,CORALIE14,
2458168.86611666,31162.651463,15.772623,8885.541711,12.566054,-29.267218,22.305858,51.892624,1e-06,0.286440,0.006438,0.118864,0.003637,0.433979,0.031019,0.000000,0.000000,25.934870,CORALIE14,
2458205.83637135,31167.413645,14.372734,8868.705046,12.542243,-45.471714,20.326115,51.557313,1e-06,0.289979,0.006053,0.113963,0.003240,0.839537,0.032740,0.000000,0.000000,18.094341,CORALIE14,
2458537.70831475,31173.039061,32.404203,8987.694324,12.710519,-230.146374,45.826463,50.941595,1e-06,0.280751,0.006937,0.132893,0.004986,0.367979,0.134511,0.000000,0.000000,25.816272,CORALIE14,
2458576.85512151,31139.080297,30.510180,8920.546362,12.615558,-87.648004,43.147911,51.178764,1e-06,0.291290,0.007564,0.115293,0.005006,0.209712,0.069843,0.000000,0.000000,16.112378,CORALIE14,
2458635.73804677,31220.184980,29.612164,8934.275123,12.634973,-87.220367,41.877924,50.198525,1e-06,0.285801,0.007814,0.098823,0.004832,0.130838,0.058294,0.000000,0.000000,-8.421517,CORALIE14,
2458637.56054081,31204.807900,22.054146,8882.594528,12.561886,-135.634993,31.189272,50.260042,1e-06,0.275548,0.006566,0.111391,0.003977,0.432010,0.050454,0.000000,0.000000,-8.885291,CORALIE14,
2458639.61313859,31125.513143,23.787105,8884.033551,12.563921,-26.351947,33.640046,50.558201,1e-06,0.286996,0.007040,0.106136,0.004186,0.468474,0.052090,0.000000,0.000000,-9.815000,CORALIE14,
2458890.77020664,30988.077948,35.024008,8999.720542,12.727527,-108.108713,49.531427,49.681126,1e-06,0.311985,0.007167,0.111570,0.004732,0.076870,0.070436,0.000000,0.000000,26.463776,CORALIE14,
2459250.79901148,31123.731931,51.284431,8973.706944,12.690738,-40.905147,72.527137,50.500561,1e-06,0.239938,0.008005,0.179977,0.007321,0.389298,0.120078,0.000000,0.000000,26.382386,CORALIE14,
2459264.82234224,31148.634484,38.422620,8893.919131,12.577901,-42.936310,54.337790,49.622808,1e-06,0.267205,0.007451,0.125564,0.005524,-0.162461,0.084458,0.000000,0.000000,26.001465,CORALIE14,
2459267.80057266,31072.133284,31.935037,8861.961225,12.532706,-41.832686,45.162963,49.647109,1e-06,0.285325,0.006903,0.117526,0.004685,-0.306805,0.064145,0.000000,0.000000,25.753368,CORALIE14,
2459270.82059757,31146.837333,36.579024,9003.123601,12.732340,-111.918357,51.730552,48.865922,1e-06,0.294817,0.007403,0.160294,0.005530,0.650064,0.068293,0.000000,0.000000,25.366267,CORALIE14,
2459313.76439322,31177.990872,37.186351,8935.155034,12.636217,-57.249959,52.589441,48.630621,1e-06,0.271514,0.007129,0.102846,0.005130,0.107891,0.054089,0.000000,0.000000,13.905992,CORALIE14,
2459343.74796327,31151.799584,87.540416,8982.664459,12.703406,-163.682041,123.800844,47.720784,1e-06,0.350354,0.014061,0.121494,0.011477,1.184867,0.198359,0.000000,0.000000,1.292246,CORALIE14,
2459374.65916209,31085.410697,30.257261,8915.524969,12.608456,2.975039,42.790229,48.488994,1e-06,0.278764,0.006892,0.089100,0.004485,1.373257,0.065165,0.000000,0.000000,-11.676181,CORALIE14,
2459421.52299861,31206.949334,38.666362,8914.571457,12.607108,-39.399475,54.682493,48.897624,1e-06,0.320425,0.008981,0.108163,0.005946,0.690520,0.073461,0.000000,0.000000,-24.395431,CORALIE14,
2459441.50598573,31207.376193,93.038765,9026.803094,12.765827,219.427120,131.576683,46.665335,1e-06,0.475569,0.022198,0.113156,0.015589,-0.952490,0.540276,0.000000,0.000000,-25.716956,CORALIE14,
2459460.48774659,31132.235986,39.750945,8897.600456,12.583107,-175.448443,56.216325,49.012962,1e-06,0.346733,0.008477,0.091089,0.005643,0.301746,0.088944,0.000000,0.000000,-24.283456,CORALIE14,
2459585.84591729,31257.130525,30.433361,8926.027497,12.623309,-70.704387,43.039272,48.817079,1e-06,0.304668,0.007043,0.121964,0.004712,0.805480,0.065394,0.000000,0.000000,21.772114,CORALIE14,
2459620.80145690,31316.277595,29.131041,8898.452132,12.584312,-37.471583,41.197514,49.085352,1e-06,0.327517,0.006211,0.121978,0.004191,-0.403687,0.040603,0.000000,0.000000,26.438000,CORALIE14,
2459624.78262691,31180.877145,27.245294,8903.229696,12.591068,-35.682280,38.530664,49.812523,1e-06,0.298080,0.006659,0.129574,0.004565,0.335615,0.044944,0.000000,0.000000,26.367592,CORALIE14,
2459648.74828436,31285.855307,17.893938,8836.945879,12.497329,7.152890,25.305850,49.946178,1e-06,0.323939,0.006317,0.138392,0.003746,0.372471,0.029839,0.000000,0.000000,23.277884,CORALIE14,
2459689.67318548,31194.867352,27.426196,8842.972444,12.505852,11.434265,38.786499,49.044365,1e-06,0.293121,0.008463,0.128186,0.005192,0.345372,0.042515,0.000000,0.000000,9.786120,CORALIE14,
2459703.67734296,31176.973686,17.764632,8859.775262,12.529614,-32.948261,25.122984,50.020547,1e-06,0.298328,0.005688,0.114423,0.003326,0.297108,0.019411,0.000000,0.000000,3.749011,CORALIE14,
2459724.77238650,31202.728369,21.900665,8849.900143,12.515649,-12.238396,30.972218,50.009775,1e-06,0.291284,0.006005,0.102049,0.003573,0.463723,0.043815,0.000000,0.000000,-5.622209,CORALIE14,
2459750.65927053,31298.910771,35.745708,8927.609066,12.625546,-83.777672,50.552065,50.094109,1e-06,0.298466,0.007771,0.105212,0.005264,0.117272,0.087383,0.000000,0.000000,-15.620922,CORALIE14,
2459996.88794484,31294.285185,37.213492,8932.441683,12.632380,-81.360235,52.627825,47.654643,1e-06,0.365268,0.007787,0.095736,0.005073,0.595725,0.047696,0.000000,0.000000,25.760009,CORALIE14,
2460011.89698716,31266.395133,35.730029,9004.200030,12.733862,-142.263579,50.529892,48.268202,1e-06,0.348626,0.007011,0.168544,0.005480,-1.245820,0.059198,0.000000,0.000000,23.465258,CORALIE14,
2460017.79286637,31258.420920,24.210171,8962.298183,12.674604,-5.176340,34.238352,49.432866,1e-06,0.276197,0.005075,0.125601,0.003635,-0.319915,0.061321,0.000000,0.000000,22.329849,CORALIE14,
2460030.85902694,31282.805949,29.658074,8962.989019,12.675581,-62.504000,41.942850,48.387036,1e-06,0.289727,0.005573,0.114881,0.004132,-0.010505,0.051743,0.000000,0.000000,18.482952,CORALIE14,
2459596.85359639,31196.511476,4.161361,6487.051645,9.174076,52.444050,5.885054,48.777138,1e-06,0.394733,0.004687,0.129231,0.001733,0.532941,0.014666,0.677318,0.036650,24.210677,HARPS,
2459600.82703273,31297.065916,2.846953,6449.484287,9.120948,46.928794,4.026199,49.727143,1e-06,0.358446,0.003416,0.125151,0.001282,0.442074,0.009814,0.569408,0.023612,24.912373,HARPS,
2459601.84852919,31258.967187,2.307253,6448.609283,9.119711,36.133422,3.262949,49.986808,1e-06,0.370833,0.003019,0.120473,0.001070,0.460658,0.007784,0.597115,0.017697,25.039537,HARPS,
2459602.81320430,31225.856100,2.225387,6452.160395,9.124733,33.054677,3.147173,50.314499,1e-06,0.364474,0.002844,0.121052,0.001021,0.354770,0.007620,0.446621,0.018108,25.220474,HARPS,
2459609.81546504,31224.314727,1.970751,6433.557168,9.098424,50.594171,2.787063,50.280378,1e-06,0.356581,0.002589,0.120692,0.000923,0.384474,0.006428,0.500003,0.014613,26.010484,HARPS,
2459610.86107604,31215.372829,2.175628,6435.045283,9.100528,43.466435,3.076803,50.231306,1e-06,0.365951,0.002921,0.120587,0.001025,0.445908,0.007163,0.560304,0.016166,26.029301,HARPS,
2459620.86536289,31350.873305,2.316661,6516.307885,9.215451,52.836372,3.276254,50.106507,1e-06,0.372448,0.003073,0.123827,0.001088,0.434091,0.007739,0.574675,0.017916,26.338729,HARPS,
2459622.88504200,31299.461765,2.028029,6522.538165,9.224262,58.512965,2.868067,50.024268,1e-06,0.380325,0.002832,0.124813,0.000983,0.445661,0.006452,0.581023,0.014123,26.268702,HARPS,
2459625.88370669,31253.669861,2.689774,6494.656477,9.184831,65.597682,3.803915,50.128502,1e-06,0.379830,0.003572,0.133161,0.001301,0.464064,0.009059,0.620406,0.021411,26.159005,HARPS,
2459629.85577601,31282.675349,1.656395,6450.508874,9.122397,56.822653,2.342496,50.351612,1e-06,0.355832,0.002227,0.121512,0.000809,0.389425,0.004756,0.508869,0.010017,25.955495,HARPS,
2459643.73761137,31307.981849,1.833315,6422.764502,9.083161,40.308554,2.592698,50.557537,1e-06,0.355536,0.002363,0.117918,0.000865,0.378602,0.005845,0.485677,0.012952,24.314587,HARPS,
2459643.84851150,31299.313395,1.712335,6428.693320,9.091545,34.086637,2.421608,50.489577,1e-06,0.373471,0.002381,0.122984,0.000850,0.429324,0.005239,0.555118,0.011019,24.114733,HARPS,
2459644.73713595,31270.039268,2.231005,6431.540775,9.095572,35.842830,3.155117,50.286992,1e-06,0.361492,0.002808,0.129138,0.001083,0.431153,0.007388,0.559617,0.016818,24.125913,HARPS,
2459645.75462429,31240.819313,2.191771,6448.642436,9.119758,28.157862,3.099632,50.215160,1e-06,0.358961,0.002779,0.125450,0.001057,0.462136,0.007109,0.593804,0.015819,23.900741,HARPS,
2459645.87966891,31244.741008,2.043597,6446.526695,9.116765,31.510423,2.890082,50.183963,1e-06,0.359758,0.002615,0.120899,0.000957,0.463657,0.007093,0.604000,0.015812,23.663944,HARPS,
2459646.71633210,31248.368113,1.969494,6467.562606,9.146515,33.857479,2.785285,50.044858,1e-06,0.362422,0.002528,0.132425,0.000968,0.468704,0.006455,0.609898,0.014032,23.756887,HARPS,
2459646.84188594,31254.620714,2.165894,6471.896870,9.152644,33.693545,3.063037,50.042324,1e-06,0.357499,0.002830,0.128749,0.001062,0.486153,0.006946,0.596019,0.015183,23.532172,HARPS,
2459647.72550826,31286.243954,2.100091,6490.413829,9.178831,36.524593,2.969978,49.954783,1e-06,0.366798,0.002713,0.130921,0.001022,0.460262,0.006796,0.606837,0.015072,23.532791,HARPS,
2459647.83792441,31290.559290,1.871625,6478.455295,9.161919,33.479099,2.646877,50.023694,1e-06,0.363669,0.002563,0.124046,0.000928,0.457497,0.005606,0.594142,0.011911,23.327436,HARPS,
2459648.75634046,31333.459974,1.860918,6496.413099,9.187316,42.115302,2.631736,50.003527,1e-06,0.369972,0.002471,0.126137,0.000907,0.474665,0.005816,0.612284,0.012318,23.264028,HARPS,
2459648.84720395,31334.855150,1.853268,6498.468664,9.190223,36.274594,2.620917,49.967731,1e-06,0.375792,0.002495,0.126453,0.000902,0.460555,0.005871,0.589295,0.012509,23.089685,HARPS,
2459657.81727319,31318.916206,2.723976,6484.596818,9.170605,40.043534,3.852283,49.240463,1e-06,0.365874,0.003404,0.131068,0.001312,0.481334,0.008148,0.617375,0.018421,20.896188,HARPS,
2459658.77261715,31279.039673,2.041387,6473.088215,9.154329,61.210662,2.886958,49.775158,1e-06,0.364979,0.002706,0.126794,0.001014,0.466827,0.006063,0.590655,0.012996,20.707644,HARPS,
2459658.89763733,31270.000287,2.270047,6474.665852,9.156560,56.158021,3.210332,49.540394,1e-06,0.365806,0.002657,0.130773,0.001040,0.627927,0.009089,0.591105,0.020370,20.459858,HARPS,
2459659.70831774,31233.012680,2.104849,6460.117167,9.135985,53.856627,2.976706,49.785800,1e-06,0.358209,0.002673,0.127180,0.001027,0.478206,0.006603,0.612041,0.014442,20.544103,HARPS,
2459659.89182556,31226.171493,2.287137,6451.248706,9.123443,45.580948,3.234500,49.674320,1e-06,0.370911,0.002725,0.125455,0.001032,0.453681,0.008821,0.587340,0.020733,20.185680,HARPS,
2459660.71693905,31227.972670,1.839229,6439.325466,9.106581,56.895895,2.601062,50.126308,1e-06,0.362543,0.002412,0.122865,0.000894,0.446380,0.005600,0.567047,0.011903,20.239895,HARPS,
2459660.89390691,31228.323649,2.438800,6429.277732,9.092372,58.931696,3.448984,49.767522,1e-06,0.360265,0.002895,0.127648,0.001116,0.463531,0.009272,0.529696,0.021735,19.891626,HARPS,
2459661.67725759,31257.615998,2.790855,6439.969812,9.107493,58.973146,3.946865,49.810988,1e-06,0.358924,0.003387,0.128035,0.001302,0.416435,0.009051,0.544491,0.021656,20.011520,HARPS,
2459661.83249932,31266.744480,2.384414,6429.735920,9.093020,56.485885,3.372071,50.032914,1e-06,0.354450,0.002960,0.121625,0.001112,0.397761,0.007782,0.520498,0.018277,19.714101,HARPS,
2459662.81585070,31310.285776,2.633951,6420.115255,9.079414,42.215020,3.724970,50.090336,1e-06,0.363753,0.003354,0.125183,0.001265,0.459004,0.008229,0.594745,0.018924,19.446144,HARPS,
2459662.89068195,31307.916445,3.424259,6425.044367,9.086385,41.540887,4.842633,49.739868,1e-06,0.367144,0.003786,0.128422,0.001483,0.410926,0.012665,0.529773,0.032024,19.299636,HARPS,
2459663.80633121,31342.725720,2.196302,6436.766003,9.102962,34.267970,3.106040,50.314147,1e-06,0.360765,0.002957,0.122786,0.001092,0.438216,0.006498,0.553147,0.014397,19.157956,HARPS,
2459663.90930075,31336.825437,2.682222,6434.247987,9.099401,31.422170,3.793234,50.016282,1e-06,0.355144,0.002966,0.124807,0.001171,0.447413,0.011653,0.567383,0.028792,18.959989,HARPS,
2459664.72035913,31335.780532,2.178147,6438.798192,9.105836,27.440393,3.080365,50.345028,1e-06,0.366601,0.002919,0.128524,0.001105,0.438290,0.006388,0.561813,0.014083,19.018288,HARPS,
2459664.89978015,31330.179664,2.434354,6444.921733,9.114496,41.824313,3.442696,50.174841,1e-06,0.365096,0.002825,0.128836,0.001100,0.454369,0.009958,0.575350,0.023901,18.662753,HARPS,
2459665.65194515,31306.604388,1.894812,6450.704486,9.122674,35.806148,2.679669,50.489770,1e-06,0.366955,0.002433,0.121087,0.000905,0.373139,0.006000,0.503359,0.013475,18.815492,HARPS,
2459665.86529170,31291.633332,2.132577,6439.295167,9.106539,22.268853,3.015919,50.521564,1e-06,0.365615,0.002658,0.116801,0.000970,0.381672,0.007906,0.487412,0.018590,18.405929,HARPS,
2459666.66549127,31265.458299,2.013362,6440.275275,9.107925,41.848612,2.847324,50.473844,1e-06,0.368715,0.002579,0.118888,0.000955,0.415717,0.006541,0.535257,0.014575,18.471990,HARPS,
2459666.84245806,31250.201235,2.142570,6445.552233,9.115387,36.327629,3.030052,50.475563,1e-06,0.368559,0.002747,0.123532,0.001027,0.405751,0.007453,0.522524,0.017094,18.125123,HARPS,
2459667.68264761,31244.124957,2.346575,6448.394275,9.119407,33.902758,3.318559,50.500699,1e-06,0.366546,0.002889,0.116510,0.001083,0.391382,0.007823,0.498782,0.018221,18.114267,HARPS,
2459667.83604799,31246.163240,2.032426,6453.898575,9.127191,40.583425,2.874284,50.480028,1e-06,0.366954,0.002547,0.119986,0.000954,0.406650,0.007195,0.512189,0.016433,17.806766,HARPS,
2459668.69320521,31266.672762,2.519204,6473.858283,9.155418,44.265210,3.562692,50.392509,1e-06,0.360909,0.003193,0.121160,0.001208,0.352587,0.007470,0.470529,0.017719,17.760147,HARPS,
2459668.87707016,31270.770990,2.992432,6456.829296,9.131336,43.511708,4.231938,50.492979,1e-06,0.357153,0.003358,0.120675,0.001306,0.371224,0.011989,0.485815,0.029958,17.391094,HARPS,
2459669.69259204,31311.840982,1.946258,6455.265184,9.129124,51.459790,2.752424,50.392886,1e-06,0.374773,0.002626,0.117705,0.000943,0.408450,0.005725,0.530386,0.012408,17.420219,HARPS,
2459669.88676987,31312.324407,2.371819,6451.819227,9.124250,52.157492,3.354259,50.403303,1e-06,0.355737,0.002762,0.114632,0.001043,0.413122,0.009521,0.531485,0.022879,17.031971,HARPS,
2459670.67122426,31341.585565,2.162133,6465.362839,9.143404,53.747835,3.057718,50.418281,1e-06,0.363814,0.002706,0.117391,0.001014,0.387789,0.006849,0.503467,0.015728,17.112135,HARPS,
2459670.80690321,31331.274089,3.929943,6469.060288,9.148633,39.210913,5.557779,50.437693,1e-06,0.373718,0.004502,0.116829,0.001685,0.400167,0.014105,0.535818,0.036086,16.839836,HARPS,