4359.71082,57.56557,0.01864
4362.63121,57.79551,0.01883
4364.65260,57.67271,0.02223
4365.73690,57.95703,0.01613
4372.75799,57.58619,0.01496
4376.68882,57.64642,0.01451
4378.66887,57.79207,0.01325
4379.73630,57.50846,0.01470
4380.61034,57.77411,0.01303
4382.79025,57.86396,0.01823
4383.55277,57.51000,0.01434
4387.61904,57.49524,0.01457
4408.66110,57.77556,0.01682
4409.51932,57.82666,0.02156
4762.60256,57.6687,0.0028
4763.62220,57.5637,0.0022
4764.58386,57.9085,0.0035
4765.59031,57.9871,0.0038
4768.60378,57.9109,0.0022
4769.58081,57.9784,0.0023
4769.71186,58.0331,0.0017
4770.58784,57.6591,0.0024
4770.72474,57.7930,0.0023
4771.57892,57.6311,0.0021
4771.68481,57.5752,0.0019
4772.59125,57.9518,0.0025
4773.59429,57.9811,0.0018
4773.70377,58.0346,0.0024
5378.1027315,-0.246035,0.002637,WASP-4
6152.1204530,0.163529,0.002873,WASP-4
6168.0737474,0.138755,0.002825,WASP-4
6207.9492448,-0.114480,0.002456,WASP-4
6532.0939098,0.138303,0.002351,WASP-4