2455099.33177,-13.2101,0.0083
2455099.34602,-13.2153,0.0086
2455099.35950,-13.2128,0.0087
2455099.37319,-13.2040,0.0086
2455099.38674,-13.2146,0.0086
2455099.40012,-13.2218,0.0085
2455099.41520,-13.2341,0.0085
2455099.42765,-13.2228,0.0085
2455099.43928,-13.2454,0.0086
2455099.45150,-13.2457,0.0087
2455099.46349,-13.2614,0.0087
2455099.47532,-13.2671,0.0088
2455099.48773,-13.2527,0.0092
2455099.50089,-13.2662,0.0088
2455099.51269,-13.2596,0.0083
2455099.52912,-13.2711,0.0072
2455099.54277,-13.2774,0.0081
2455099.55493,-13.2635,0.0086
2455099.56709,-13.2843,0.0087
2455099.58288,-13.2739,0.0088
2455099.59579,-13.2883,0.0087
2454834.3378,-13.3780,0.0105
2454835.4419,-13.6246,0.0107
2454836.4229,-13.4224,0.0096
2455025.7036,-13.4250,0.0191
2455041.6483,-13.5199,0.0249
2455085.5576,-13.5266,0.0154
2455086.5259,-13.4365,0.0393
2455087.4126,-13.6088,0.0223
2455096.5906,-13.4449,0.0215
2455097.6051,-13.6009,0.0181
2455098.5769,-13.4039,0.0223
2455099.6120,-13.5478,0.0125
2455100.5339,-13.5002,0.0102
2455119.4279,-13.4457,0.0131
2455119.6984,-13.5493,0.0187
2453979.6311,-13.425,0.011,9.7,25.3,37.7,G2,
2453980.5558,-13.484,0.012,9.7,21.7,36.5,G2,During,transit
2453981.5649,-13.587,0.016,9.8,17.1,25.0,G2,Variable,cloud
2453981.6752,-13.520,0.021,9.8,13.8,21.4,G2,Variable,cloud
2453982.4167,-13.376,0.014,9.8,17.8,31.5,G2,
2453982.5843,-13.412,0.013,10.0,19.3,33.3,G2,
2453982.6758,-13.398,0.012,10.0,22.0,35.0,G2,
2454345.8373237,0.035908,0.001889,WASP-1
2455427.1069828,-0.019257,0.002384,WASP-1
2455841.9138308,0.110165,0.003584,WASP-1
2455851.9313600,0.088609,0.003384,WASP-1
2455880.8863596,-0.061222,0.003298,WASP-1
2455903.9467500,-0.115991,0.003545,WASP-1
2455931.7220993,-0.104407,0.003227,WASP-1
2456138.0691239,-0.101974,0.003228,WASP-1
2456164.1171725,15.923,0.003044,WASP-1
2456160.6894264,-13.46894,0.00616
2456506.5838542,-13.42937,0.00739
2456527.7139040,-13.25902,0.00571
2456531.6627856,-13.45635,0.00306
2456532.6714804,-13.24898,0.00319
2456544.5981503,-13.36440,0.00319
2456619.4235758,-13.47181,0.00949
2456623.3423681,-13.23372,0.00370
2456878.6758291,-13.41422,0.00292
2457270.7194988,-13.27444,0.00417