14186.9460,131.54092000000,3.0683100,0.1490
14187.9520,84.42407200000,2.7967700,0.1590
14188.9530,-101.12549000000,2.6729900,0.1500
14216.7680,154.79669000000,2.7272800,0.1480
14247.8110,-135.85826000000,3.3026500,0.1730
14248.7830,-55.02510100000,4.0265400,0.1730
14249.7890,131.28758000000,3.6777700,0.1440
14251.7860,-131.31228000000,3.8751100,0.1290
14428.0250,-127.50717000000,2.9475900,0.1500
14430.1190,162.98741000000,3.4715100,0.1460
14455.9730,83.66963400000,3.4724100,0.1450
14547.9200,87.22942500000,7.1742200,0.1640
14548.8150,-56.30121500000,2.4734500,0.1520
14548.8950,-75.71383200000,2.1618400,0.1500
14602.7450,58.49720200000,2.4831100,0.1510
14603.7460,-123.40645000000,2.6341100,0.1530
15255.9090,73.82411900000,2.6012500
15961.0370,-108.22227000000,3.0378200
15991.9090,148.87360000000,4.1005700
15999.7790,65.34999800000,2.8618300
16018.8800,-85.50626200000,3.6024200
16027.7810,-125.36055000000,2.5712600
16197.1200,138.54990000000,2.8184500
16203.1350,-79.91823500000,3.1120000
16208.0890,-136.66385000000,3.2252100