2455210.75952,169.41,16.13
2455210.76897,154.86,12.81
2455211.03700,174.33,10.06
2455211.05170,163.09,16.51
2455211.06638,173.97,16.29
2455211.81802,45.11,10.91
2455211.82923,32.15,12.19
2455211.84044,26.67,11.31
2455211.85165,21.03,10.25
2455211.86285,37.17,10.35
2455211.87405,78.81,9.42
2455211.88526,72.01,9.11
2455211.89646,61.92,9.83
2455211.90768,67.59,9.19
2455211.91890,38.45,11.15
2455211.93011,27.91,11.16
2455211.94132,23.14,9.01
2455211.95255,22.51,9.83
2455211.96377,-5.80,10.34
2455211.97497,-20.92,9.45
2455211.98619,-38.70,10.70
2455211.99740,-52.24,8.29
2455212.00861,-49.20,10.16
2455212.01982,-68.05,12.48
2455212.03102,-24.63,11.57
2455212.04223,-35.98,9.33
2455212.05343,-29.42,9.41
2455212.07586,-18.34,11.22
2455212.08708,-42.78,9.52
2455232.06436,114.02,18.42
2455232.07383,97.09,13.09
2455232.08330,107.35,12.66
2455333.73171,-15.49,15.33
2455333.74176,47.77,12.39
2455333.75088,23.27,11.23
2455333.76001,26.43,13.70
2455333.76915,54.67,13.64
2455255.9017593,63.246,3.957,XO-4
2455842.1114886,71.217,4.460,XO-4
2455850.1427354,81.640,4.499,XO-4
2455902.9822290,-57.074,4.879,XO-4
2455929.0739816,73.517,4.785,XO-4
2456197.1164440,73.687,4.346,XO-4
2456203.1310929,-237.499,4.661,XO-4
2456208.0820118,-80.404,4.862,XO-4
2456319.8244416,7.725,4.765,XO-4
2456295.6491939,1608.30,5.41
2456296.6236265,1496.28,4.87
2456297.6913214,1273.05,9.83
2456298.6825567,1397.59,6.41
2456299.7048437,1599.99,4.57
2456305.5806440,1322.85,5.73
2456322.6691778,1278.74,5.51
2456375.4208768,1396.26,5.78
2456400.3709072,1339.21,15.63
2456616.7253932,1519.01,10.50
2456617.7492475,1616.90,4.75
2456699.4446431,1549.99,4.27
2456701.4800703,1357.27,5.56
2456909.7281071,1531.60,5.48
